 
--------------------------------------------------------------------------------
 92-U -235   T= 0.00 K from IAEA/PD-2019       (ACEMAKER)
 ZAID= 92235.38u  MAT=9228  ZA= 92235
 AWR= 233.024800  STA=  0  ELIS=   0.000 MeV  LIS=  0  LISO=  0
--------------------------------------------------------------------------------
 NTOTR= 248 NTRAN=   2 NPROD= 246 NE=     150 EMAX= 200.000 MeV
   i     MT/MTD     Q [MeV]     T [MeV] LMF  MT    ZAP LFS
   1          5    0.000000    1.000000   3   5
   2         18  193.660000    2.500000   3  18
   3   50077202    0.000000  190.000000   6   5  77202   0
   4   50077203    0.000000  190.000000   6   5  77203   0
   5   50077204    0.000000  190.000000   6   5  77204   0
   6   50078203    0.000000  160.000000   6   5  78203   0
   7   50078204    0.000000  160.000000   6   5  78204   0
   8   50078205    0.000000  160.000000   6   5  78205   0
   9   50078206    0.000000  160.000000   6   5  78206   0
  10   50079204    0.000000  150.000000   6   5  79204   0
  11   50079205    0.000000  150.000000   6   5  79205   0
  12   50079206    0.000000  150.000000   6   5  79206   0
  13   50079207    0.000000  150.000000   6   5  79207   0
  14   50079208    0.000000  150.000000   6   5  79208   0
  15   50079209    0.000000  150.000000   6   5  79209   0
  16   50079210    0.000000  150.000000   6   5  79210   0
  17   50080205    0.000000  130.000000   6   5  80205   0
  18   50080206    0.000000  120.000000   6   5  80206   0
  19   50080207    0.000000  120.000000   6   5  80207   0
  20   50080208    0.000000  120.000000   6   5  80208   0
  21   50080209    0.000000  120.000000   6   5  80209   0
  22   50080210    0.000000  120.000000   6   5  80210   0
  23   50080211    0.000000  120.000000   6   5  80211   0
  24   50080212    0.000000  120.000000   6   5  80212   0
  25   50080213    0.000000  140.000000   6   5  80213   0
  26   50080214    0.000000  140.000000   6   5  80214   0
  27   50080215    0.000000  190.000000   6   5  80215   0
  28   50080216    0.000000  190.000000   6   5  80216   0
  29   50081206    0.000000  130.000000   6   5  81206   0
  30   50081207    0.000000  120.000000   6   5  81207   0
  31   51081207    0.000000  120.000000   6   5  81207   1
  32   50081208    0.000000  110.000000   6   5  81208   0
  33   50081209    0.000000  110.000000   6   5  81209   0
  34   50081210    0.000000  110.000000   6   5  81210   0
  35   50081211    0.000000  110.000000   6   5  81211   0
  36   50081212    0.000000  110.000000   6   5  81212   0
  37   50081213    0.000000  110.000000   6   5  81213   0
  38   50081214    0.000000  110.000000   6   5  81214   0
  39   50081215    0.000000  110.000000   6   5  81215   0
  40   50081216    0.000000  140.000000   6   5  81216   0
  41   50081217    0.000000  150.000000   6   5  81217   0
  42   50081218    0.000000  190.000000   6   5  81218   0
  43   50082207    0.000000  110.000000   6   5  82207   0
  44   51082207    0.000000  110.000000   6   5  82207   1
  45   50082208    0.000000  100.000000   6   5  82208   0
  46   50082209    0.000000   95.000000   6   5  82209   0
  47   50082210    0.000000   95.000000   6   5  82210   0
  48   50082211    0.000000   90.000000   6   5  82211   0
  49   50082212    0.000000   85.000000   6   5  82212   0
  50   50082213    0.000000   80.000000   6   5  82213   0
  51   50082214    0.000000   80.000000   6   5  82214   0
  52   50082215    0.000000   80.000000   6   5  82215   0
  53   50082216    0.000000   80.000000   6   5  82216   0
  54   50082217    0.000000  110.000000   6   5  82217   0
  55   50082218    0.000000  110.000000   6   5  82218   0
  56   50082219    0.000000  150.000000   6   5  82219   0
  57   50082220    0.000000  150.000000   6   5  82220   0
  58   50083208    0.000000  110.000000   6   5  83208   0
  59   50083209    0.000000  100.000000   6   5  83209   0
  60   50083210    0.000000   95.000000   6   5  83210   0
  61   51083210    0.000000   95.000000   6   5  83210   1
  62   50083211    0.000000   95.000000   6   5  83211   0
  63   50083212    0.000000   90.000000   6   5  83212   0
  64   50083213    0.000000   85.000000   6   5  83213   0
  65   50083214    0.000000   80.000000   6   5  83214   0
  66   50083215    0.000000   78.000000   6   5  83215   0
  67   50083216    0.000000   76.000000   6   5  83216   0
  68   51083216    0.000000   76.000000   6   5  83216   1
  69   50083217    0.000000   76.000000   6   5  83217   0
  70   50083218    0.000000   76.000000   6   5  83218   0
  71   50083219    0.000000   76.000000   6   5  83219   0
  72   50083220    0.000000  110.000000   6   5  83220   0
  73   50083221    0.000000  110.000000   6   5  83221   0
  74   50083222    0.000000  150.000000   6   5  83222   0
  75   50083223    0.000000  160.000000   6   5  83223   0
  76   50084209    0.000000  110.000000   6   5  84209   0
  77   50084210    0.000000  100.000000   6   5  84210   0
  78   50084211    0.000000   95.000000   6   5  84211   0
  79   51084211    0.000000   95.000000   6   5  84211   1
  80   50084212    0.000000   85.000000   6   5  84212   0
  81   50084213    0.000000   78.000000   6   5  84213   0
  82   50084214    0.000000   74.000000   6   5  84214   0
  83   50084215    0.000000   66.000000   6   5  84215   0
  84   50084216    0.000000   62.000000   6   5  84216   0
  85   50084217    0.000000   56.000000   6   5  84217   0
  86   50084218    0.000000   52.000000   6   5  84218   0
  87   50084219    0.000000   52.000000   6   5  84219   0
  88   50084220    0.000000   52.000000   6   5  84220   0
  89   50084221    0.000000   74.000000   6   5  84221   0
  90   50084222    0.000000   76.000000   6   5  84222   0
  91   50084223    0.000000  110.000000   6   5  84223   0
  92   50084224    0.000000  120.000000   6   5  84224   0
  93   50084225    0.000000  160.000000   6   5  84225   0
  94   50084226    0.000000  170.000000   6   5  84226   0
  95   50085210    0.000000  110.000000   6   5  85210   0
  96   50085211    0.000000  100.000000   6   5  85211   0
  97   50085212    0.000000   95.000000   6   5  85212   0
  98   51085212    0.000000   95.000000   6   5  85212   1
  99   50085213    0.000000   85.000000   6   5  85213   0
 100   50085214    0.000000   78.000000   6   5  85214   0
 101   50085215    0.000000   74.000000   6   5  85215   0
 102   50085216    0.000000   66.000000   6   5  85216   0
 103   50085217    0.000000   62.000000   6   5  85217   0
 104   50085218    0.000000   56.000000   6   5  85218   0
 105   50085219    0.000000   52.000000   6   5  85219   0
 106   50085220    0.000000   52.000000   6   5  85220   0
 107   50085221    0.000000   50.000000   6   5  85221   0
 108   50085222    0.000000   50.000000   6   5  85222   0
 109   50085223    0.000000   52.000000   6   5  85223   0
 110   50085224    0.000000   72.000000   6   5  85224   0
 111   50085225    0.000000   80.000000   6   5  85225   0
 112   50085226    0.000000  120.000000   6   5  85226   0
 113   50085227    0.000000  120.000000   6   5  85227   0
 114   50085228    0.000000  170.000000   6   5  85228   0
 115   50086211    0.000000  110.000000   6   5  86211   0
 116   50086212    0.000000  100.000000   6   5  86212   0
 117   50086213    0.000000   95.000000   6   5  86213   0
 118   50086214    0.000000   85.000000   6   5  86214   0
 119   50086215    0.000000   76.000000   6   5  86215   0
 120   50086216    0.000000   70.000000   6   5  86216   0
 121   50086217    0.000000   62.000000   6   5  86217   0
 122   50086218    0.000000   54.000000   6   5  86218   0
 123   50086219    0.000000   48.000000   6   5  86219   0
 124   50086220    0.000000   42.000000   6   5  86220   0
 125   50086221    0.000000   34.000000   6   5  86221   0
 126   50086222    0.000000   29.000000   6   5  86222   0
 127   50086223    0.000000   24.000000   6   5  86223   0
 128   50086224    0.000000   34.000000   6   5  86224   0
 129   50086225    0.000000   48.000000   6   5  86225   0
 130   50086226    0.000000   54.000000   6   5  86226   0
 131   50086227    0.000000   72.000000   6   5  86227   0
 132   50086228    0.000000   85.000000   6   5  86228   0
 133   50086229    0.000000  120.000000   6   5  86229   0
 134   50087212    0.000000  110.000000   6   5  87212   0
 135   50087213    0.000000  100.000000   6   5  87213   0
 136   50087214    0.000000   95.000000   6   5  87214   0
 137   50087215    0.000000   85.000000   6   5  87215   0
 138   50087216    0.000000   78.000000   6   5  87216   0
 139   50087217    0.000000   70.000000   6   5  87217   0
 140   50087218    0.000000   64.000000   6   5  87218   0
 141   50087219    0.000000   56.000000   6   5  87219   0
 142   50087220    0.000000   50.000000   6   5  87220   0
 143   50087221    0.000000   42.000000   6   5  87221   0
 144   50087222    0.000000   36.000000   6   5  87222   0
 145   50087223    0.000000   30.000000   6   5  87223   0
 146   50087224    0.000000   26.000000   6   5  87224   0
 147   50087225    0.000000   24.000000   6   5  87225   0
 148   50087226    0.000000   24.000000   6   5  87226   0
 149   50087227    0.000000   36.000000   6   5  87227   0
 150   50087228    0.000000   50.000000   6   5  87228   0
 151   50087229    0.000000   56.000000   6   5  87229   0
 152   50087230    0.000000   85.000000   6   5  87230   0
 153   50088213    0.000000  120.000000   6   5  88213   0
 154   50088214    0.000000  110.000000   6   5  88214   0
 155   50088215    0.000000  100.000000   6   5  88215   0
 156   50088216    0.000000   90.000000   6   5  88216   0
 157   50088217    0.000000   78.000000   6   5  88217   0
 158   50088218    0.000000   72.000000   6   5  88218   0
 159   50088219    0.000000   64.000000   6   5  88219   0
 160   50088220    0.000000   54.000000   6   5  88220   0
 161   50088221    0.000000   48.000000   6   5  88221   0
 162   50088222    0.000000   42.000000   6   5  88222   0
 163   50088223    0.000000   34.000000   6   5  88223   0
 164   50088224    0.000000   26.000000   6   5  88224   0
 165   50088225    0.000000   18.000000   6   5  88225   0
 166   50088226    0.000000   10.500000   6   5  88226   0
 167   50088227    0.000000    5.250000   6   5  88227   0
 168   50088228    0.000000   20.000000   6   5  88228   0
 169   50088229    0.000000   24.000000   6   5  88229   0
 170   50088230    0.000000   36.000000   6   5  88230   0
 171   50088231    0.000000   52.000000   6   5  88231   0
 172   50089214    0.000000  120.000000   6   5  89214   0
 173   50089215    0.000000  110.000000   6   5  89215   0
 174   50089216    0.000000  100.000000   6   5  89216   0
 175   50089217    0.000000   95.000000   6   5  89217   0
 176   50089218    0.000000   85.000000   6   5  89218   0
 177   50089219    0.000000   76.000000   6   5  89219   0
 178   50089220    0.000000   70.000000   6   5  89220   0
 179   50089221    0.000000   62.000000   6   5  89221   0
 180   50089222    0.000000   54.000000   6   5  89222   0
 181   50089223    0.000000   48.000000   6   5  89223   0
 182   50089224    0.000000   40.000000   6   5  89224   0
 183   50089225    0.000000   34.000000   6   5  89225   0
 184   50089226    0.000000   28.000000   6   5  89226   0
 185   50089227    0.000000   20.000000   6   5  89227   0
 186   50089228    0.000000   14.000000   6   5  89228   0
 187   50089229    0.000000   13.500000   6   5  89229   0
 188   50089230    0.000000    9.500000   6   5  89230   0
 189   50089231    0.000000   24.000000   6   5  89231   0
 190   50089232    0.000000   28.000000   6   5  89232   0
 191   50090215    0.000000  130.000000   6   5  90215   0
 192   50090216    0.000000  120.000000   6   5  90216   0
 193   50090217    0.000000  110.000000   6   5  90217   0
 194   50090218    0.000000  100.000000   6   5  90218   0
 195   50090219    0.000000   90.000000   6   5  90219   0
 196   50090220    0.000000   78.000000   6   5  90220   0
 197   50090221    0.000000   72.000000   6   5  90221   0
 198   50090222    0.000000   64.000000   6   5  90222   0
 199   50090223    0.000000   54.000000   6   5  90223   0
 200   50090224    0.000000   48.000000   6   5  90224   0
 201   50090225    0.000000   42.000000   6   5  90225   0
 202   50090226    0.000000   34.000000   6   5  90226   0
 203   50090227    0.000000   26.000000   6   5  90227   0
 204   50090228    0.000000   18.000000   6   5  90228   0
 205   50090229    0.000000   11.000000   6   5  90229   0
 206   50090230    0.000000    5.250000   6   5  90230   0
 207   50090231    0.000000    1.000000   6   5  90231   0
 208   50090232    0.000000   13.000000   6   5  90232   0
 209   50090233    0.000000   15.500000   6   5  90233   0
 210   50091216    0.000000  140.000000   6   5  91216   0
 211   50091217    0.000000  130.000000   6   5  91217   0
 212   50091218    0.000000  120.000000   6   5  91218   0
 213   50091219    0.000000  110.000000   6   5  91219   0
 214   50091220    0.000000  110.000000   6   5  91220   0
 215   50091221    0.000000   95.000000   6   5  91221   0
 216   50091222    0.000000   85.000000   6   5  91222   0
 217   50091223    0.000000   76.000000   6   5  91223   0
 218   50091224    0.000000   68.000000   6   5  91224   0
 219   50091225    0.000000   60.000000   6   5  91225   0
 220   50091226    0.000000   52.000000   6   5  91226   0
 221   50091227    0.000000   44.000000   6   5  91227   0
 222   50091228    0.000000   38.000000   6   5  91228   0
 223   50091229    0.000000   30.000000   6   5  91229   0
 224   50091230    0.000000   24.000000   6   5  91230   0
 225   50091231    0.000000   17.000000   6   5  91231   0
 226   50091232    0.000000   11.000000   6   5  91232   0
 227   50091233    0.000000   10.500000   6   5  91233   0
 228   50091234    0.000000    7.500000   6   5  91234   0
 229   50092217    0.000000  150.000000   6   5  92217   0
 230   50092218    0.000000  140.000000   6   5  92218   0
 231   50092219    0.000000  130.000000   6   5  92219   0
 232   50092220    0.000000  120.000000   6   5  92220   0
 233   50092221    0.000000  110.000000   6   5  92221   0
 234   50092222    0.000000  100.000000   6   5  92222   0
 235   50092223    0.000000   90.000000   6   5  92223   0
 236   50092224    0.000000   80.000000   6   5  92224   0
 237   50092225    0.000000   72.000000   6   5  92225   0
 238   50092226    0.000000   64.000000   6   5  92226   0
 239   50092227    0.000000   56.000000   6   5  92227   0
 240   50092228    0.000000   48.000000   6   5  92228   0
 241   50092229    0.000000   40.000000   6   5  92229   0
 242   50092230    0.000000   32.000000   6   5  92230   0
 243   50092231    0.000000   26.000000   6   5  92231   0
 244   50092232    0.000000   18.500000   6   5  92232   0
 245   50092233    0.000000   12.500000   6   5  92233   0
 246   50092234    0.000000    5.500000   6   5  92234   0
 247   50092235    0.000000    1.000000   6   5  92235   0
 248   51092235    0.000000    1.000000   6   5  92235   1
 
   p   ZAP IP   NR    Tp [MeV]
   1     1  1    2    1.000000
   2     0  2    1    1.000000
   3  1001  9    1    7.000000
   4  1002 31    1   10.500000
   5  1003 32    1   11.000000
   6  2003 33    1   13.000000
   7  2004 34    1    1.000000
--------------------------------------------------------------------------------
 
