 
--------------------------------------------------------------------------------
 92-U -238   T= 0.00 K from IAEA/PD-2019       (ACEMAKER)
 ZAID= 92238.38u  MAT=9237  ZA= 92238
 AWR= 236.005800  STA=  0  ELIS=   0.000 MeV  LIS=  0  LISO=  0
--------------------------------------------------------------------------------
 NTOTR= 218 NTRAN=   2 NPROD= 216 NE=     151 EMAX= 200.000 MeV
   i     MT/MTD     Q [MeV]     T [MeV] LMF  MT    ZAP LFS
   1          5    0.000000    1.000000   3   5
   2         18  197.806000    1.000000   3  18
   3   50078206    0.000000  170.000000   6   5  78206   0
   4   50079207    0.000000  160.000000   6   5  79207   0
   5   50079208    0.000000  160.000000   6   5  79208   0
   6   50079209    0.000000  160.000000   6   5  79209   0
   7   50079210    0.000000  160.000000   6   5  79210   0
   8   50080208    0.000000  130.000000   6   5  80208   0
   9   50080209    0.000000  130.000000   6   5  80209   0
  10   50080210    0.000000  130.000000   6   5  80210   0
  11   50080211    0.000000  130.000000   6   5  80211   0
  12   50080212    0.000000  130.000000   6   5  80212   0
  13   50080213    0.000000  130.000000   6   5  80213   0
  14   50080214    0.000000  130.000000   6   5  80214   0
  15   50080215    0.000000  150.000000   6   5  80215   0
  16   50080216    0.000000  150.000000   6   5  80216   0
  17   50081209    0.000000  130.000000   6   5  81209   0
  18   50081210    0.000000  130.000000   6   5  81210   0
  19   50081211    0.000000  120.000000   6   5  81211   0
  20   50081212    0.000000  120.000000   6   5  81212   0
  21   50081213    0.000000  120.000000   6   5  81213   0
  22   50081214    0.000000  120.000000   6   5  81214   0
  23   50081215    0.000000  120.000000   6   5  81215   0
  24   50081216    0.000000  120.000000   6   5  81216   0
  25   50081217    0.000000  120.000000   6   5  81217   0
  26   50081218    0.000000  150.000000   6   5  81218   0
  27   50082210    0.000000  120.000000   6   5  82210   0
  28   50082211    0.000000  110.000000   6   5  82211   0
  29   50082212    0.000000  100.000000   6   5  82212   0
  30   50082213    0.000000  100.000000   6   5  82213   0
  31   50082214    0.000000   95.000000   6   5  82214   0
  32   50082215    0.000000   90.000000   6   5  82215   0
  33   50082216    0.000000   90.000000   6   5  82216   0
  34   50082217    0.000000   90.000000   6   5  82217   0
  35   50082218    0.000000   90.000000   6   5  82218   0
  36   50082219    0.000000  100.000000   6   5  82219   0
  37   50082220    0.000000  110.000000   6   5  82220   0
  38   50083211    0.000000  120.000000   6   5  83211   0
  39   50083212    0.000000  110.000000   6   5  83212   0
  40   50083213    0.000000  100.000000   6   5  83213   0
  41   50083214    0.000000  100.000000   6   5  83214   0
  42   50083215    0.000000   95.000000   6   5  83215   0
  43   50083216    0.000000   90.000000   6   5  83216   0
  44   51083216    0.000000   90.000000   6   5  83216   1
  45   50083217    0.000000   90.000000   6   5  83217   0
  46   50083218    0.000000   85.000000   6   5  83218   0
  47   50083219    0.000000   85.000000   6   5  83219   0
  48   50083220    0.000000   85.000000   6   5  83220   0
  49   50083221    0.000000   85.000000   6   5  83221   0
  50   50083222    0.000000  100.000000   6   5  83222   0
  51   50083223    0.000000  110.000000   6   5  83223   0
  52   50083224    0.000000  150.000000   6   5  83224   0
  53   50084212    0.000000  110.000000   6   5  84212   0
  54   50084213    0.000000  100.000000   6   5  84213   0
  55   50084214    0.000000   95.000000   6   5  84214   0
  56   50084215    0.000000   90.000000   6   5  84215   0
  57   50084216    0.000000   85.000000   6   5  84216   0
  58   50084217    0.000000   74.000000   6   5  84217   0
  59   50084218    0.000000   70.000000   6   5  84218   0
  60   50084219    0.000000   66.000000   6   5  84219   0
  61   50084220    0.000000   62.000000   6   5  84220   0
  62   50084221    0.000000   60.000000   6   5  84221   0
  63   50084222    0.000000   60.000000   6   5  84222   0
  64   50084223    0.000000   60.000000   6   5  84223   0
  65   50084224    0.000000   78.000000   6   5  84224   0
  66   50084225    0.000000   90.000000   6   5  84225   0
  67   50084226    0.000000  110.000000   6   5  84226   0
  68   50084227    0.000000  160.000000   6   5  84227   0
  69   50085213    0.000000  110.000000   6   5  85213   0
  70   50085214    0.000000  100.000000   6   5  85214   0
  71   50085215    0.000000   95.000000   6   5  85215   0
  72   50085216    0.000000   90.000000   6   5  85216   0
  73   50085217    0.000000   85.000000   6   5  85217   0
  74   50085218    0.000000   74.000000   6   5  85218   0
  75   50085219    0.000000   70.000000   6   5  85219   0
  76   50085220    0.000000   66.000000   6   5  85220   0
  77   50085221    0.000000   62.000000   6   5  85221   0
  78   50085222    0.000000   60.000000   6   5  85222   0
  79   50085223    0.000000   58.000000   6   5  85223   0
  80   50085224    0.000000   58.000000   6   5  85224   0
  81   50085225    0.000000   58.000000   6   5  85225   0
  82   50085226    0.000000   60.000000   6   5  85226   0
  83   50085227    0.000000   74.000000   6   5  85227   0
  84   50085228    0.000000   95.000000   6   5  85228   0
  85   50085229    0.000000  120.000000   6   5  85229   0
  86   50086214    0.000000  110.000000   6   5  86214   0
  87   50086215    0.000000  100.000000   6   5  86215   0
  88   50086216    0.000000   95.000000   6   5  86216   0
  89   50086217    0.000000   85.000000   6   5  86217   0
  90   50086218    0.000000   76.000000   6   5  86218   0
  91   50086219    0.000000   70.000000   6   5  86219   0
  92   50086220    0.000000   64.000000   6   5  86220   0
  93   50086221    0.000000   56.000000   6   5  86221   0
  94   50086222    0.000000   50.000000   6   5  86222   0
  95   50086223    0.000000   44.000000   6   5  86223   0
  96   50086224    0.000000   38.000000   6   5  86224   0
  97   50086225    0.000000   34.000000   6   5  86225   0
  98   50086226    0.000000   29.000000   6   5  86226   0
  99   50086227    0.000000   40.000000   6   5  86227   0
 100   50086228    0.000000   54.000000   6   5  86228   0
 101   50086229    0.000000   60.000000   6   5  86229   0
 102   50086230    0.000000   76.000000   6   5  86230   0
 103   50086231    0.000000  100.000000   6   5  86231   0
 104   50087215    0.000000  110.000000   6   5  87215   0
 105   50087216    0.000000  100.000000   6   5  87216   0
 106   50087217    0.000000   95.000000   6   5  87217   0
 107   50087218    0.000000   85.000000   6   5  87218   0
 108   50087219    0.000000   76.000000   6   5  87219   0
 109   50087220    0.000000   70.000000   6   5  87220   0
 110   50087221    0.000000   64.000000   6   5  87221   0
 111   50087222    0.000000   58.000000   6   5  87222   0
 112   50087223    0.000000   50.000000   6   5  87223   0
 113   50087224    0.000000   46.000000   6   5  87224   0
 114   50087225    0.000000   38.000000   6   5  87225   0
 115   50087226    0.000000   34.000000   6   5  87226   0
 116   50087227    0.000000   29.000000   6   5  87227   0
 117   50087228    0.000000   29.000000   6   5  87228   0
 118   50087229    0.000000   29.000000   6   5  87229   0
 119   50087230    0.000000   40.000000   6   5  87230   0
 120   50087231    0.000000   54.000000   6   5  87231   0
 121   50087232    0.000000   62.000000   6   5  87232   0
 122   50087233    0.000000  100.000000   6   5  87233   0
 123   50088216    0.000000  120.000000   6   5  88216   0
 124   50088217    0.000000  110.000000   6   5  88217   0
 125   50088218    0.000000  100.000000   6   5  88218   0
 126   50088219    0.000000   90.000000   6   5  88219   0
 127   50088220    0.000000   76.000000   6   5  88220   0
 128   50088221    0.000000   70.000000   6   5  88221   0
 129   50088222    0.000000   62.000000   6   5  88222   0
 130   50088223    0.000000   56.000000   6   5  88223   0
 131   50088224    0.000000   48.000000   6   5  88224   0
 132   50088225    0.000000   40.000000   6   5  88225   0
 133   50088226    0.000000   32.000000   6   5  88226   0
 134   50088227    0.000000   26.000000   6   5  88227   0
 135   50088228    0.000000   18.000000   6   5  88228   0
 136   50088229    0.000000   11.500000   6   5  88229   0
 137   50088230    0.000000    7.000000   6   5  88230   0
 138   50088231    0.000000   21.000000   6   5  88231   0
 139   50088232    0.000000   30.000000   6   5  88232   0
 140   50088233    0.000000   40.000000   6   5  88233   0
 141   50088234    0.000000   60.000000   6   5  88234   0
 142   50089217    0.000000  120.000000   6   5  89217   0
 143   50089218    0.000000  110.000000   6   5  89218   0
 144   50089219    0.000000  100.000000   6   5  89219   0
 145   50089220    0.000000   90.000000   6   5  89220   0
 146   50089221    0.000000   85.000000   6   5  89221   0
 147   50089222    0.000000   76.000000   6   5  89222   0
 148   50089223    0.000000   68.000000   6   5  89223   0
 149   50089224    0.000000   62.000000   6   5  89224   0
 150   50089225    0.000000   54.000000   6   5  89225   0
 151   50089226    0.000000   48.000000   6   5  89226   0
 152   50089227    0.000000   40.000000   6   5  89227   0
 153   50089228    0.000000   34.000000   6   5  89228   0
 154   50089229    0.000000   27.000000   6   5  89229   0
 155   50089230    0.000000   21.000000   6   5  89230   0
 156   50089231    0.000000   15.000000   6   5  89231   0
 157   50089232    0.000000   15.000000   6   5  89232   0
 158   50089233    0.000000   11.500000   6   5  89233   0
 159   50089234    0.000000   28.000000   6   5  89234   0
 160   50089235    0.000000   32.000000   6   5  89235   0
 161   50090218    0.000000  130.000000   6   5  90218   0
 162   50090219    0.000000  120.000000   6   5  90219   0
 163   50090220    0.000000  110.000000   6   5  90220   0
 164   50090221    0.000000  100.000000   6   5  90221   0
 165   50090222    0.000000   85.000000   6   5  90222   0
 166   50090223    0.000000   76.000000   6   5  90223   0
 167   50090224    0.000000   68.000000   6   5  90224   0
 168   50090225    0.000000   62.000000   6   5  90225   0
 169   50090226    0.000000   54.000000   6   5  90226   0
 170   50090227    0.000000   46.000000   6   5  90227   0
 171   50090228    0.000000   40.000000   6   5  90228   0
 172   50090229    0.000000   32.000000   6   5  90229   0
 173   50090230    0.000000   26.000000   6   5  90230   0
 174   50090231    0.000000   18.000000   6   5  90231   0
 175   50090232    0.000000   11.500000   6   5  90232   0
 176   50090233    0.000000    7.000000   6   5  90233   0
 177   50090234    0.000000    1.000000   6   5  90234   0
 178   50090235    0.000000   15.500000   6   5  90235   0
 179   50090236    0.000000   17.000000   6   5  90236   0
 180   50091219    0.000000  140.000000   6   5  91219   0
 181   50091220    0.000000  130.000000   6   5  91220   0
 182   50091221    0.000000  120.000000   6   5  91221   0
 183   50091222    0.000000  110.000000   6   5  91222   0
 184   50091223    0.000000  100.000000   6   5  91223   0
 185   50091224    0.000000   90.000000   6   5  91224   0
 186   50091225    0.000000   80.000000   6   5  91225   0
 187   50091226    0.000000   74.000000   6   5  91226   0
 188   50091227    0.000000   64.000000   6   5  91227   0
 189   50091228    0.000000   58.000000   6   5  91228   0
 190   50091229    0.000000   50.000000   6   5  91229   0
 191   50091230    0.000000   44.000000   6   5  91230   0
 192   50091231    0.000000   36.000000   6   5  91231   0
 193   50091232    0.000000   30.000000   6   5  91232   0
 194   50091233    0.000000   23.000000   6   5  91233   0
 195   50091234    0.000000   17.500000   6   5  91234   0
 196   50091235    0.000000   11.000000   6   5  91235   0
 197   50091236    0.000000   12.000000   6   5  91236   0
 198   50091237    0.000000    8.000000   6   5  91237   0
 199   50092220    0.000000  140.000000   6   5  92220   0
 200   50092221    0.000000  130.000000   6   5  92221   0
 201   50092222    0.000000  120.000000   6   5  92222   0
 202   50092223    0.000000  110.000000   6   5  92223   0
 203   50092224    0.000000  100.000000   6   5  92224   0
 204   50092225    0.000000   95.000000   6   5  92225   0
 205   50092226    0.000000   85.000000   6   5  92226   0
 206   50092227    0.000000   76.000000   6   5  92227   0
 207   50092228    0.000000   68.000000   6   5  92228   0
 208   50092229    0.000000   60.000000   6   5  92229   0
 209   50092230    0.000000   52.000000   6   5  92230   0
 210   50092231    0.000000   46.000000   6   5  92231   0
 211   50092232    0.000000   38.000000   6   5  92232   0
 212   50092233    0.000000   32.000000   6   5  92233   0
 213   50092234    0.000000   24.000000   6   5  92234   0
 214   50092235    0.000000   18.500000   6   5  92235   0
 215   51092235    0.000000   18.500000   6   5  92235   1
 216   50092236    0.000000   11.500000   6   5  92236   0
 217   50092237    0.000000    6.500000   6   5  92237   0
 218   50092238    0.000000    1.000000   6   5  92238   0
 
   p   ZAP IP   NR    Tp [MeV]
   1     1  1    2    1.000000
   2     0  2    1    1.000000
   3  1001  9    1    8.000000
   4  1002 31    1   12.000000
   5  1003 32    1   11.000000
   6  2003 33    1   15.500000
   7  2004 34    1    1.000000
--------------------------------------------------------------------------------
 
