 
--------------------------------------------------------------------------------
 73-Ta-181   T= 0.00 K from IAEA/PD-2019       (ACEMAKER)
 ZAID= 73181.38u  MAT=7328  ZA= 73181
 AWR= 179.393600  STA=  0  ELIS=   0.000 MeV  LIS=  0  LISO=  0
--------------------------------------------------------------------------------
 NTOTR= 143 NTRAN= 143 NPROD=   0 NE=     201 EMAX= 200.000 MeV
   i   FMn/MT     Q [MeV]     T [MeV] LMF  MT    ZAP LFS
   1        5    3.091210    5.000000   3   5
   2       11  -18.572370   26.000000   3  11
   3       16  -14.221000   14.221000   3  16
   4       17  -22.121000   22.121000   3  17
   5       22   -5.546000    9.000000   3  22
   6       28  -13.328000   15.100000   3  28
   7       32  -17.203000   18.800000   3  32
   8       33  -18.572000   20.400000   3  33
   9       34  -19.051000   22.000000   3  34
  10       41  -19.427000   21.000000   3  41
  11       42  -27.053000   28.800000   3  42
  12       44  -20.744000   24.000000   3  44
  13       50   -7.577430    7.577430   3  50
  14       51   -7.617100    7.617100   3  51
  15       52   -7.654530    7.654530   3  52
  16       53   -7.685280    7.685280   3  53
  17       54   -7.688300    7.688300   3  54
  18       55   -7.707980    7.707980   3  55
  19       56   -7.748710    7.748710   3  56
  20       57   -7.755080    7.755080   3  57
  21       58   -7.762460    7.762460   3  58
  22       59   -7.811910    7.811910   3  59
  23       60   -7.835430    7.835430   3  60
  24       61   -7.857460    7.857460   3  61
  25       62   -7.888400    7.888400   3  62
  26       63   -7.895780    7.895780   3  63
  27       64   -7.897890    7.897890   3  64
  28       65   -7.934110    7.934110   3  65
  29       66   -7.948410    7.948410   3  66
  30       67   -7.951150    7.951150   3  67
  31       68   -7.993830    7.993830   3  68
  32       69   -7.997430    7.997430   3  69
  33       70   -8.001040    8.001040   3  70
  34       71   -8.003230    8.003230   3  71
  35       72   -8.025430    8.025430   3  72
  36       73   -8.040670    8.040670   3  73
  37       74   -8.055670    8.055670   3  74
  38       75   -8.082640    8.082640   3  75
  39       76   -8.092990    8.092990   3  76
  40       77   -8.097570    8.097570   3  77
  41       78   -8.121790    8.121790   3  78
  42       79   -8.125220    8.125220   3  79
  43       80   -8.125440    8.125440   3  80
  44       81   -8.126910    8.126910   3  81
  45       82   -8.137060    8.137060   3  82
  46       83   -8.149630    8.149630   3  83
  47       84   -8.151940    8.151940   3  84
  48       85   -8.153000    8.153000   3  85
  49       86   -8.171860    8.171860   3  86
  50       87   -8.172420    8.172420   3  87
  51       88   -8.177840    8.177840   3  88
  52       89   -8.201700    8.201700   3  89
  53       91   -8.201270    8.201270   3  91
  54      102    0.000000    5.000000   3 102
  55      104  -11.104000   12.600000   3 104
  56      105  -10.946000   12.600000   3 105
  57      106  -13.026000   16.800000   3 106
  58      111  -13.952000   19.000000   3 111
  59      112   -4.658000   10.000000   3 112
  60      115  -18.520000   23.000000   3 115
  61      116  -18.288000   23.000000   3 116
  62      600   -5.940030    8.000000   3 600
  63      601   -6.033354    7.000000   3 601
  64      602   -6.248609    7.000000   3 602
  65      603   -6.580888    8.000000   3 603
  66      604   -7.023970    9.000000   3 604
  67      605   -7.041930    9.000000   3 605
  68      606   -7.047270    9.000000   3 606
  69      607   -7.081530    9.000000   3 607
  70      608   -7.103890    8.000000   3 608
  71      609   -7.123350    8.000000   3 609
  72      610   -7.132640    8.000000   3 610
  73      611   -7.139690    8.000000   3 611
  74      612   -7.200490    8.000000   3 612
  75      613   -7.231070    8.000000   3 613
  76      614   -7.240180    8.000000   3 614
  77      615   -7.255730    9.000000   3 615
  78      616   -7.294130    9.000000   3 616
  79      617   -7.309510    9.000000   3 617
  80      618   -7.314180    9.000000   3 618
  81      619   -7.321340    9.000000   3 619
  82      620   -7.325230    9.000000   3 620
  83      621   -7.349230    9.000000   3 621
  84      622   -7.349280    9.000000   3 622
  85      623   -7.360630    9.000000   3 623
  86      624   -7.369620    9.000000   3 624
  87      625   -7.384030    9.000000   3 625
  88      626   -7.412300    9.000000   3 626
  89      627   -7.422440    9.000000   3 627
  90      628   -7.424300    9.000000   3 628
  91      629   -7.448030    9.000000   3 629
  92      630   -7.465030    9.000000   3 630
  93      631   -7.479070    9.000000   3 631
  94      632   -7.496840    9.000000   3 632
  95      633   -7.499050    9.000000   3 633
  96      634   -7.537450    9.000000   3 634
  97      635   -7.547580    9.000000   3 635
  98      636   -7.549160    9.000000   3 636
  99      637   -7.552330    9.000000   3 637
 100      638   -7.552850    9.000000   3 638
 101      639   -7.570430    9.000000   3 639
 102      649   -7.570400    9.000000   3 649
 103      800    1.526070    5.000000   3 800
 104      801    1.404449    5.000000   3 801
 105      802    1.375673    5.000000   3 802
 106      803    1.257285    5.000000   3 803
 107      804    1.237059    5.000000   3 804
 108      805    1.085428    5.000000   3 805
 109      806    1.074558    5.000000   3 806
 110      807    1.068089    5.000000   3 807
 111      808    0.973972    5.000000   3 808
 112      809    0.956363    5.000000   3 809
 113      810    0.952428    5.000000   3 810
 114      811    0.889867    5.000000   3 811
 115      812    0.888960    5.000000   3 812
 116      813    0.854121    5.000000   3 813
 117      814    0.816617    5.000000   3 814
 118      815    0.805250    5.000000   3 815
 119      816    0.765260    5.000000   3 816
 120      817    0.764370    5.000000   3 817
 121      818    0.730830    5.000000   3 818
 122      819    0.714618    5.000000   3 819
 123      820    0.709366    5.000000   3 820
 124      821    0.704120    5.000000   3 821
 125      822    0.694070    5.000000   3 822
 126      823    0.681162    5.000000   3 823
 127      824    0.671763    5.000000   3 824
 128      825    0.619330    5.000000   3 825
 129      826    0.569540    5.000000   3 826
 130      827    0.569376    5.000000   3 827
 131      828    0.568744    5.000000   3 828
 132      829    0.555895    5.000000   3 829
 133      830    0.545860    5.000000   3 830
 134      831    0.540760    5.000000   3 831
 135      832    0.506197    5.000000   3 832
 136      833    0.476870    5.000000   3 833
 137      834    0.476613    5.000000   3 834
 138      835    0.462870    5.000000   3 835
 139      836    0.453070    5.000000   3 836
 140      837    0.452433    5.000000   3 837
 141      838    0.437447    5.000000   3 838
 142      839    0.432366    5.000000   3 839
 143      849 -100.093700  100.093700   3 849
 
   p   ZAP IP   NR    Tp [MeV]
   1     1  1   53    5.000000
   2     0  2  139    5.000000
   3  1001  9   50    5.000000
   4  1002 31    5    5.000000
   5  1003 32    4    5.000000
   6  2003 33    3    5.000000
   7  2004 34   44    5.000000
--------------------------------------------------------------------------------
 
