 
--------------------------------------------------------------------------------
  8-O - 16   T= 0.00 K from IAEA/PD-2019       (ACEMAKER)
 ZAID=  8016.38u  MAT= 825  ZA=  8016
 AWR=  15.853160  STA=  0  ELIS=   0.000 MeV  LIS=  0  LISO=  0
--------------------------------------------------------------------------------
 NTOTR=  57 NTRAN=  57 NPROD=   0 NE=     192 EMAX= 150.000 MeV
   i   FMn/MT     Q [MeV]     T [MeV] LMF  MT    ZAP LFS
   1       16  -28.885000   29.000000   3  16
   2       22  -25.882000   25.905000   3  22
   3       23  -35.014000   37.000000   3  23
   4       28  -22.960000   23.136000   3  28
   5       29  -33.427000   35.055000   3  29
   6       32  -34.537000   36.000000   3  32
   7       34  -27.739000   27.791000   3  34
   8       41  -33.513000   34.284000   3  41
   9       50  -15.663000   15.671000   3  50
  10       51  -20.846000   20.861000   3  51
  11       52  -20.904000   20.919000   3  52
  12       53  -21.839000   21.855000   3  53
  13       54  -22.456000   22.473000   3  54
  14       55  -22.522000   22.539000   3  55
  15       56  -22.939000   22.957000   3  56
  16      109  -14.437000   15.671000   3 109
  17      111  -22.335000   22.846000   3 111
  18      112  -23.118000   26.451000   3 112
  19      113  -34.245000   35.055000   3 113
  20      114  -31.009000   31.041000   3 114
  21      115  -28.287000   29.000000   3 115
  22      116  -26.976000   27.791000   3 116
  23      117  -32.347000   33.000000   3 117
  24      600  -12.127000   12.132000   3 600
  25      601  -17.397000   17.500000   3 601
  26      602  -17.426000   17.500000   3 602
  27      603  -18.451000   18.500000   3 603
  28      604  -19.282000   19.500000   3 604
  29      605  -19.428000   19.707000   3 605
  30      606  -19.694000   19.707000   3 606
  31      607  -20.440000   20.750000   3 607
  32      608  -20.698000   21.000000   3 608
  33      609  -21.177000   21.500000   3 609
  34      610  -21.279000   21.500000   3 610
  35      611  -21.282000   21.500000   3 611
  36      612  -21.349000   21.500000   3 612
  37      613  -21.887000   22.210000   3 613
  38      614  -21.956000   22.210000   3 614
  39      615  -22.052000   22.352000   3 615
  40      616  -22.193000   22.500000   3 616
  41      650  -20.736000   21.000000   3 650
  42      651  -23.049000   23.136000   3 651
  43      652  -24.684000   25.000000   3 652
  44      653  -25.651000   26.000000   3 653
  45      654  -25.842000   26.000000   3 654
  46      655  -26.427000   26.671000   3 655
  47      656  -26.570000   26.671000   3 656
  48      657  -26.940000   27.207000   3 657
  49      658  -27.182000   27.500000   3 658
  50      659  -27.765000   28.000000   3 659
  51      700  -25.032000   25.053000   3 700
  52      750  -22.793000   24.000000   3 750
  53      751  -25.882000   27.000000   3 751
  54      752  -26.478000   27.500000   3 752
  55      753  -26.647000   27.791000   3 753
  56      800   -7.161000    7.162700   3 800
  57      801  -11.600000   12.132000   3 801
 
   p   ZAP IP   NR    Tp [MeV]
   1     1  1   15   15.671000
   2  1001  9   25   12.132000
   3  1002 31   14   21.000000
   4  1003 32    2   27.791000
   5  2003 33    6   24.000000
   6  2004 34   10    7.162700
--------------------------------------------------------------------------------
 
