 
--------------------------------------------------------------------------------
 11-Na- 23   T= 0.00 K from IAEA/PD-2019       (ACEMAKER)
 ZAID= 11023.38u  MAT=1125  ZA= 11023
 AWR=  22.792280  STA=  0  ELIS=   0.000 MeV  LIS=  0  LISO=  0
--------------------------------------------------------------------------------
 NTOTR=  19 NTRAN=   1 NPROD=  18 NE=      78 EMAX= 140.000 MeV
   i     MT/MTD     Q [MeV]     T [MeV] LMF  MT    ZAP LFS
   1          5    0.000000    8.794100   3   5
   2        219    0.000000   62.000000   6   5   9015   0
   3        220    0.000000   48.000000   6   5   9016   0
   4        221    0.000000   31.000000   6   5   9017   0
   5        222    0.000000   21.500000   6   5   9018   0
   6        223    0.000000   11.000000   6   5   9019   0
   7        224    0.000000   33.000000   6   5   9020   0
   8        225    0.000000   24.062900   6   5   9021   0
   9        226    0.000000   65.176400   6   5  10017   0
  10        227    0.000000   46.000000   6   5  10018   0
  11        228    0.000000   34.304600   6   5  10019   0
  12        229    0.000000   18.000000   6   5  10020   0
  13        230    0.000000   17.500000   6   5  10021   0
  14        231    0.000000    9.000000   6   5  10022   0
  15        232    0.000000   74.333200   6   5  11018   0
  16        233    0.000000   54.745800   6   5  11019   0
  17        234    0.000000   40.585400   6   5  11020   0
  18        235    0.000000   23.485300   6   5  11021   0
  19        236    0.000000   12.418500   6   5  11022   0
 
   p   ZAP IP   NR    Tp [MeV]
   1     1  1    1   12.418500
   2     0  2    1    8.794100
   3  1001  9    1    9.000000
   4  1002 31    1   17.500000
   5  1003 32    1   18.000000
   6  2004 34    1   11.000000
--------------------------------------------------------------------------------
 
