 
--------------------------------------------------------------------------------
 12-Mg- 24   T= 0.00 K from IAEA/PD-2019       (ACEMAKER)
 ZAID= 12024.38u  MAT=1225  ZA= 12024
 AWR=  23.779000  STA=  0  ELIS=   0.000 MeV  LIS=  0  LISO=  0
--------------------------------------------------------------------------------
 NTOTR=  19 NTRAN=   1 NPROD=  18 NE=      85 EMAX= 140.000 MeV
   i     MT/MTD     Q [MeV]     T [MeV] LMF  MT    ZAP LFS
   1          5    0.000000    9.310600   3   5
   2        219    0.000000   58.000000   6   5  10017   0
   3        220    0.000000   39.000000   6   5  10018   0
   4        221    0.000000   27.500000   6   5  10019   0
   5        222    0.000000    9.310600   6   5  10020   0
   6        223    0.000000   32.000000   6   5  10021   0
   7        224    0.000000   22.000000   6   5  10022   0
   8        225    0.000000   77.541490   6   5  11018   0
   9        226    0.000000   58.000000   6   5  11019   0
  10        227    0.000000   44.000000   6   5  11020   0
  11        228    0.000000   27.000000   6   5  11021   0
  12        229    0.000000   23.000000   6   5  11022   0
  13        230    0.000000   12.000000   6   5  11023   0
  14        231    0.000000  106.090800   6   5  12018   0
  15        232    0.000000   86.337400   6   5  12019   0
  16        233    0.000000   63.789000   6   5  12020   0
  17        234    0.000000   49.060600   6   5  12021   0
  18        235    0.000000   29.679300   6   5  12022   0
  19        236    0.000000   16.531200   6   5  12023   0
 
   p   ZAP IP   NR    Tp [MeV]
   1     1  1    1   16.531200
   2     0  2    1    9.310600
   3  1001  9    1   12.000000
   4  1002 31    1   23.000000
   5  1003 32    1   27.000000
   6  2004 34    1    9.310600
--------------------------------------------------------------------------------
 
