 
--------------------------------------------------------------------------------
 13-Al- 27   T= 0.00 K from IAEA/PD-2019       (ACEMAKER)
 ZAID= 13027.38u  MAT=1325  ZA= 13027
 AWR=  26.750000  STA=  0  ELIS=   0.000 MeV  LIS=  0  LISO=  0
--------------------------------------------------------------------------------
 NTOTR=  41 NTRAN=   1 NPROD=  40 NE=     102 EMAX= 200.000 MeV
   i     MT/MTD     Q [MeV]     T [MeV] LMF  MT    ZAP LFS
   1          5    0.000000    2.000000   3   5
   2        201   -0.000013   13.058700   3 201
   3        203   -0.000008    8.272700   3 203
   4        204   -0.000017   17.141300   3 204
   5        205   -0.000018   19.000000   3 205
   6        206   -0.000024   25.000000   3 206
   7        207   -0.000010   11.000000   3 207
   8        219    0.000000    2.000000   6   5   4008   0
   9        220    0.000000    2.000000   6   5   6012   0
  10        221    0.000000    2.000000   6   5   6013   0
  11        222    0.000000    2.000000   6   5   7013   0
  12        223    0.000000    2.000000   6   5   7014   0
  13        224    0.000000    2.000000   6   5   7015   0
  14        225    0.000000    2.000000   6   5   7016   0
  15        226    0.000000    2.000000   6   5   8015   0
  16        227    0.000000    2.000000   6   5   8016   0
  17        228    0.000000    2.000000   6   5   8017   0
  18        229    0.000000    2.000000   6   5   8018   0
  19        230    0.000000    2.000000   6   5   9017   0
  20        231    0.000000    2.000000   6   5   9018   0
  21        232    0.000000    2.000000   6   5   9019   0
  22        233    0.000000    2.000000   6   5   9020   0
  23        234    0.000000    2.000000   6   5   9021   0
  24        235    0.000000    2.000000   6   5   9022   0
  25        236    0.000000    2.000000   6   5  10019   0
  26        237    0.000000    2.000000   6   5  10020   0
  27        238    0.000000    2.000000   6   5  10021   0
  28        239    0.000000    2.000000   6   5  10022   0
  29        240    0.000000    2.000000   6   5  10023   0
  30        241    0.000000    2.000000   6   5  11021   0
  31        242    0.000000    2.000000   6   5  11022   0
  32        243    0.000000    2.000000   6   5  11023   0
  33        244    0.000000    2.000000   6   5  11024   0
  34        245    0.000000    2.000000   6   5  11025   0
  35        246    0.000000    2.000000   6   5  12023   0
  36        247    0.000000    2.000000   6   5  12024   0
  37        248    0.000000    2.000000   6   5  12025   0
  38        249    0.000000    2.000000   6   5  12026   0
  39        250    0.000000    2.000000   6   5  13024   0
  40        251    0.000000    2.000000   6   5  13025   0
  41        252    0.000000    2.000000   6   5  13026   0
 
   p   ZAP IP   NR    Tp [MeV]
   1     1  1    1   13.000000
   2     0  2    1    2.000000
   3  1001  9    1    8.000000
   4  1002 31    1   17.000000
   5  1003 32    1   18.500000
   6  2003 33    1   24.500000
   7  2004 34    1   11.000000
--------------------------------------------------------------------------------
 
