 
--------------------------------------------------------------------------------
 14-Si- 30   T= 0.00 K from IAEA/PD-2019       (ACEMAKER)
 ZAID= 14030.38u  MAT=1431  ZA= 14030
 AWR=  29.716280  STA=  0  ELIS=   0.000 MeV  LIS=  0  LISO=  0
--------------------------------------------------------------------------------
 NTOTR=  20 NTRAN=   1 NPROD=  19 NE=      74 EMAX= 140.000 MeV
   i     MT/MTD     Q [MeV]     T [MeV] LMF  MT    ZAP LFS
   1          5    0.000000   10.609600   3   5
   2        219    0.000000   60.000000   6   5  12022   0
   3        220    0.000000   46.000000   6   5  12023   0
   4        221    0.000000   30.000000   6   5  12024   0
   5        222    0.000000   23.000000   6   5  12025   0
   6        223    0.000000   12.000000   6   5  12026   0
   7        224    0.000000   34.000000   6   5  12027   0
   8        225    0.000000   24.500000   6   5  12028   0
   9        226    0.000000   97.830400   6   5  13022   0
  10        227    0.000000   78.436000   6   5  13023   0
  11        228    0.000000   64.000000   6   5  13024   0
  12        229    0.000000   46.610500   6   5  13025   0
  13        230    0.000000   36.000000   6   5  13026   0
  14        231    0.000000   22.500000   6   5  13027   0
  15        232    0.000000   21.000000   6   5  13028   0
  16        233    0.000000   14.000000   6   5  13029   0
  17        234    0.000000   49.574100   6   5  14026   0
  18        235    0.000000   36.262300   6   5  14027   0
  19        236    0.000000   19.083500   6   5  14028   0
  20        237    0.000000   10.609600   6   5  14029   0
 
   p   ZAP IP   NR    Tp [MeV]
   1     1  1    1   10.609600
   2     0  2    1   10.609600
   3  1001  9    1   14.000000
   4  1002 31    1   21.000000
   5  1003 32    1   22.500000
   6  2004 34    1   12.000000
--------------------------------------------------------------------------------
 
