 
--------------------------------------------------------------------------------
 16-S - 32   T= 0.00 K from IAEA/PD-2019       (ACEMAKER)
 ZAID= 16032.38u  MAT=1625  ZA= 16032
 AWR=  31.697410  STA=  0  ELIS=   0.000 MeV  LIS=  0  LISO=  0
--------------------------------------------------------------------------------
 NTOTR=  23 NTRAN=   1 NPROD=  22 NE=      81 EMAX= 140.000 MeV
   i     MT/MTD     Q [MeV]     T [MeV] LMF  MT    ZAP LFS
   1          5    0.000000    6.948400   3   5
   2        219    0.000000   95.000000   6   5  14023   0
   3        220    0.000000   74.000000   6   5  14024   0
   4        221    0.000000   58.000000   6   5  14025   0
   5        222    0.000000   40.000000   6   5  14026   0
   6        223    0.000000   27.000000   6   5  14027   0
   7        224    0.000000    6.948400   6   5  14028   0
   8        225    0.000000   28.000000   6   5  14029   0
   9        226    0.000000   17.000000   6   5  14030   0
  10        227    0.000000  112.775200   6   5  15024   0
  11        228    0.000000   91.728800   6   5  15025   0
  12        229    0.000000   74.740400   6   5  15026   0
  13        230    0.000000   56.359000   6   5  15027   0
  14        231    0.000000   42.000000   6   5  15028   0
  15        232    0.000000   24.014400   6   5  15029   0
  16        233    0.000000   19.500000   6   5  15030   0
  17        234    0.000000    9.500000   6   5  15031   0
  18        235    0.000000  101.602700   6   5  16026   0
  19        236    0.000000   82.995300   6   5  16027   0
  20        237    0.000000   62.431900   6   5  16028   0
  21        238    0.000000   47.070500   6   5  16029   0
  22        239    0.000000   28.096100   6   5  16030   0
  23        240    0.000000   15.042300   6   5  16031   0
 
   p   ZAP IP   NR    Tp [MeV]
   1     1  1    1   15.042300
   2     0  2    1    6.948400
   3  1001  9    1    9.500000
   4  1002 31    1   19.500000
   5  1003 32    1   24.014400
   6  2004 34    1    6.948400
--------------------------------------------------------------------------------
 
