 
--------------------------------------------------------------------------------
 16-S - 36   T= 0.00 K from IAEA/PD-2019       (ACEMAKER)
 ZAID= 16036.38u  MAT=1637  ZA= 16036
 AWR=  35.658100  STA=  0  ELIS=   0.000 MeV  LIS=  0  LISO=  0
--------------------------------------------------------------------------------
 NTOTR=  24 NTRAN=   1 NPROD=  23 NE=      81 EMAX= 140.000 MeV
   i     MT/MTD     Q [MeV]     T [MeV] LMF  MT    ZAP LFS
   1          5    0.000000    9.008100   3   5
   2        219    0.000000   62.000000   6   5  14027   0
   3        220    0.000000   44.000000   6   5  14028   0
   4        221    0.000000   37.000000   6   5  14029   0
   5        222    0.000000   26.000000   6   5  14030   0
   6        223    0.000000   20.000000   6   5  14031   0
   7        224    0.000000   10.000000   6   5  14032   0
   8        225    0.000000   25.284300   6   5  14034   0
   9        226    0.000000   93.292400   6   5  15027   0
  10        227    0.000000   78.810100   6   5  15028   0
  11        228    0.000000   60.947800   6   5  15029   0
  12        229    0.000000   50.000000   6   5  15030   0
  13        230    0.000000   38.000000   6   5  15031   0
  14        231    0.000000   30.000000   6   5  15032   0
  15        232    0.000000   19.500000   6   5  15033   0
  16        233    0.000000   19.500000   6   5  15034   0
  17        234    0.000000   13.095400   6   5  15035   0
  18        235    0.000000   84.003900   6   5  16029   0
  19        236    0.000000   65.029500   6   5  16030   0
  20        237    0.000000   51.975700   6   5  16031   0
  21        238    0.000000   36.933400   6   5  16032   0
  22        239    0.000000   28.291800   6   5  16033   0
  23        240    0.000000   16.874600   6   5  16034   0
  24        241    0.000000    9.888700   6   5  16035   0
 
   p   ZAP IP   NR    Tp [MeV]
   1     1  1    1    9.888700
   2     0  2    1    9.008100
   3  1001  9    1   13.095400
   4  1002 31    1   19.500000
   5  1003 32    1   19.500000
   6  2004 34    1   10.000000
--------------------------------------------------------------------------------
 
