 
--------------------------------------------------------------------------------
 16-S - 33   T= 0.00 K from IAEA/PD-2019       (ACEMAKER)
 ZAID= 16033.38u  MAT=1628  ZA= 16033
 AWR=  32.688220  STA=  0  ELIS=   0.000 MeV  LIS=  0  LISO=  0
--------------------------------------------------------------------------------
 NTOTR=  23 NTRAN=   1 NPROD=  22 NE=      81 EMAX= 140.000 MeV
   i     MT/MTD     Q [MeV]     T [MeV] LMF  MT    ZAP LFS
   1          5    0.000000    7.116100   3   5
   2        219    0.000000   80.123400   6   5  14024   0
   3        220    0.000000   66.000000   6   5  14025   0
   4        221    0.000000   48.000000   6   5  14026   0
   5        222    0.000000   34.000000   6   5  14027   0
   6        223    0.000000   17.000000   6   5  14028   0
   7        224    0.000000    8.000000   6   5  14029   0
   8        225    0.000000   26.000000   6   5  14030   0
   9        226    0.000000   19.500000   6   5  14031   0
  10        227    0.000000  100.370400   6   5  15025   0
  11        228    0.000000   83.382100   6   5  15026   0
  12        229    0.000000   66.000000   6   5  15027   0
  13        230    0.000000   50.518300   6   5  15028   0
  14        231    0.000000   33.000000   6   5  15029   0
  15        232    0.000000   22.000000   6   5  15030   0
  16        233    0.000000   15.281300   6   5  15031   0
  17        234    0.000000   10.000000   6   5  15032   0
  18        235    0.000000   91.636910   6   5  16027   0
  19        236    0.000000   71.073500   6   5  16028   0
  20        237    0.000000   55.712200   6   5  16029   0
  21        238    0.000000   36.737800   6   5  16030   0
  22        239    0.000000   23.684000   6   5  16031   0
  23        240    0.000000    8.641600   6   5  16032   0
 
   p   ZAP IP   NR    Tp [MeV]
   1     1  1    1    8.641600
   2     0  2    1    7.116100
   3  1001  9    1   10.000000
   4  1002 31    1   15.281300
   5  1003 32    1   22.000000
   6  2004 34    1    8.000000
--------------------------------------------------------------------------------
 
