 
--------------------------------------------------------------------------------
 19-K - 39   T= 0.00 K from IAEA/PD-2019       (ACEMAKER)
 ZAID= 19039.38u  MAT=1925  ZA= 19039
 AWR=  38.628990  STA=  0  ELIS=   0.000 MeV  LIS=  0  LISO=  0
--------------------------------------------------------------------------------
 NTOTR= 168 NTRAN=   1 NPROD= 167 NE=     140 EMAX= 200.000 MeV
   i     MT/MTD     Q [MeV]     T [MeV] LMF  MT    ZAP LFS
   1          5    0.000000    1.000000   3   5
   2        219    0.000000  160.000000   6   5   7010   0
   3        220    0.000000  130.000000   6   5   7011   0
   4        221    0.000000  120.000000   6   5   7012   0
   5        222    0.000000   95.000000   6   5   7013   0
   6        223    0.000000   85.000000   6   5   7014   0
   7        224    0.000000   74.000000   6   5   7015   0
   8        225    0.000000   76.000000   6   5   7016   0
   9        226    0.000000   90.000000   6   5   7017   0
  10        227    0.000000  100.000000   6   5   7018   0
  11        228    0.000000  110.000000   6   5   7019   0
  12        229    0.000000  120.000000   6   5   7020   0
  13        230    0.000000  140.000000   6   5   7021   0
  14        231    0.000000  150.000000   6   5   7022   0
  15        232    0.000000  160.000000   6   5   7023   0
  16        233    0.000000  190.000000   6   5   7024   0
  17        234    0.000000  150.000000   6   5   8012   0
  18        235    0.000000  130.000000   6   5   8013   0
  19        236    0.000000  110.000000   6   5   8014   0
  20        237    0.000000   85.000000   6   5   8015   0
  21        238    0.000000   74.000000   6   5   8016   0
  22        239    0.000000   74.000000   6   5   8017   0
  23        240    0.000000   70.000000   6   5   8018   0
  24        241    0.000000   78.000000   6   5   8019   0
  25        242    0.000000   90.000000   6   5   8020   0
  26        243    0.000000   95.000000   6   5   8021   0
  27        244    0.000000  110.000000   6   5   8022   0
  28        245    0.000000  120.000000   6   5   8023   0
  29        246    0.000000  130.000000   6   5   8024   0
  30        247    0.000000  160.000000   6   5   8025   0
  31        248    0.000000  170.000000   6   5   8026   0
  32        249    0.000000  150.000000   6   5   9014   0
  33        250    0.000000  120.000000   6   5   9015   0
  34        251    0.000000  110.000000   6   5   9016   0
  35        252    0.000000   85.000000   6   5   9017   0
  36        253    0.000000   70.000000   6   5   9018   0
  37        254    0.000000   58.000000   6   5   9019   0
  38        255    0.000000   66.000000   6   5   9020   0
  39        256    0.000000   70.000000   6   5   9021   0
  40        257    0.000000   85.000000   6   5   9022   0
  41        258    0.000000   90.000000   6   5   9023   0
  42        259    0.000000  100.000000   6   5   9024   0
  43        260    0.000000  120.000000   6   5   9025   0
  44        261    0.000000  130.000000   6   5   9026   0
  45        262    0.000000  150.000000   6   5   9027   0
  46        263    0.000000  170.000000   6   5   9028   0
  47        264    0.000000  140.000000   6   5  10016   0
  48        265    0.000000  110.000000   6   5  10017   0
  49        266    0.000000   90.000000   6   5  10018   0
  50        267    0.000000   76.000000   6   5  10019   0
  51        268    0.000000   58.000000   6   5  10020   0
  52        269    0.000000   58.000000   6   5  10021   0
  53        270    0.000000   54.000000   6   5  10022   0
  54        271    0.000000   64.000000   6   5  10023   0
  55        272    0.000000   66.000000   6   5  10024   0
  56        273    0.000000   80.000000   6   5  10025   0
  57        274    0.000000   90.000000   6   5  10026   0
  58        275    0.000000  110.000000   6   5  10027   0
  59        276    0.000000  120.000000   6   5  10028   0
  60        277    0.000000  140.000000   6   5  10029   0
  61        278    0.000000  130.000000   6   5  11018   0
  62        279    0.000000  110.000000   6   5  11019   0
  63        280    0.000000   85.000000   6   5  11020   0
  64        281    0.000000   68.000000   6   5  11021   0
  65        282    0.000000   54.000000   6   5  11022   0
  66        283    0.000000   40.000000   6   5  11023   0
  67        284    0.000000   52.000000   6   5  11024   0
  68        285    0.000000   52.000000   6   5  11025   0
  69        286    0.000000   66.000000   6   5  11026   0
  70        287    0.000000   68.000000   6   5  11027   0
  71        288    0.000000   85.000000   6   5  11028   0
  72        289    0.000000   90.000000   6   5  11029   0
  73        290    0.000000  110.000000   6   5  11030   0
  74        291    0.000000  150.000000   6   5  11031   0
  75        292    0.000000  140.000000   6   5  12019   0
  76        293    0.000000  120.000000   6   5  12020   0
  77        294    0.000000  100.000000   6   5  12021   0
  78        295    0.000000   78.000000   6   5  12022   0
  79        296    0.000000   64.000000   6   5  12023   0
  80        297    0.000000   46.000000   6   5  12024   0
  81        298    0.000000   46.000000   6   5  12025   0
  82        299    0.000000   36.000000   6   5  12026   0
  83        300    0.000000   50.000000   6   5  12027   0
  84        301    0.000000   50.000000   6   5  12028   0
  85        302    0.000000   66.000000   6   5  12029   0
  86        303    0.000000   68.000000   6   5  12030   0
  87        304    0.000000   90.000000   6   5  12031   0
  88        305    0.000000  100.000000   6   5  12032   0
  89        306    0.000000  140.000000   6   5  13021   0
  90        307    0.000000  110.000000   6   5  13022   0
  91        308    0.000000   90.000000   6   5  13023   0
  92        309    0.000000   70.000000   6   5  13024   0
  93        310    0.000000   72.000000   6   5  13024   1
  94        311    0.000000   52.000000   6   5  13025   0
  95        312    0.000000   40.000000   6   5  13026   0
  96        313    0.000000   40.000000   6   5  13026   1
  97        314    0.000000   27.000000   6   5  13027   0
  98        315    0.000000   40.000000   6   5  13028   0
  99        316    0.000000   38.000000   6   5  13029   0
 100        317    0.000000   54.000000   6   5  13030   0
 101        318    0.000000   54.000000   6   5  13031   0
 102        319    0.000000   70.000000   6   5  13032   0
 103        320    0.000000   74.000000   6   5  13033   0
 104        321    0.000000  160.000000   6   5  14022   0
 105        322    0.000000  130.000000   6   5  14023   0
 106        323    0.000000  110.000000   6   5  14024   0
 107        324    0.000000   90.000000   6   5  14025   0
 108        325    0.000000   66.000000   6   5  14026   0
 109        326    0.000000   52.000000   6   5  14027   0
 110        327    0.000000   36.000000   6   5  14028   0
 111        328    0.000000   32.000000   6   5  14029   0
 112        329    0.000000   24.000000   6   5  14030   0
 113        330    0.000000   38.000000   6   5  14031   0
 114        331    0.000000   36.000000   6   5  14032   0
 115        332    0.000000   52.000000   6   5  14033   0
 116        333    0.000000   54.000000   6   5  14034   0
 117        334    0.000000  150.000000   6   5  15024   0
 118        335    0.000000  120.000000   6   5  15025   0
 119        336    0.000000  100.000000   6   5  15026   0
 120        337    0.000000   74.000000   6   5  15027   0
 121        338    0.000000   60.000000   6   5  15028   0
 122        339    0.000000   40.000000   6   5  15029   0
 123        340    0.000000   28.000000   6   5  15030   0
 124        341    0.000000   15.500000   6   5  15031   0
 125        342    0.000000   28.000000   6   5  15032   0
 126        343    0.000000   26.000000   6   5  15033   0
 127        344    0.000000   40.000000   6   5  15034   0
 128        345    0.000000   40.000000   6   5  15035   0
 129        346    0.000000  140.000000   6   5  16026   0
 130        347    0.000000  120.000000   6   5  16027   0
 131        348    0.000000   95.000000   6   5  16028   0
 132        349    0.000000   76.000000   6   5  16029   0
 133        350    0.000000   56.000000   6   5  16030   0
 134        351    0.000000   42.000000   6   5  16031   0
 135        352    0.000000   26.000000   6   5  16032   0
 136        353    0.000000   24.000000   6   5  16033   0
 137        354    0.000000   14.000000   6   5  16034   0
 138        355    0.000000   28.000000   6   5  16035   0
 139        356    0.000000   26.000000   6   5  16036   0
 140        357    0.000000  140.000000   6   5  17028   0
 141        358    0.000000  110.000000   6   5  17029   0
 142        359    0.000000   85.000000   6   5  17030   0
 143        360    0.000000   64.000000   6   5  17031   0
 144        361    0.000000   50.000000   6   5  17032   0
 145        362    0.000000   32.000000   6   5  17033   0
 146        363    0.000000   21.000000   6   5  17034   0
 147        364    0.000000   21.000000   6   5  17034   1
 148        365    0.000000    7.500000   6   5  17035   0
 149        366    0.000000   19.500000   6   5  17036   0
 150        367    0.000000   17.000000   6   5  17037   0
 151        368    0.000000  130.000000   6   5  18030   0
 152        369    0.000000  110.000000   6   5  18031   0
 153        370    0.000000   85.000000   6   5  18032   0
 154        371    0.000000   66.000000   6   5  18033   0
 155        372    0.000000   48.000000   6   5  18034   0
 156        373    0.000000   34.000000   6   5  18035   0
 157        374    0.000000   19.000000   6   5  18036   0
 158        375    0.000000   16.500000   6   5  18037   0
 159        376    0.000000    6.500000   6   5  18038   0
 160        377    0.000000  120.000000   6   5  19032   0
 161        378    0.000000   95.000000   6   5  19033   0
 162        379    0.000000   76.000000   6   5  19034   0
 163        380    0.000000   58.000000   6   5  19035   0
 164        381    0.000000   42.000000   6   5  19036   0
 165        382    0.000000   26.000000   6   5  19037   0
 166        383    0.000000   13.500000   6   5  19038   0
 167        384    0.000000   13.500000   6   5  19038   1
 168        385    0.000000    1.000000   6   5  19039   0
 
   p   ZAP IP   NR    Tp [MeV]
   1     1  1    1   13.077750
   2     0  2    1    1.000000
   3  1001  9    1    6.381340
   4  1002 31    1   15.995250
   5  1003 32    1   18.525460
   6  2003 33    1   19.216400
   7  2004 34    1    7.218578
--------------------------------------------------------------------------------
 
