 
--------------------------------------------------------------------------------
 20-Ca- 43   T= 0.00 K from IAEA/PD-2019       (ACEMAKER)
 ZAID= 20043.38u  MAT=2034  ZA= 20043
 AWR=  42.589730  STA=  0  ELIS=   0.000 MeV  LIS=  0  LISO=  0
--------------------------------------------------------------------------------
 NTOTR=  24 NTRAN=   1 NPROD=  23 NE=      80 EMAX= 140.000 MeV
   i     MT/MTD     Q [MeV]     T [MeV] LMF  MT    ZAP LFS
   1          5    0.000000    7.592500   3   5
   2        219    0.000000   80.000000   6   5  18033   0
   3        220    0.000000   66.000000   6   5  18034   0
   4        221    0.000000   52.000000   6   5  18035   0
   5        222    0.000000   37.000000   6   5  18036   0
   6        223    0.000000   28.000000   6   5  18037   0
   7        224    0.000000   16.500000   6   5  18038   0
   8        225    0.000000    9.000000   6   5  18039   0
   9        226    0.000000   28.000000   6   5  18040   0
  10        227    0.000000   20.000000   6   5  18041   0
  11        228    0.000000   82.548400   6   5  19035   0
  12        229    0.000000   68.219000   6   5  19036   0
  13        230    0.000000   52.774000   6   5  19037   0
  14        231    0.000000   40.699300   6   5  19038   0
  15        232    0.000000   29.000000   6   5  19039   0
  16        233    0.000000   20.500000   6   5  19040   0
  17        234    0.000000   17.000000   6   5  19041   0
  18        235    0.000000   11.000000   6   5  19042   0
  19        236    0.000000   73.677900   6   5  20037   0
  20        237    0.000000   56.706500   6   5  20038   0
  21        238    0.000000   43.418500   6   5  20039   0
  22        239    0.000000   27.776600   6   5  20040   0
  23        240    0.000000   19.413900   6   5  20041   0
  24        241    0.000000    7.933000   6   5  20042   0
 
   p   ZAP IP   NR    Tp [MeV]
   1     1  1    1    7.933000
   2     0  2    1    7.592500
   3  1001  9    1   11.000000
   4  1002 31    1   17.000000
   5  1003 32    1   20.500000
   6  2004 34    1    9.000000
--------------------------------------------------------------------------------
 
