 
--------------------------------------------------------------------------------
 20-Ca- 40   T= 0.00 K from IAEA/PD-2019       (ACEMAKER)
 ZAID= 20040.38u  MAT=2025  ZA= 20040
 AWR=  39.619000  STA=  0  ELIS=   0.000 MeV  LIS=  0  LISO=  0
--------------------------------------------------------------------------------
 NTOTR=  19 NTRAN=   1 NPROD=  18 NE=     256 EMAX= 140.000 MeV
   i     MT/MTD     Q [MeV]     T [MeV] LMF  MT    ZAP LFS
   1          5    0.000000    8.329000   3   5
   2        219    0.000000   46.961000   6   5  17032   0
   3        220    0.000000   31.216000   6   5  17033   0
   4        221    0.000000   25.967000   6   5  17034   0
   5        222    0.000000   15.546000   6   5  17035   0
   6        223    0.000000   27.544000   6   5  17036   0
   7        224    0.000000   24.952000   6   5  17037   0
   8        225    0.000000   52.104000   6   5  18033   0
   9        226    0.000000   35.034000   6   5  18034   0
  10        227    0.000000   22.293000   6   5  18035   0
  11        228    0.000000    8.329000   6   5  18036   0
  12        229    0.000000   18.830000   6   5  18037   0
  13        230    0.000000   14.710000   6   5  18038   0
  14        231    0.000000   24.996000   6   5  19037   0
  15        232    0.000000   19.181000   6   5  19038   0
  16        233    0.000000    8.329000   6   5  19039   0
  17        234    0.000000   45.900000   6   5  20037   0
  18        235    0.000000   28.929000   6   5  20038   0
  19        236    0.000000   15.641000   6   5  20039   0
 
   p   ZAP IP   NR    Tp [MeV]
   1     1  1    1   15.641000
   2  1001  9    1    8.329000
   3  1002 31    1   19.181000
   4  1003 32    1   24.996000
   5  2003 33    1   18.830000
   6  2004 34    1    8.329000
--------------------------------------------------------------------------------
 
