 
--------------------------------------------------------------------------------
 24-Cr- 52   T= 0.00 K from IAEA/PD-2019       (ACEMAKER)
 ZAID= 24052.38u  MAT=2431  ZA= 24052
 AWR=  51.494310  STA=  0  ELIS=   0.000 MeV  LIS=  0  LISO=  0
--------------------------------------------------------------------------------
 NTOTR= 211 NTRAN=   1 NPROD= 210 NE=     136 EMAX= 200.000 MeV
   i     MT/MTD     Q [MeV]     T [MeV] LMF  MT    ZAP LFS
   1          5    0.000000    1.000000   3   5
   2        219    0.000000  160.000000   6   5  12022   0
   3        220    0.000000  140.000000   6   5  12023   0
   4        221    0.000000  120.000000   6   5  12024   0
   5        222    0.000000  110.000000   6   5  12025   0
   6        223    0.000000   95.000000   6   5  12026   0
   7        224    0.000000   85.000000   6   5  12027   0
   8        225    0.000000   80.000000   6   5  12028   0
   9        226    0.000000   90.000000   6   5  12029   0
  10        227    0.000000  100.000000   6   5  12030   0
  11        228    0.000000  110.000000   6   5  12031   0
  12        229    0.000000  120.000000   6   5  12032   0
  13        230    0.000000  140.000000   6   5  12033   0
  14        231    0.000000  150.000000   6   5  12034   0
  15        232    0.000000  170.000000   6   5  12035   0
  16        233    0.000000  180.000000   6   5  12036   0
  17        234    0.000000  160.000000   6   5  13023   0
  18        235    0.000000  150.000000   6   5  13024   0
  19        236    0.000000  150.000000   6   5  13024   1
  20        237    0.000000  130.000000   6   5  13025   0
  21        238    0.000000  110.000000   6   5  13026   0
  22        239    0.000000  110.000000   6   5  13026   1
  23        240    0.000000   95.000000   6   5  13027   0
  24        241    0.000000   90.000000   6   5  13028   0
  25        242    0.000000   80.000000   6   5  13029   0
  26        243    0.000000   80.000000   6   5  13030   0
  27        244    0.000000   80.000000   6   5  13031   0
  28        245    0.000000   90.000000   6   5  13032   0
  29        246    0.000000  100.000000   6   5  13033   0
  30        247    0.000000  110.000000   6   5  13034   0
  31        248    0.000000  130.000000   6   5  13035   0
  32        249    0.000000  140.000000   6   5  13036   0
  33        250    0.000000  150.000000   6   5  13037   0
  34        251    0.000000  180.000000   6   5  13038   0
  35        252    0.000000  190.000000   6   5  13039   0
  36        253    0.000000  180.000000   6   5  14024   0
  37        254    0.000000  160.000000   6   5  14025   0
  38        255    0.000000  140.000000   6   5  14026   0
  39        256    0.000000  120.000000   6   5  14027   0
  40        257    0.000000  110.000000   6   5  14028   0
  41        258    0.000000   95.000000   6   5  14029   0
  42        259    0.000000   80.000000   6   5  14030   0
  43        260    0.000000   70.000000   6   5  14031   0
  44        261    0.000000   62.000000   6   5  14032   0
  45        262    0.000000   72.000000   6   5  14033   0
  46        263    0.000000   76.000000   6   5  14034   0
  47        264    0.000000   90.000000   6   5  14035   0
  48        265    0.000000  110.000000   6   5  14036   0
  49        266    0.000000  120.000000   6   5  14037   0
  50        267    0.000000  130.000000   6   5  14038   0
  51        268    0.000000  150.000000   6   5  14039   0
  52        269    0.000000  150.000000   6   5  14040   0
  53        270    0.000000  190.000000   6   5  14041   0
  54        271    0.000000  190.000000   6   5  15025   0
  55        272    0.000000  170.000000   6   5  15026   0
  56        273    0.000000  150.000000   6   5  15027   0
  57        274    0.000000  130.000000   6   5  15028   0
  58        275    0.000000  110.000000   6   5  15029   0
  59        276    0.000000  100.000000   6   5  15030   0
  60        277    0.000000   85.000000   6   5  15031   0
  61        278    0.000000   74.000000   6   5  15032   0
  62        279    0.000000   64.000000   6   5  15033   0
  63        280    0.000000   64.000000   6   5  15034   0
  64        281    0.000000   62.000000   6   5  15035   0
  65        282    0.000000   74.000000   6   5  15036   0
  66        283    0.000000   76.000000   6   5  15037   0
  67        284    0.000000   95.000000   6   5  15038   0
  68        285    0.000000  110.000000   6   5  15039   0
  69        286    0.000000  120.000000   6   5  15040   0
  70        287    0.000000  130.000000   6   5  15041   0
  71        288    0.000000  150.000000   6   5  15042   0
  72        289    0.000000  190.000000   6   5  16027   0
  73        290    0.000000  170.000000   6   5  16028   0
  74        291    0.000000  150.000000   6   5  16029   0
  75        292    0.000000  130.000000   6   5  16030   0
  76        293    0.000000  110.000000   6   5  16031   0
  77        294    0.000000   90.000000   6   5  16032   0
  78        295    0.000000   78.000000   6   5  16033   0
  79        296    0.000000   66.000000   6   5  16034   0
  80        297    0.000000   56.000000   6   5  16035   0
  81        298    0.000000   48.000000   6   5  16036   0
  82        299    0.000000   58.000000   6   5  16037   0
  83        300    0.000000   62.000000   6   5  16038   0
  84        301    0.000000   74.000000   6   5  16039   0
  85        302    0.000000   76.000000   6   5  16040   0
  86        303    0.000000   90.000000   6   5  16041   0
  87        304    0.000000  110.000000   6   5  16042   0
  88        305    0.000000  120.000000   6   5  16043   0
  89        306    0.000000  180.000000   6   5  17029   0
  90        307    0.000000  160.000000   6   5  17030   0
  91        308    0.000000  140.000000   6   5  17031   0
  92        309    0.000000  120.000000   6   5  17032   0
  93        310    0.000000  100.000000   6   5  17033   0
  94        311    0.000000   90.000000   6   5  17034   0
  95        312    0.000000   90.000000   6   5  17034   1
  96        313    0.000000   72.000000   6   5  17035   0
  97        314    0.000000   64.000000   6   5  17036   0
  98        315    0.000000   52.000000   6   5  17037   0
  99        316    0.000000   52.000000   6   5  17038   0
 100        317    0.000000   52.000000   6   5  17038   1
 101        318    0.000000   46.000000   6   5  17039   0
 102        319    0.000000   60.000000   6   5  17040   0
 103        320    0.000000   62.000000   6   5  17041   0
 104        321    0.000000   76.000000   6   5  17042   0
 105        322    0.000000   76.000000   6   5  17043   0
 106        323    0.000000   95.000000   6   5  17044   0
 107        324    0.000000  110.000000   6   5  17045   0
 108        325    0.000000  170.000000   6   5  18031   0
 109        326    0.000000  150.000000   6   5  18032   0
 110        327    0.000000  130.000000   6   5  18033   0
 111        328    0.000000  110.000000   6   5  18034   0
 112        329    0.000000   90.000000   6   5  18035   0
 113        330    0.000000   78.000000   6   5  18036   0
 114        331    0.000000   64.000000   6   5  18037   0
 115        332    0.000000   52.000000   6   5  18038   0
 116        333    0.000000   42.000000   6   5  18039   0
 117        334    0.000000   32.000000   6   5  18040   0
 118        335    0.000000   46.000000   6   5  18041   0
 119        336    0.000000   46.000000   6   5  18042   0
 120        337    0.000000   60.000000   6   5  18043   0
 121        338    0.000000   60.000000   6   5  18044   0
 122        339    0.000000   74.000000   6   5  18045   0
 123        340    0.000000   80.000000   6   5  18046   0
 124        341    0.000000  190.000000   6   5  19032   0
 125        342    0.000000  170.000000   6   5  19033   0
 126        343    0.000000  150.000000   6   5  19034   0
 127        344    0.000000  130.000000   6   5  19035   0
 128        345    0.000000  110.000000   6   5  19036   0
 129        346    0.000000   90.000000   6   5  19037   0
 130        347    0.000000   76.000000   6   5  19038   0
 131        348    0.000000   76.000000   6   5  19038   1
 132        349    0.000000   62.000000   6   5  19039   0
 133        350    0.000000   54.000000   6   5  19040   0
 134        351    0.000000   44.000000   6   5  19041   0
 135        352    0.000000   42.000000   6   5  19042   0
 136        353    0.000000   34.000000   6   5  19043   0
 137        354    0.000000   48.000000   6   5  19044   0
 138        355    0.000000   46.000000   6   5  19045   0
 139        356    0.000000   60.000000   6   5  19046   0
 140        357    0.000000   60.000000   6   5  19047   0
 141        358    0.000000  190.000000   6   5  20034   0
 142        359    0.000000  160.000000   6   5  20035   0
 143        360    0.000000  130.000000   6   5  20036   0
 144        361    0.000000  120.000000   6   5  20037   0
 145        362    0.000000   95.000000   6   5  20038   0
 146        363    0.000000   78.000000   6   5  20039   0
 147        364    0.000000   64.000000   6   5  20040   0
 148        365    0.000000   52.000000   6   5  20041   0
 149        366    0.000000   40.000000   6   5  20042   0
 150        367    0.000000   32.000000   6   5  20043   0
 151        368    0.000000   21.000000   6   5  20044   0
 152        369    0.000000   34.000000   6   5  20045   0
 153        370    0.000000   32.000000   6   5  20046   0
 154        371    0.000000   44.000000   6   5  20047   0
 155        372    0.000000   42.000000   6   5  20048   0
 156        373    0.000000  180.000000   6   5  21036   0
 157        374    0.000000  160.000000   6   5  21037   0
 158        375    0.000000  140.000000   6   5  21038   0
 159        376    0.000000  120.000000   6   5  21039   0
 160        377    0.000000  100.000000   6   5  21040   0
 161        378    0.000000   80.000000   6   5  21041   0
 162        379    0.000000   68.000000   6   5  21042   0
 163        380    0.000000   68.000000   6   5  21042   1
 164        381    0.000000   56.000000   6   5  21043   0
 165        382    0.000000   46.000000   6   5  21044   0
 166        383    0.000000   46.000000   6   5  21044   1
 167        384    0.000000   34.000000   6   5  21045   0
 168        385    0.000000   34.000000   6   5  21045   1
 169        386    0.000000   32.000000   6   5  21046   0
 170        387    0.000000   32.000000   6   5  21046   1
 171        388    0.000000   22.000000   6   5  21047   0
 172        389    0.000000   34.000000   6   5  21048   0
 173        390    0.000000   32.000000   6   5  21049   0
 174        391    0.000000  170.000000   6   5  22038   0
 175        392    0.000000  150.000000   6   5  22039   0
 176        393    0.000000  130.000000   6   5  22040   0
 177        394    0.000000  110.000000   6   5  22041   0
 178        395    0.000000   85.000000   6   5  22042   0
 179        396    0.000000   72.000000   6   5  22043   0
 180        397    0.000000   56.000000   6   5  22044   0
 181        398    0.000000   46.000000   6   5  22045   0
 182        399    0.000000   32.000000   6   5  22046   0
 183        400    0.000000   22.000000   6   5  22047   0
 184        401    0.000000   10.000000   6   5  22048   0
 185        402    0.000000   13.500000   6   5  22048   1
 186        403    0.000000   23.000000   6   5  22049   0
 187        404    0.000000   19.000000   6   5  22050   0
 188        405    0.000000  170.000000   6   5  23040   0
 189        406    0.000000  150.000000   6   5  23041   0
 190        407    0.000000  130.000000   6   5  23042   0
 191        408    0.000000  110.000000   6   5  23043   0
 192        409    0.000000   90.000000   6   5  23044   0
 193        410    0.000000   90.000000   6   5  23044   1
 194        411    0.000000   74.000000   6   5  23045   0
 195        412    0.000000   60.000000   6   5  23046   0
 196        413    0.000000   46.000000   6   5  23047   0
 197        414    0.000000   36.000000   6   5  23048   0
 198        415    0.000000   23.000000   6   5  23049   0
 199        416    0.000000   20.000000   6   5  23050   0
 200        417    0.000000   11.000000   6   5  23051   0
 201        418    0.000000  160.000000   6   5  24042   0
 202        419    0.000000  140.000000   6   5  24043   0
 203        420    0.000000  120.000000   6   5  24044   0
 204        421    0.000000  100.000000   6   5  24045   0
 205        422    0.000000   78.000000   6   5  24046   0
 206        423    0.000000   64.000000   6   5  24047   0
 207        424    0.000000   46.000000   6   5  24048   0
 208        425    0.000000   36.000000   6   5  24049   0
 209        426    0.000000   22.000000   6   5  24050   0
 210        427    0.000000   12.500000   6   5  24051   0
 211        428    0.000000    1.000000   6   5  24052   0
 
   p   ZAP IP   NR    Tp [MeV]
   1     1  1    1   12.039160
   2     0  2    1    1.000000
   3  1001  9    1   10.504370
   4  1002 31    1   19.330950
   5  1003 32    1   22.407120
   6  2003 33    1   21.786670
   7  2004 34    1    9.351449
--------------------------------------------------------------------------------
 
