 
--------------------------------------------------------------------------------
 28-Ni- 62   T= 0.00 K from IAEA/PD-2019       (ACEMAKER)
 ZAID= 28062.38u  MAT=2837  ZA= 28062
 AWR=  61.396350  STA=  0  ELIS=   0.000 MeV  LIS=  0  LISO=  0
--------------------------------------------------------------------------------
 NTOTR= 227 NTRAN=   1 NPROD= 226 NE=     133 EMAX= 200.000 MeV
   i     MT/MTD     Q [MeV]     T [MeV] LMF  MT    ZAP LFS
   1          5    0.000000    1.000000   3   5
   2        219    0.000000  150.000000   6   5  16032   0
   3        220    0.000000  140.000000   6   5  16033   0
   4        221    0.000000  120.000000   6   5  16034   0
   5        222    0.000000  110.000000   6   5  16035   0
   6        223    0.000000  100.000000   6   5  16036   0
   7        224    0.000000   90.000000   6   5  16037   0
   8        225    0.000000   90.000000   6   5  16038   0
   9        226    0.000000   90.000000   6   5  16039   0
  10        227    0.000000  110.000000   6   5  16040   0
  11        228    0.000000  110.000000   6   5  16041   0
  12        229    0.000000  120.000000   6   5  16042   0
  13        230    0.000000  140.000000   6   5  16043   0
  14        231    0.000000  150.000000   6   5  16044   0
  15        232    0.000000  170.000000   6   5  16045   0
  16        233    0.000000  180.000000   6   5  16046   0
  17        234    0.000000  150.000000   6   5  17033   0
  18        235    0.000000  140.000000   6   5  17034   0
  19        236    0.000000  140.000000   6   5  17034   1
  20        237    0.000000  120.000000   6   5  17035   0
  21        238    0.000000  110.000000   6   5  17036   0
  22        239    0.000000  100.000000   6   5  17037   0
  23        240    0.000000   90.000000   6   5  17038   0
  24        241    0.000000   90.000000   6   5  17038   1
  25        242    0.000000   90.000000   6   5  17039   0
  26        243    0.000000   85.000000   6   5  17040   0
  27        244    0.000000   85.000000   6   5  17041   0
  28        245    0.000000   95.000000   6   5  17042   0
  29        246    0.000000  110.000000   6   5  17043   0
  30        247    0.000000  110.000000   6   5  17044   0
  31        248    0.000000  130.000000   6   5  17045   0
  32        249    0.000000  140.000000   6   5  17046   0
  33        250    0.000000  150.000000   6   5  17047   0
  34        251    0.000000  180.000000   6   5  17048   0
  35        252    0.000000  190.000000   6   5  17049   0
  36        253    0.000000  170.000000   6   5  18034   0
  37        254    0.000000  150.000000   6   5  18035   0
  38        255    0.000000  140.000000   6   5  18036   0
  39        256    0.000000  120.000000   6   5  18037   0
  40        257    0.000000  110.000000   6   5  18038   0
  41        258    0.000000   95.000000   6   5  18039   0
  42        259    0.000000   85.000000   6   5  18040   0
  43        260    0.000000   72.000000   6   5  18041   0
  44        261    0.000000   66.000000   6   5  18042   0
  45        262    0.000000   74.000000   6   5  18043   0
  46        263    0.000000   80.000000   6   5  18044   0
  47        264    0.000000   90.000000   6   5  18045   0
  48        265    0.000000  100.000000   6   5  18046   0
  49        266    0.000000  110.000000   6   5  18047   0
  50        267    0.000000  120.000000   6   5  18048   0
  51        268    0.000000  140.000000   6   5  18049   0
  52        269    0.000000  150.000000   6   5  18050   0
  53        270    0.000000  190.000000   6   5  18051   0
  54        271    0.000000  180.000000   6   5  19035   0
  55        272    0.000000  160.000000   6   5  19036   0
  56        273    0.000000  140.000000   6   5  19037   0
  57        274    0.000000  120.000000   6   5  19038   0
  58        275    0.000000  120.000000   6   5  19038   1
  59        276    0.000000  110.000000   6   5  19039   0
  60        277    0.000000  100.000000   6   5  19040   0
  61        278    0.000000   85.000000   6   5  19041   0
  62        279    0.000000   78.000000   6   5  19042   0
  63        280    0.000000   68.000000   6   5  19043   0
  64        281    0.000000   66.000000   6   5  19044   0
  65        282    0.000000   62.000000   6   5  19045   0
  66        283    0.000000   74.000000   6   5  19046   0
  67        284    0.000000   80.000000   6   5  19047   0
  68        285    0.000000   90.000000   6   5  19048   0
  69        286    0.000000  110.000000   6   5  19049   0
  70        287    0.000000  120.000000   6   5  19050   0
  71        288    0.000000  130.000000   6   5  19051   0
  72        289    0.000000  150.000000   6   5  19052   0
  73        290    0.000000  180.000000   6   5  20037   0
  74        291    0.000000  160.000000   6   5  20038   0
  75        292    0.000000  140.000000   6   5  20039   0
  76        293    0.000000  120.000000   6   5  20040   0
  77        294    0.000000  110.000000   6   5  20041   0
  78        295    0.000000   90.000000   6   5  20042   0
  79        296    0.000000   76.000000   6   5  20043   0
  80        297    0.000000   64.000000   6   5  20044   0
  81        298    0.000000   54.000000   6   5  20045   0
  82        299    0.000000   46.000000   6   5  20046   0
  83        300    0.000000   58.000000   6   5  20047   0
  84        301    0.000000   60.000000   6   5  20048   0
  85        302    0.000000   70.000000   6   5  20049   0
  86        303    0.000000   80.000000   6   5  20050   0
  87        304    0.000000   90.000000   6   5  20051   0
  88        305    0.000000  110.000000   6   5  20052   0
  89        306    0.000000  120.000000   6   5  20053   0
  90        307    0.000000  180.000000   6   5  21038   0
  91        308    0.000000  160.000000   6   5  21039   0
  92        309    0.000000  150.000000   6   5  21040   0
  93        310    0.000000  130.000000   6   5  21041   0
  94        311    0.000000  110.000000   6   5  21042   0
  95        312    0.000000  110.000000   6   5  21042   1
  96        313    0.000000  100.000000   6   5  21043   0
  97        314    0.000000   90.000000   6   5  21044   0
  98        315    0.000000   90.000000   6   5  21044   1
  99        316    0.000000   74.000000   6   5  21045   0
 100        317    0.000000   74.000000   6   5  21045   1
 101        318    0.000000   64.000000   6   5  21046   0
 102        319    0.000000   64.000000   6   5  21046   1
 103        320    0.000000   52.000000   6   5  21047   0
 104        321    0.000000   50.000000   6   5  21048   0
 105        322    0.000000   44.000000   6   5  21049   0
 106        323    0.000000   58.000000   6   5  21050   0
 107        324    0.000000   58.000000   6   5  21050   1
 108        325    0.000000   58.000000   6   5  21051   0
 109        326    0.000000   74.000000   6   5  21052   0
 110        327    0.000000   80.000000   6   5  21053   0
 111        328    0.000000   95.000000   6   5  21054   0
 112        329    0.000000  130.000000   6   5  21055   0
 113        330    0.000000  180.000000   6   5  22040   0
 114        331    0.000000  160.000000   6   5  22041   0
 115        332    0.000000  140.000000   6   5  22042   0
 116        333    0.000000  120.000000   6   5  22043   0
 117        334    0.000000  100.000000   6   5  22044   0
 118        335    0.000000   90.000000   6   5  22045   0
 119        336    0.000000   72.000000   6   5  22046   0
 120        337    0.000000   60.000000   6   5  22047   0
 121        338    0.000000   48.000000   6   5  22048   0
 122        339    0.000000   52.000000   6   5  22048   1
 123        340    0.000000   40.000000   6   5  22049   0
 124        341    0.000000   28.000000   6   5  22050   0
 125        342    0.000000   42.000000   6   5  22051   0
 126        343    0.000000   44.000000   6   5  22052   0
 127        344    0.000000   58.000000   6   5  22053   0
 128        345    0.000000   58.000000   6   5  22054   0
 129        346    0.000000   76.000000   6   5  22055   0
 130        347    0.000000   85.000000   6   5  22056   0
 131        348    0.000000  190.000000   6   5  23041   0
 132        349    0.000000  170.000000   6   5  23042   0
 133        350    0.000000  150.000000   6   5  23043   0
 134        351    0.000000  140.000000   6   5  23044   0
 135        352    0.000000  140.000000   6   5  23044   1
 136        353    0.000000  120.000000   6   5  23045   0
 137        354    0.000000  100.000000   6   5  23046   0
 138        355    0.000000   85.000000   6   5  23047   0
 139        356    0.000000   72.000000   6   5  23048   0
 140        357    0.000000   60.000000   6   5  23049   0
 141        358    0.000000   50.000000   6   5  23050   0
 142        359    0.000000   38.000000   6   5  23051   0
 143        360    0.000000   38.000000   6   5  23052   0
 144        361    0.000000   32.000000   6   5  23053   0
 145        362    0.000000   46.000000   6   5  23054   0
 146        363    0.000000   46.000000   6   5  23055   0
 147        364    0.000000   62.000000   6   5  23056   0
 148        365    0.000000   64.000000   6   5  23057   0
 149        366    0.000000  190.000000   6   5  24043   0
 150        367    0.000000  160.000000   6   5  24044   0
 151        368    0.000000  140.000000   6   5  24045   0
 152        369    0.000000  120.000000   6   5  24046   0
 153        370    0.000000  110.000000   6   5  24047   0
 154        371    0.000000   85.000000   6   5  24048   0
 155        372    0.000000   72.000000   6   5  24049   0
 156        373    0.000000   58.000000   6   5  24050   0
 157        374    0.000000   48.000000   6   5  24051   0
 158        375    0.000000   36.000000   6   5  24052   0
 159        376    0.000000   27.000000   6   5  24053   0
 160        377    0.000000   17.000000   6   5  24054   0
 161        378    0.000000   32.000000   6   5  24055   0
 162        379    0.000000   32.000000   6   5  24056   0
 163        380    0.000000   46.000000   6   5  24057   0
 164        381    0.000000   48.000000   6   5  24058   0
 165        382    0.000000  180.000000   6   5  25045   0
 166        383    0.000000  160.000000   6   5  25046   0
 167        384    0.000000  140.000000   6   5  25047   0
 168        385    0.000000  120.000000   6   5  25048   0
 169        386    0.000000  110.000000   6   5  25049   0
 170        387    0.000000   90.000000   6   5  25050   0
 171        388    0.000000   90.000000   6   5  25050   1
 172        389    0.000000   72.000000   6   5  25051   0
 173        390    0.000000   62.000000   6   5  25052   0
 174        391    0.000000   62.000000   6   5  25052   1
 175        392    0.000000   48.000000   6   5  25053   0
 176        393    0.000000   40.000000   6   5  25054   0
 177        394    0.000000   28.000000   6   5  25055   0
 178        395    0.000000   27.000000   6   5  25056   0
 179        396    0.000000   20.000000   6   5  25057   0
 180        397    0.000000   36.000000   6   5  25058   0
 181        398    0.000000   36.000000   6   5  25058   1
 182        399    0.000000   34.000000   6   5  25059   0
 183        400    0.000000  170.000000   6   5  26047   0
 184        401    0.000000  150.000000   6   5  26048   0
 185        402    0.000000  130.000000   6   5  26049   0
 186        403    0.000000  110.000000   6   5  26050   0
 187        404    0.000000   90.000000   6   5  26051   0
 188        405    0.000000   74.000000   6   5  26052   0
 189        406    0.000000   62.000000   6   5  26053   0
 190        407    0.000000   66.000000   6   5  26053   1
 191        408    0.000000   48.000000   6   5  26054   0
 192        409    0.000000   38.000000   6   5  26055   0
 193        410    0.000000   26.000000   6   5  26056   0
 194        411    0.000000   17.500000   6   5  26057   0
 195        412    0.000000    7.500000   6   5  26058   0
 196        413    0.000000   22.000000   6   5  26059   0
 197        414    0.000000   21.000000   6   5  26060   0
 198        415    0.000000  190.000000   6   5  27048   0
 199        416    0.000000  170.000000   6   5  27049   0
 200        417    0.000000  150.000000   6   5  27050   0
 201        418    0.000000  130.000000   6   5  27051   0
 202        419    0.000000  110.000000   6   5  27052   0
 203        420    0.000000   95.000000   6   5  27053   0
 204        421    0.000000   78.000000   6   5  27054   0
 205        422    0.000000   78.000000   6   5  27054   1
 206        423    0.000000   62.000000   6   5  27055   0
 207        424    0.000000   52.000000   6   5  27056   0
 208        425    0.000000   40.000000   6   5  27057   0
 209        426    0.000000   32.000000   6   5  27058   0
 210        427    0.000000   32.000000   6   5  27058   1
 211        428    0.000000   20.000000   6   5  27059   0
 212        429    0.000000   18.500000   6   5  27060   0
 213        430    0.000000   18.500000   6   5  27060   1
 214        431    0.000000   11.500000   6   5  27061   0
 215        432    0.000000  190.000000   6   5  28050   0
 216        433    0.000000  160.000000   6   5  28051   0
 217        434    0.000000  140.000000   6   5  28052   0
 218        435    0.000000  120.000000   6   5  28053   0
 219        436    0.000000  100.000000   6   5  28054   0
 220        437    0.000000   85.000000   6   5  28055   0
 221        438    0.000000   64.000000   6   5  28056   0
 222        439    0.000000   54.000000   6   5  28057   0
 223        440    0.000000   40.000000   6   5  28058   0
 224        441    0.000000   32.000000   6   5  28059   0
 225        442    0.000000   19.000000   6   5  28060   0
 226        443    0.000000   11.000000   6   5  28061   0
 227        444    0.000000    1.000000   6   5  28062   0
 
   p   ZAP IP   NR    Tp [MeV]
   1     1  1    1   10.595740
   2     0  2    1    1.000000
   3  1001  9    1   11.137230
   4  1002 31    1   18.231740
   5  1003 32    1   19.466420
   6  2003 33    1   21.012740
   7  2004 34    1    7.500000
--------------------------------------------------------------------------------
 
