 
--------------------------------------------------------------------------------
 32-Ge- 76   T= 0.00 K from IAEA/PD-2019       (ACEMAKER)
 ZAID= 32076.38u  MAT=3243  ZA= 32076
 AWR=  75.269200  STA=  0  ELIS=   0.000 MeV  LIS=  0  LISO=  0
--------------------------------------------------------------------------------
 NTOTR= 278 NTRAN=   1 NPROD= 277 NE=     134 EMAX= 200.000 MeV
   i     MT/MTD     Q [MeV]     T [MeV] LMF  MT    ZAP LFS
   1          5    0.000000    1.000000   3   5
   2        219    0.000000  180.000000   6   5  14040   0
   3        220    0.000000  180.000000   6   5  15041   0
   4        221    0.000000  180.000000   6   5  15042   0
   5        222    0.000000  180.000000   6   5  15043   0
   6        223    0.000000  150.000000   6   5  16042   0
   7        224    0.000000  150.000000   6   5  16043   0
   8        225    0.000000  150.000000   6   5  16044   0
   9        226    0.000000  170.000000   6   5  16045   0
  10        227    0.000000  170.000000   6   5  16046   0
  11        228    0.000000  150.000000   6   5  17043   0
  12        229    0.000000  150.000000   6   5  17044   0
  13        230    0.000000  150.000000   6   5  17045   0
  14        231    0.000000  150.000000   6   5  17046   0
  15        232    0.000000  150.000000   6   5  17047   0
  16        233    0.000000  170.000000   6   5  17048   0
  17        234    0.000000  180.000000   6   5  17049   0
  18        235    0.000000  140.000000   6   5  18044   0
  19        236    0.000000  130.000000   6   5  18045   0
  20        237    0.000000  130.000000   6   5  18046   0
  21        238    0.000000  120.000000   6   5  18047   0
  22        239    0.000000  120.000000   6   5  18048   0
  23        240    0.000000  140.000000   6   5  18049   0
  24        241    0.000000  140.000000   6   5  18050   0
  25        242    0.000000  180.000000   6   5  18051   0
  26        243    0.000000  180.000000   6   5  18052   0
  27        244    0.000000  140.000000   6   5  19045   0
  28        245    0.000000  130.000000   6   5  19046   0
  29        246    0.000000  130.000000   6   5  19047   0
  30        247    0.000000  120.000000   6   5  19048   0
  31        248    0.000000  120.000000   6   5  19049   0
  32        249    0.000000  120.000000   6   5  19050   0
  33        250    0.000000  130.000000   6   5  19051   0
  34        251    0.000000  140.000000   6   5  19052   0
  35        252    0.000000  150.000000   6   5  19053   0
  36        253    0.000000  180.000000   6   5  19054   0
  37        254    0.000000  180.000000   6   5  19055   0
  38        255    0.000000  140.000000   6   5  20046   0
  39        256    0.000000  130.000000   6   5  20047   0
  40        257    0.000000  120.000000   6   5  20048   0
  41        258    0.000000  110.000000   6   5  20049   0
  42        259    0.000000  110.000000   6   5  20050   0
  43        260    0.000000  100.000000   6   5  20051   0
  44        261    0.000000  100.000000   6   5  20052   0
  45        262    0.000000  120.000000   6   5  20053   0
  46        263    0.000000  120.000000   6   5  20054   0
  47        264    0.000000  150.000000   6   5  20055   0
  48        265    0.000000  150.000000   6   5  20056   0
  49        266    0.000000  180.000000   6   5  20057   0
  50        267    0.000000  190.000000   6   5  20058   0
  51        268    0.000000  140.000000   6   5  21047   0
  52        269    0.000000  130.000000   6   5  21048   0
  53        270    0.000000  120.000000   6   5  21049   0
  54        271    0.000000  110.000000   6   5  21050   0
  55        272    0.000000  110.000000   6   5  21050   1
  56        273    0.000000  110.000000   6   5  21051   0
  57        274    0.000000  100.000000   6   5  21052   0
  58        275    0.000000  100.000000   6   5  21053   0
  59        276    0.000000  100.000000   6   5  21054   0
  60        277    0.000000  110.000000   6   5  21055   0
  61        278    0.000000  120.000000   6   5  21056   0
  62        279    0.000000  120.000000   6   5  21057   0
  63        280    0.000000  150.000000   6   5  21058   0
  64        281    0.000000  150.000000   6   5  21059   0
  65        282    0.000000  190.000000   6   5  21060   0
  66        283    0.000000  190.000000   6   5  21061   0
  67        284    0.000000  140.000000   6   5  22048   0
  68        285    0.000000  140.000000   6   5  22048   1
  69        286    0.000000  130.000000   6   5  22049   0
  70        287    0.000000  120.000000   6   5  22050   0
  71        288    0.000000  110.000000   6   5  22051   0
  72        289    0.000000  100.000000   6   5  22052   0
  73        290    0.000000   90.000000   6   5  22053   0
  74        291    0.000000   85.000000   6   5  22054   0
  75        292    0.000000   78.000000   6   5  22055   0
  76        293    0.000000   85.000000   6   5  22056   0
  77        294    0.000000   85.000000   6   5  22057   0
  78        295    0.000000  100.000000   6   5  22058   0
  79        296    0.000000  110.000000   6   5  22059   0
  80        297    0.000000  120.000000   6   5  22060   0
  81        298    0.000000  150.000000   6   5  22061   0
  82        299    0.000000  160.000000   6   5  22062   0
  83        300    0.000000  190.000000   6   5  22063   0
  84        301    0.000000  140.000000   6   5  23049   0
  85        302    0.000000  130.000000   6   5  23050   0
  86        303    0.000000  120.000000   6   5  23051   0
  87        304    0.000000  110.000000   6   5  23052   0
  88        305    0.000000  100.000000   6   5  23053   0
  89        306    0.000000   90.000000   6   5  23054   0
  90        307    0.000000   85.000000   6   5  23055   0
  91        308    0.000000   78.000000   6   5  23056   0
  92        309    0.000000   78.000000   6   5  23057   0
  93        310    0.000000   76.000000   6   5  23058   0
  94        311    0.000000   78.000000   6   5  23059   0
  95        312    0.000000   90.000000   6   5  23060   0
  96        313    0.000000   90.000000   6   5  23060   1
  97        314    0.000000  100.000000   6   5  23061   0
  98        315    0.000000  120.000000   6   5  23062   0
  99        316    0.000000  130.000000   6   5  23063   0
 100        317    0.000000  160.000000   6   5  23064   0
 101        318    0.000000  160.000000   6   5  23065   0
 102        319    0.000000  150.000000   6   5  24050   0
 103        320    0.000000  140.000000   6   5  24051   0
 104        321    0.000000  130.000000   6   5  24052   0
 105        322    0.000000  110.000000   6   5  24053   0
 106        323    0.000000  100.000000   6   5  24054   0
 107        324    0.000000   90.000000   6   5  24055   0
 108        325    0.000000   80.000000   6   5  24056   0
 109        326    0.000000   70.000000   6   5  24057   0
 110        327    0.000000   64.000000   6   5  24058   0
 111        328    0.000000   56.000000   6   5  24059   0
 112        329    0.000000   52.000000   6   5  24060   0
 113        330    0.000000   66.000000   6   5  24061   0
 114        331    0.000000   74.000000   6   5  24062   0
 115        332    0.000000   90.000000   6   5  24063   0
 116        333    0.000000  100.000000   6   5  24064   0
 117        334    0.000000  120.000000   6   5  24065   0
 118        335    0.000000  130.000000   6   5  24066   0
 119        336    0.000000  160.000000   6   5  24067   0
 120        337    0.000000  150.000000   6   5  25051   0
 121        338    0.000000  140.000000   6   5  25052   0
 122        339    0.000000  140.000000   6   5  25052   1
 123        340    0.000000  130.000000   6   5  25053   0
 124        341    0.000000  120.000000   6   5  25054   0
 125        342    0.000000  110.000000   6   5  25055   0
 126        343    0.000000   95.000000   6   5  25056   0
 127        344    0.000000   85.000000   6   5  25057   0
 128        345    0.000000   76.000000   6   5  25058   0
 129        346    0.000000   76.000000   6   5  25058   1
 130        347    0.000000   68.000000   6   5  25059   0
 131        348    0.000000   62.000000   6   5  25060   0
 132        349    0.000000   62.000000   6   5  25060   1
 133        350    0.000000   56.000000   6   5  25061   0
 134        351    0.000000   56.000000   6   5  25062   0
 135        352    0.000000   52.000000   6   5  25063   0
 136        353    0.000000   68.000000   6   5  25064   0
 137        354    0.000000   74.000000   6   5  25065   0
 138        355    0.000000   90.000000   6   5  25066   0
 139        356    0.000000  110.000000   6   5  25067   0
 140        357    0.000000  130.000000   6   5  25068   0
 141        358    0.000000  170.000000   6   5  26052   0
 142        359    0.000000  150.000000   6   5  26053   0
 143        360    0.000000  150.000000   6   5  26053   1
 144        361    0.000000  140.000000   6   5  26054   0
 145        362    0.000000  120.000000   6   5  26055   0
 146        363    0.000000  110.000000   6   5  26056   0
 147        364    0.000000   95.000000   6   5  26057   0
 148        365    0.000000   85.000000   6   5  26058   0
 149        366    0.000000   72.000000   6   5  26059   0
 150        367    0.000000   64.000000   6   5  26060   0
 151        368    0.000000   54.000000   6   5  26061   0
 152        369    0.000000   46.000000   6   5  26062   0
 153        370    0.000000   40.000000   6   5  26063   0
 154        371    0.000000   34.000000   6   5  26064   0
 155        372    0.000000   50.000000   6   5  26065   0
 156        373    0.000000   50.000000   6   5  26066   0
 157        374    0.000000   66.000000   6   5  26067   0
 158        375    0.000000   76.000000   6   5  26068   0
 159        376    0.000000   90.000000   6   5  26069   0
 160        377    0.000000  130.000000   6   5  26070   0
 161        378    0.000000  170.000000   6   5  27053   0
 162        379    0.000000  160.000000   6   5  27054   0
 163        380    0.000000  160.000000   6   5  27054   1
 164        381    0.000000  140.000000   6   5  27055   0
 165        382    0.000000  130.000000   6   5  27056   0
 166        383    0.000000  120.000000   6   5  27057   0
 167        384    0.000000  110.000000   6   5  27058   0
 168        385    0.000000  110.000000   6   5  27058   1
 169        386    0.000000   90.000000   6   5  27059   0
 170        387    0.000000   85.000000   6   5  27060   0
 171        388    0.000000   85.000000   6   5  27060   1
 172        389    0.000000   72.000000   6   5  27061   0
 173        390    0.000000   64.000000   6   5  27062   0
 174        391    0.000000   62.000000   6   5  27062   1
 175        392    0.000000   54.000000   6   5  27063   0
 176        393    0.000000   48.000000   6   5  27064   0
 177        394    0.000000   40.000000   6   5  27065   0
 178        395    0.000000   40.000000   6   5  27066   0
 179        396    0.000000   36.000000   6   5  27067   0
 180        397    0.000000   52.000000   6   5  27068   0
 181        398    0.000000   52.000000   6   5  27068   1
 182        399    0.000000   52.000000   6   5  27069   0
 183        400    0.000000   68.000000   6   5  27070   0
 184        401    0.000000   68.000000   6   5  27070   1
 185        402    0.000000   76.000000   6   5  27071   0
 186        403    0.000000  170.000000   6   5  28055   0
 187        404    0.000000  150.000000   6   5  28056   0
 188        405    0.000000  140.000000   6   5  28057   0
 189        406    0.000000  120.000000   6   5  28058   0
 190        407    0.000000  110.000000   6   5  28059   0
 191        408    0.000000   95.000000   6   5  28060   0
 192        409    0.000000   80.000000   6   5  28061   0
 193        410    0.000000   68.000000   6   5  28062   0
 194        411    0.000000   58.000000   6   5  28063   0
 195        412    0.000000   48.000000   6   5  28064   0
 196        413    0.000000   42.000000   6   5  28065   0
 197        414    0.000000   32.000000   6   5  28066   0
 198        415    0.000000   26.000000   6   5  28067   0
 199        416    0.000000   17.500000   6   5  28068   0
 200        417    0.000000   34.000000   6   5  28069   0
 201        418    0.000000   34.000000   6   5  28070   0
 202        419    0.000000   50.000000   6   5  28071   0
 203        420    0.000000   52.000000   6   5  28072   0
 204        421    0.000000  180.000000   6   5  29056   0
 205        422    0.000000  160.000000   6   5  29057   0
 206        423    0.000000  150.000000   6   5  29058   0
 207        424    0.000000  130.000000   6   5  29059   0
 208        425    0.000000  120.000000   6   5  29060   0
 209        426    0.000000  110.000000   6   5  29061   0
 210        427    0.000000   95.000000   6   5  29062   0
 211        428    0.000000   80.000000   6   5  29063   0
 212        429    0.000000   70.000000   6   5  29064   0
 213        430    0.000000   60.000000   6   5  29065   0
 214        431    0.000000   52.000000   6   5  29066   0
 215        432    0.000000   42.000000   6   5  29067   0
 216        433    0.000000   36.000000   6   5  29068   0
 217        434    0.000000   36.000000   6   5  29068   1
 218        435    0.000000   27.000000   6   5  29069   0
 219        436    0.000000   28.000000   6   5  29070   0
 220        437    0.000000   28.000000   6   5  29070   1
 221        438    0.000000   22.000000   6   5  29071   0
 222        439    0.000000   38.000000   6   5  29072   0
 223        440    0.000000   38.000000   6   5  29073   0
 224        441    0.000000  180.000000   6   5  30058   0
 225        442    0.000000  160.000000   6   5  30059   0
 226        443    0.000000  140.000000   6   5  30060   0
 227        444    0.000000  120.000000   6   5  30061   0
 228        445    0.000000  120.000000   6   5  30061   1
 229        446    0.000000  120.000000   6   5  30061   2
 230        447    0.000000  120.000000   6   5  30061   3
 231        448    0.000000  110.000000   6   5  30062   0
 232        449    0.000000   95.000000   6   5  30063   0
 233        450    0.000000   80.000000   6   5  30064   0
 234        461    0.000000   70.000000   6   5  30065   0
 235        462    0.000000   60.000000   6   5  30066   0
 236        463    0.000000   52.000000   6   5  30067   0
 237        464    0.000000   40.000000   6   5  30068   0
 238        465    0.000000   34.000000   6   5  30069   0
 239        466    0.000000   34.000000   6   5  30069   1
 240        467    0.000000   24.000000   6   5  30070   0
 241        468    0.000000   17.500000   6   5  30071   0
 242        469    0.000000   17.500000   6   5  30071   1
 243        470    0.000000    8.500000   6   5  30072   0
 244        471    0.000000   24.000000   6   5  30073   0
 245        472    0.000000   23.000000   6   5  30074   0
 246        473    0.000000  170.000000   6   5  31060   0
 247        474    0.000000  160.000000   6   5  31061   0
 248        475    0.000000  140.000000   6   5  31062   0
 249        476    0.000000  130.000000   6   5  31063   0
 250        477    0.000000  110.000000   6   5  31064   0
 251        478    0.000000   95.000000   6   5  31065   0
 252        479    0.000000   85.000000   6   5  31066   0
 253        480    0.000000   74.000000   6   5  31067   0
 254        481    0.000000   64.000000   6   5  31068   0
 255        482    0.000000   54.000000   6   5  31069   0
 256        483    0.000000   46.000000   6   5  31070   0
 257        484    0.000000   36.000000   6   5  31071   0
 258        485    0.000000   28.000000   6   5  31072   0
 259        486    0.000000   19.000000   6   5  31073   0
 260        487    0.000000   18.500000   6   5  31074   0
 261        488    0.000000   12.500000   6   5  31075   0
 262        489    0.000000  170.000000   6   5  32062   0
 263        490    0.000000  150.000000   6   5  32063   0
 264        491    0.000000  130.000000   6   5  32064   0
 265        492    0.000000  120.000000   6   5  32065   0
 266        493    0.000000  100.000000   6   5  32066   0
 267        494    0.000000   90.000000   6   5  32067   0
 268        495    0.000000   74.000000   6   5  32068   0
 269        496    0.000000   66.000000   6   5  32069   0
 270        497    0.000000   54.000000   6   5  32070   0
 271        498    0.000000   46.000000   6   5  32071   0
 272        499    0.000000   34.000000   6   5  32072   0
 273        500    0.000000   27.000000   6   5  32073   0
 274        501    0.000000   27.000000   6   5  32073   1
 275        502    0.000000   16.500000   6   5  32074   0
 276        503    0.000000    9.500000   6   5  32075   0
 277        504    0.000000   10.000000   6   5  32075   1
 278        505    0.000000    1.000000   6   5  32076   0
 
   p   ZAP IP   NR    Tp [MeV]
   1     1  1    1    9.427241
   2     0  2    1    1.000000
   3  1001  9    1   12.037280
   4  1002 31    1   18.298990
   5  1003 32    1   18.463360
   6  2003 33    1   23.000000
   7  2004 34    1    8.000000
--------------------------------------------------------------------------------
 
