 
--------------------------------------------------------------------------------
 34-Se- 82   T= 0.00 K from IAEA/PD-2019       (ACEMAKER)
 ZAID= 34082.38u  MAT=3449  ZA= 34082
 AWR=  81.213000  STA=  0  ELIS=   0.000 MeV  LIS=  0  LISO=  0
--------------------------------------------------------------------------------
 NTOTR= 114 NTRAN=   1 NPROD= 113 NE=      88 EMAX= 200.000 MeV
   i     MT/MTD     Q [MeV]     T [MeV] LMF  MT    ZAP LFS
   1          5    0.000000    1.000000   3   5
   2        219    0.000000  150.000000   6   5  24052   0
   3        220    0.000000  150.000000   6   5  24053   0
   4        221    0.000000  150.000000   6   5  24054   0
   5        222    0.000000  140.000000   6   5  25053   0
   6        223    0.000000  140.000000   6   5  25054   0
   7        224    0.000000  140.000000   6   5  25055   0
   8        225    0.000000  140.000000   6   5  25056   0
   9        226    0.000000  140.000000   6   5  25057   0
  10        227    0.000000  140.000000   6   5  26054   0
  11        228    0.000000  140.000000   6   5  26055   0
  12        229    0.000000  130.000000   6   5  26056   0
  13        230    0.000000  130.000000   6   5  26057   0
  14        231    0.000000  130.000000   6   5  26058   0
  15        232    0.000000  130.000000   6   5  26059   0
  16        233    0.000000  150.000000   6   5  27055   0
  17        234    0.000000  140.000000   6   5  27056   0
  18        235    0.000000  130.000000   6   5  27057   0
  19        236    0.000000  130.000000   6   5  27058   0
  20        237    0.000000  130.000000   6   5  27058   1
  21        238    0.000000  120.000000   6   5  27059   0
  22        239    0.000000  120.000000   6   5  27060   0
  23        240    0.000000  120.000000   6   5  27060   1
  24        241    0.000000  120.000000   6   5  27061   0
  25        242    0.000000  120.000000   6   5  27062   0
  26        243    0.000000  120.000000   6   5  27062   1
  27        244    0.000000  140.000000   6   5  28058   0
  28        245    0.000000  130.000000   6   5  28059   0
  29        246    0.000000  120.000000   6   5  28060   0
  30        247    0.000000  120.000000   6   5  28061   0
  31        248    0.000000  110.000000   6   5  28062   0
  32        249    0.000000  110.000000   6   5  28063   0
  33        250    0.000000  110.000000   6   5  28064   0
  34        251    0.000000  110.000000   6   5  28065   0
  35        252    0.000000  150.000000   6   5  29059   0
  36        253    0.000000  130.000000   6   5  29060   0
  37        254    0.000000  120.000000   6   5  29061   0
  38        255    0.000000  110.000000   6   5  29062   0
  39        256    0.000000  100.000000   6   5  29063   0
  40        257    0.000000  100.000000   6   5  29064   0
  41        258    0.000000   95.000000   6   5  29065   0
  42        259    0.000000   95.000000   6   5  29066   0
  43        260    0.000000   95.000000   6   5  29067   0
  44        261    0.000000  130.000000   6   5  30062   0
  45        262    0.000000  120.000000   6   5  30063   0
  46        263    0.000000  100.000000   6   5  30064   0
  47        264    0.000000   95.000000   6   5  30065   0
  48        265    0.000000   90.000000   6   5  30066   0
  49        266    0.000000   85.000000   6   5  30067   0
  50        267    0.000000   80.000000   6   5  30068   0
  51        268    0.000000   76.000000   6   5  30069   0
  52        269    0.000000   76.000000   6   5  30069   1
  53        270    0.000000   68.000000   6   5  30070   0
  54        271    0.000000   62.000000   6   5  30071   0
  55        272    0.000000   62.000000   6   5  30071   1
  56        273    0.000000  130.000000   6   5  31064   0
  57        274    0.000000  110.000000   6   5  31065   0
  58        275    0.000000  100.000000   6   5  31066   0
  59        276    0.000000   95.000000   6   5  31067   0
  60        277    0.000000   90.000000   6   5  31068   0
  61        278    0.000000   85.000000   6   5  31069   0
  62        279    0.000000   80.000000   6   5  31070   0
  63        280    0.000000   74.000000   6   5  31071   0
  64        281    0.000000   68.000000   6   5  31072   0
  65        282    0.000000   62.000000   6   5  31073   0
  66        283    0.000000   58.000000   6   5  31074   0
  67        284    0.000000   58.000000   6   5  31074   2
  68        285    0.000000   52.000000   6   5  31075   0
  69        286    0.000000   48.000000   6   5  31076   0
  70        287    0.000000  120.000000   6   5  32066   0
  71        288    0.000000  110.000000   6   5  32067   0
  72        289    0.000000   95.000000   6   5  32068   0
  73        290    0.000000   85.000000   6   5  32069   0
  74        291    0.000000   78.000000   6   5  32070   0
  75        292    0.000000   72.000000   6   5  32071   0
  76        293    0.000000   62.000000   6   5  32072   0
  77        294    0.000000   56.000000   6   5  32073   0
  78        295    0.000000   48.000000   6   5  32074   0
  79        296    0.000000   40.000000   6   5  32075   0
  80        297    0.000000   40.000000   6   5  32075   2
  81        298    0.000000   30.000000   6   5  32076   0
  82        299    0.000000   23.000000   6   5  32077   0
  83        300    0.000000   23.000000   6   5  32077   1
  84        301    0.000000   14.000000   6   5  32078   0
  85        302    0.000000   46.000000   6   5  32079   0
  86        303    0.000000   46.000000   6   5  32079   1
  87        304    0.000000  110.000000   6   5  33069   0
  88        305    0.000000  100.000000   6   5  33070   0
  89        306    0.000000   90.000000   6   5  33071   0
  90        307    0.000000   80.000000   6   5  33072   0
  91        308    0.000000   74.000000   6   5  33073   0
  92        309    0.000000   66.000000   6   5  33074   0
  93        310    0.000000   56.000000   6   5  33075   0
  94        311    0.000000   48.000000   6   5  33076   0
  95        312    0.000000   38.000000   6   5  33077   0
  96        313    0.000000   32.000000   6   5  33078   0
  97        314    0.000000   27.000000   6   5  33079   0
  98        315    0.000000   22.000000   6   5  33080   0
  99        316    0.000000   14.000000   6   5  33081   0
 100        317    0.000000  100.000000   6   5  34072   0
 101        318    0.000000   85.000000   6   5  34073   0
 102        319    0.000000   85.000000   6   5  34073   1
 103        320    0.000000   72.000000   6   5  34074   0
 104        321    0.000000   62.000000   6   5  34075   0
 105        322    0.000000   52.000000   6   5  34076   0
 106        323    0.000000   44.000000   6   5  34077   0
 107        324    0.000000   44.000000   6   5  34077   1
 108        325    0.000000   32.000000   6   5  34078   0
 109        326    0.000000   26.000000   6   5  34079   0
 110        327    0.000000   26.000000   6   5  34079   1
 111        328    0.000000   15.500000   6   5  34080   0
 112        329    0.000000    9.000000   6   5  34081   0
 113        330    0.000000    9.000000   6   5  34081   1
 114        331    0.000000    1.000000   6   5  34082   0
 
   p   ZAP IP   NR    Tp [MeV]
   1     1  1    1    9.000000
   2     0  2    1    1.000000
   3  1001  9    1   13.000000
   4  1002 31    1   19.500000
   5  1003 32    1   20.000000
   6  2003 33    1   26.000000
   7  2004 34    1   12.000000
--------------------------------------------------------------------------------
 
