 
--------------------------------------------------------------------------------
 40-Zr- 90   T= 0.00 K from IAEA/PD-2019       (ACEMAKER)
 ZAID= 40090.38u  MAT=4025  ZA= 40090
 AWR=  89.132000  STA=  0  ELIS=   0.000 MeV  LIS=  0  LISO=  0
--------------------------------------------------------------------------------
 NTOTR=  58 NTRAN=   1 NPROD=  57 NE=     101 EMAX= 200.000 MeV
   i     MT/MTD     Q [MeV]     T [MeV] LMF  MT    ZAP LFS
   1          5    0.000000    1.999000   3   5
   2        201  -11.971000   11.970700   3 201
   3        203   -8.356500    9.000000   3 203
   4        204  -17.612000   19.500000   3 204
   5        205  -20.706000   24.500000   3 205
   6        206  -18.827000   27.500000   3 206
   7        207   -6.677100   11.000000   3 207
   8        219    0.000000    2.000000   6   5  33074   0
   9        220    0.000000    2.000000   6   5  33075   0
  10        221    0.000000    2.000000   6   5  33076   0
  11        222    0.000000    2.000000   6   5  34075   0
  12        223    0.000000    2.000000   6   5  34076   0
  13        224    0.000000    2.000000   6   5  34077   0
  14        225    0.000000    2.000000   6   5  34078   0
  15        226    0.000000    2.000000   6   5  34079   0
  16        227    0.000000    2.000000   6   5  35077   0
  17        228    0.000000    2.000000   6   5  35078   0
  18        229    0.000000    2.000000   6   5  35079   0
  19        230    0.000000    2.000000   6   5  35080   0
  20        231    0.000000    2.000000   6   5  35081   0
  21        232    0.000000    2.000000   6   5  35082   0
  22        233    0.000000    2.000000   6   5  36078   0
  23        234    0.000000    2.000000   6   5  36079   0
  24        235    0.000000    2.000000   6   5  36080   0
  25        236    0.000000    2.000000   6   5  36081   0
  26        237    0.000000    2.000000   6   5  36082   0
  27        238    0.000000    2.000000   6   5  36083   0
  28        239    0.000000    2.000000   6   5  36084   0
  29        240    0.000000    2.000000   6   5  36085   0
  30        241    0.000000    2.000000   6   5  37080   0
  31        242    0.000000    2.000000   6   5  37081   0
  32        243    0.000000    2.000000   6   5  37082   0
  33        244    0.000000    2.000000   6   5  37083   0
  34        245    0.000000    2.000000   6   5  37084   0
  35        246    0.000000    2.000000   6   5  37085   0
  36        247    0.000000    2.000000   6   5  37086   0
  37        248    0.000000    2.000000   6   5  37087   0
  38        249    0.000000    2.000000   6   5  38081   0
  39        250    0.000000    2.000000   6   5  38082   0
  40        251    0.000000    2.000000   6   5  38083   0
  41        252    0.000000    2.000000   6   5  38084   0
  42        253    0.000000    2.000000   6   5  38085   0
  43        254    0.000000    2.000000   6   5  38086   0
  44        255    0.000000    2.000000   6   5  38087   0
  45        256    0.000000    2.000000   6   5  38088   0
  46        257    0.000000    2.000000   6   5  39083   0
  47        258    0.000000    2.000000   6   5  39084   0
  48        259    0.000000    2.000000   6   5  39085   0
  49        260    0.000000    2.000000   6   5  39086   0
  50        261    0.000000    2.000000   6   5  39087   0
  51        262    0.000000    2.000000   6   5  39088   0
  52        263    0.000000    2.000000   6   5  39089   0
  53        264    0.000000    2.000000   6   5  40084   0
  54        265    0.000000    2.000000   6   5  40085   0
  55        266    0.000000    2.000000   6   5  40086   0
  56        267    0.000000    2.000000   6   5  40087   0
  57        268    0.000000    2.000000   6   5  40088   0
  58        269    0.000000    2.000000   6   5  40089   0
 
   p   ZAP IP   NR    Tp [MeV]
   1     1  1    1   11.970000
   2     0  2    1    1.999000
   3  1001  9    1    9.000000
   4  1002 31    1   19.000000
   5  1003 32    1   23.500000
   6  2003 33    1   25.000000
   7  2004 34    1   10.500000
--------------------------------------------------------------------------------
 
