 
--------------------------------------------------------------------------------
 40-Zr- 94   T= 0.00 K from IAEA/PD-2019       (ACEMAKER)
 ZAID= 40094.38u  MAT=4037  ZA= 40094
 AWR=  93.099620  STA=  0  ELIS=   0.000 MeV  LIS=  0  LISO=  0
--------------------------------------------------------------------------------
 NTOTR= 133 NTRAN=   1 NPROD= 132 NE=      88 EMAX= 200.000 MeV
   i     MT/MTD     Q [MeV]     T [MeV] LMF  MT    ZAP LFS
   1          5    0.000000    1.000000   3   5
   2        219    0.000000  140.000000   6   5  30064   0
   3        220    0.000000  130.000000   6   5  30065   0
   4        221    0.000000  130.000000   6   5  30066   0
   5        222    0.000000  140.000000   6   5  31065   0
   6        223    0.000000  130.000000   6   5  31066   0
   7        224    0.000000  130.000000   6   5  31067   0
   8        225    0.000000  130.000000   6   5  31068   0
   9        226    0.000000  130.000000   6   5  31069   0
  10        227    0.000000  140.000000   6   5  32066   0
  11        228    0.000000  130.000000   6   5  32067   0
  12        229    0.000000  120.000000   6   5  32068   0
  13        230    0.000000  120.000000   6   5  32069   0
  14        231    0.000000  120.000000   6   5  32070   0
  15        232    0.000000  120.000000   6   5  32071   0
  16        233    0.000000  140.000000   6   5  33068   0
  17        234    0.000000  130.000000   6   5  33069   0
  18        235    0.000000  120.000000   6   5  33070   0
  19        236    0.000000  120.000000   6   5  33071   0
  20        237    0.000000  110.000000   6   5  33072   0
  21        238    0.000000  110.000000   6   5  33073   0
  22        239    0.000000  110.000000   6   5  33074   0
  23        240    0.000000  110.000000   6   5  33075   0
  24        241    0.000000  130.000000   6   5  34071   0
  25        242    0.000000  120.000000   6   5  34072   0
  26        243    0.000000  110.000000   6   5  34073   0
  27        244    0.000000  110.000000   6   5  34073   1
  28        245    0.000000  110.000000   6   5  34074   0
  29        246    0.000000  100.000000   6   5  34075   0
  30        247    0.000000  100.000000   6   5  34076   0
  31        248    0.000000  100.000000   6   5  34077   0
  32        249    0.000000  100.000000   6   5  34077   1
  33        250    0.000000   90.000000   6   5  34078   0
  34        251    0.000000   85.000000   6   5  34079   0
  35        252    0.000000   85.000000   6   5  34079   1
  36        253    0.000000  130.000000   6   5  35073   0
  37        254    0.000000  120.000000   6   5  35074   0
  38        255    0.000000  120.000000   6   5  35074   2
  39        256    0.000000  110.000000   6   5  35075   0
  40        257    0.000000  100.000000   6   5  35076   0
  41        258    0.000000  100.000000   6   5  35076   2
  42        259    0.000000   95.000000   6   5  35077   0
  43        260    0.000000   95.000000   6   5  35077   1
  44        261    0.000000   90.000000   6   5  35078   0
  45        262    0.000000   85.000000   6   5  35079   0
  46        263    0.000000   85.000000   6   5  35079   1
  47        264    0.000000   85.000000   6   5  35080   0
  48        265    0.000000   85.000000   6   5  35080   2
  49        266    0.000000   80.000000   6   5  35081   0
  50        267    0.000000   76.000000   6   5  35082   0
  51        268    0.000000   76.000000   6   5  35082   1
  52        269    0.000000   76.000000   6   5  35083   0
  53        270    0.000000  130.000000   6   5  36075   0
  54        271    0.000000  110.000000   6   5  36076   0
  55        272    0.000000  100.000000   6   5  36077   0
  56        273    0.000000   90.000000   6   5  36078   0
  57        274    0.000000   85.000000   6   5  36079   0
  58        275    0.000000   85.000000   6   5  36079   1
  59        276    0.000000   80.000000   6   5  36080   0
  60        277    0.000000   74.000000   6   5  36081   0
  61        278    0.000000   74.000000   6   5  36081   2
  62        279    0.000000   66.000000   6   5  36082   0
  63        280    0.000000   58.000000   6   5  36083   0
  64        281    0.000000   58.000000   6   5  36083   2
  65        282    0.000000   52.000000   6   5  36084   0
  66        283    0.000000   50.000000   6   5  36085   0
  67        284    0.000000   50.000000   6   5  36085   1
  68        285    0.000000   50.000000   6   5  36086   0
  69        286    0.000000  120.000000   6   5  37078   0
  70        287    0.000000  120.000000   6   5  37078   3
  71        288    0.000000  100.000000   6   5  37079   0
  72        289    0.000000   95.000000   6   5  37080   0
  73        290    0.000000   90.000000   6   5  37081   0
  74        291    0.000000   90.000000   6   5  37081   1
  75        292    0.000000   80.000000   6   5  37082   0
  76        293    0.000000   80.000000   6   5  37082   1
  77        294    0.000000   76.000000   6   5  37083   0
  78        295    0.000000   68.000000   6   5  37084   0
  79        296    0.000000   68.000000   6   5  37084   2
  80        297    0.000000   60.000000   6   5  37085   0
  81        298    0.000000   54.000000   6   5  37086   0
  82        299    0.000000   54.000000   6   5  37086   2
  83        300    0.000000   46.000000   6   5  37087   0
  84        301    0.000000   40.000000   6   5  37088   0
  85        302    0.000000  110.000000   6   5  38080   0
  86        303    0.000000  100.000000   6   5  38081   0
  87        304    0.000000   85.000000   6   5  38082   0
  88        305    0.000000   78.000000   6   5  38083   0
  89        306    0.000000   78.000000   6   5  38083   2
  90        307    0.000000   68.000000   6   5  38084   0
  91        308    0.000000   60.000000   6   5  38085   0
  92        309    0.000000   60.000000   6   5  38085   2
  93        310    0.000000   48.000000   6   5  38086   0
  94        311    0.000000   40.000000   6   5  38087   0
  95        312    0.000000   40.000000   6   5  38087   1
  96        313    0.000000   27.000000   6   5  38088   0
  97        314    0.000000   19.500000   6   5  38089   0
  98        315    0.000000   11.000000   6   5  38090   0
  99        316    0.000000   38.000000   6   5  38091   0
 100        317    0.000000  110.000000   6   5  39082   0
 101        318    0.000000  100.000000   6   5  39083   0
 102        319    0.000000  100.000000   6   5  39083   1
 103        320    0.000000   95.000000   6   5  39084   0
 104        321    0.000000   95.000000   6   5  39084   2
 105        322    0.000000   80.000000   6   5  39085   0
 106        323    0.000000   80.000000   6   5  39085   1
 107        324    0.000000   74.000000   6   5  39086   0
 108        325    0.000000   74.000000   6   5  39086   2
 109        326    0.000000   62.000000   6   5  39087   0
 110        327    0.000000   62.000000   6   5  39087   1
 111        328    0.000000   52.000000   6   5  39088   0
 112        329    0.000000   40.000000   6   5  39089   0
 113        330    0.000000   40.000000   6   5  39089   1
 114        331    0.000000   32.000000   6   5  39090   0
 115        332    0.000000   32.000000   6   5  39090   2
 116        333    0.000000   27.000000   6   5  39091   0
 117        334    0.000000   27.000000   6   5  39091   1
 118        335    0.000000   20.000000   6   5  39092   0
 119        336    0.000000   13.500000   6   5  39093   0
 120        337    0.000000  100.000000   6   5  40084   0
 121        338    0.000000   90.000000   6   5  40085   0
 122        339    0.000000   90.000000   6   5  40085   2
 123        340    0.000000   76.000000   6   5  40086   0
 124        341    0.000000   66.000000   6   5  40087   0
 125        342    0.000000   66.000000   6   5  40087   2
 126        343    0.000000   52.000000   6   5  40088   0
 127        344    0.000000   42.000000   6   5  40089   0
 128        345    0.000000   42.000000   6   5  40089   1
 129        346    0.000000   30.000000   6   5  40090   0
 130        347    0.000000   23.000000   6   5  40091   0
 131        348    0.000000   14.500000   6   5  40092   0
 132        349    0.000000    8.000000   6   5  40093   0
 133        350    0.000000    1.000000   6   5  40094   0
 
   p   ZAP IP   NR    Tp [MeV]
   1     1  1    1    8.000000
   2     0  2    1    1.000000
   3  1001  9    1   11.500000
   4  1002 31    1   17.000000
   5  1003 32    1   17.500000
   6  2003 33    1   23.000000
   7  2004 34    1    8.500000
--------------------------------------------------------------------------------
 
