 
--------------------------------------------------------------------------------
 41-Nb- 93   T= 0.00 K from IAEA/PD-2019       (ACEMAKER)
 ZAID= 41093.38u  MAT=4125  ZA= 41093
 AWR=  92.108260  STA=  0  ELIS=   0.000 MeV  LIS=  0  LISO=  0
--------------------------------------------------------------------------------
 NTOTR= 329 NTRAN=   1 NPROD= 328 NE=     136 EMAX= 200.000 MeV
   i     MT/MTD     Q [MeV]     T [MeV] LMF  MT    ZAP LFS
   1          5    0.000000    1.000000   3   5
   2        219    0.000000  180.000000   6   5  22056   0
   3        220    0.000000  180.000000   6   5  23057   0
   4        221    0.000000  180.000000   6   5  23058   0
   5        222    0.000000  180.000000   6   5  23059   0
   6        223    0.000000  160.000000   6   5  24058   0
   7        224    0.000000  150.000000   6   5  24059   0
   8        225    0.000000  150.000000   6   5  24060   0
   9        226    0.000000  170.000000   6   5  24061   0
  10        227    0.000000  170.000000   6   5  24062   0
  11        228    0.000000  160.000000   6   5  25059   0
  12        229    0.000000  150.000000   6   5  25060   0
  13        230    0.000000  150.000000   6   5  25060   1
  14        231    0.000000  150.000000   6   5  25061   0
  15        232    0.000000  150.000000   6   5  25062   0
  16        233    0.000000  150.000000   6   5  25063   0
  17        234    0.000000  170.000000   6   5  25064   0
  18        235    0.000000  170.000000   6   5  25065   0
  19        236    0.000000  140.000000   6   5  26060   0
  20        237    0.000000  140.000000   6   5  26061   0
  21        238    0.000000  130.000000   6   5  26062   0
  22        239    0.000000  130.000000   6   5  26063   0
  23        240    0.000000  130.000000   6   5  26064   0
  24        241    0.000000  140.000000   6   5  26065   0
  25        242    0.000000  140.000000   6   5  26066   0
  26        243    0.000000  170.000000   6   5  26067   0
  27        244    0.000000  170.000000   6   5  26068   0
  28        245    0.000000  140.000000   6   5  27061   0
  29        246    0.000000  140.000000   6   5  27062   0
  30        247    0.000000  140.000000   6   5  27062   1
  31        248    0.000000  130.000000   6   5  27063   0
  32        249    0.000000  120.000000   6   5  27064   0
  33        250    0.000000  120.000000   6   5  27065   0
  34        251    0.000000  130.000000   6   5  27066   0
  35        252    0.000000  130.000000   6   5  27067   0
  36        253    0.000000  140.000000   6   5  27068   0
  37        254    0.000000  140.000000   6   5  27068   1
  38        255    0.000000  140.000000   6   5  27069   0
  39        256    0.000000  170.000000   6   5  27070   0
  40        257    0.000000  170.000000   6   5  27070   1
  41        258    0.000000  170.000000   6   5  27071   0
  42        259    0.000000  140.000000   6   5  28062   0
  43        260    0.000000  130.000000   6   5  28063   0
  44        261    0.000000  130.000000   6   5  28064   0
  45        262    0.000000  120.000000   6   5  28065   0
  46        263    0.000000  120.000000   6   5  28066   0
  47        264    0.000000  110.000000   6   5  28067   0
  48        265    0.000000  110.000000   6   5  28068   0
  49        266    0.000000  120.000000   6   5  28069   0
  50        267    0.000000  120.000000   6   5  28070   0
  51        268    0.000000  140.000000   6   5  28071   0
  52        269    0.000000  140.000000   6   5  28072   0
  53        270    0.000000  170.000000   6   5  28073   0
  54        271    0.000000  170.000000   6   5  28074   0
  55        272    0.000000  140.000000   6   5  29063   0
  56        273    0.000000  130.000000   6   5  29064   0
  57        274    0.000000  130.000000   6   5  29065   0
  58        275    0.000000  110.000000   6   5  29066   0
  59        276    0.000000  100.000000   6   5  29067   0
  60        277    0.000000   95.000000   6   5  29068   0
  61        278    0.000000   95.000000   6   5  29068   1
  62        279    0.000000   95.000000   6   5  29069   0
  63        280    0.000000   95.000000   6   5  29070   0
  64        281    0.000000   95.000000   6   5  29070   1
  65        282    0.000000  100.000000   6   5  29071   0
  66        283    0.000000  120.000000   6   5  29072   0
  67        284    0.000000  120.000000   6   5  29073   0
  68        285    0.000000  140.000000   6   5  29074   0
  69        286    0.000000  140.000000   6   5  29075   0
  70        287    0.000000  170.000000   6   5  29076   0
  71        288    0.000000  170.000000   6   5  29076   1
  72        289    0.000000  180.000000   6   5  29077   0
  73        290    0.000000  150.000000   6   5  30064   0
  74        291    0.000000  140.000000   6   5  30065   0
  75        292    0.000000  130.000000   6   5  30066   0
  76        293    0.000000  110.000000   6   5  30067   0
  77        294    0.000000  100.000000   6   5  30068   0
  78        295    0.000000   95.000000   6   5  30069   0
  79        296    0.000000   95.000000   6   5  30069   1
  80        297    0.000000   95.000000   6   5  30070   0
  81        298    0.000000   85.000000   6   5  30071   0
  82        299    0.000000   85.000000   6   5  30071   1
  83        300    0.000000   85.000000   6   5  30072   0
  84        301    0.000000   85.000000   6   5  30073   0
  85        302    0.000000   95.000000   6   5  30074   0
  86        303    0.000000  120.000000   6   5  30075   0
  87        304    0.000000  120.000000   6   5  30076   0
  88        305    0.000000  140.000000   6   5  30077   0
  89        306    0.000000  140.000000   6   5  30077   1
  90        307    0.000000  140.000000   6   5  30078   0
  91        308    0.000000  180.000000   6   5  30079   0
  92        309    0.000000  180.000000   6   5  30080   0
  93        310    0.000000  150.000000   6   5  31065   0
  94        311    0.000000  140.000000   6   5  31066   0
  95        312    0.000000  130.000000   6   5  31067   0
  96        313    0.000000  120.000000   6   5  31068   0
  97        314    0.000000  110.000000   6   5  31069   0
  98        315    0.000000   95.000000   6   5  31070   0
  99        316    0.000000   80.000000   6   5  31071   0
 100        317    0.000000   72.000000   6   5  31072   0
 101        318    0.000000   66.000000   6   5  31073   0
 102        319    0.000000   72.000000   6   5  31074   0
 103        320    0.000000   80.000000   6   5  31075   0
 104        321    0.000000   85.000000   6   5  31076   0
 105        322    0.000000   95.000000   6   5  31077   0
 106        323    0.000000  120.000000   6   5  31078   0
 107        324    0.000000  120.000000   6   5  31079   0
 108        325    0.000000  140.000000   6   5  31080   0
 109        326    0.000000  150.000000   6   5  31081   0
 110        327    0.000000  180.000000   6   5  31082   0
 111        328    0.000000  170.000000   6   5  32066   0
 112        329    0.000000  150.000000   6   5  32067   0
 113        330    0.000000  140.000000   6   5  32068   0
 114        331    0.000000  120.000000   6   5  32069   0
 115        332    0.000000  110.000000   6   5  32070   0
 116        333    0.000000   95.000000   6   5  32071   0
 117        334    0.000000   80.000000   6   5  32072   0
 118        335    0.000000   74.000000   6   5  32073   0
 119        336    0.000000   74.000000   6   5  32073   1
 120        337    0.000000   66.000000   6   5  32074   0
 121        338    0.000000   66.000000   6   5  32075   0
 122        339    0.000000   66.000000   6   5  32075   1
 123        340    0.000000   62.000000   6   5  32076   0
 124        341    0.000000   70.000000   6   5  32077   0
 125        342    0.000000   70.000000   6   5  32077   1
 126        343    0.000000   78.000000   6   5  32078   0
 127        344    0.000000   85.000000   6   5  32079   0
 128        345    0.000000   85.000000   6   5  32079   1
 129        346    0.000000   95.000000   6   5  32080   0
 130        347    0.000000  110.000000   6   5  32081   0
 131        348    0.000000  110.000000   6   5  32081   1
 132        349    0.000000  120.000000   6   5  32082   0
 133        350    0.000000  150.000000   6   5  32083   0
 134        351    0.000000  170.000000   6   5  33067   0
 135        352    0.000000  150.000000   6   5  33068   0
 136        353    0.000000  140.000000   6   5  33069   0
 137        354    0.000000  130.000000   6   5  33070   0
 138        355    0.000000  120.000000   6   5  33071   0
 139        356    0.000000  100.000000   6   5  33072   0
 140        357    0.000000   85.000000   6   5  33073   0
 141        358    0.000000   74.000000   6   5  33074   0
 142        359    0.000000   64.000000   6   5  33075   0
 143        360    0.000000   54.000000   6   5  33076   0
 144        361    0.000000   44.000000   6   5  33077   0
 145        362    0.000000   56.000000   6   5  33078   0
 146        363    0.000000   58.000000   6   5  33079   0
 147        364    0.000000   68.000000   6   5  33080   0
 148        365    0.000000   78.000000   6   5  33081   0
 149        366    0.000000   85.000000   6   5  33082   0
 150        367    0.000000   85.000000   6   5  33082   1
 151        368    0.000000   95.000000   6   5  33083   0
 152        369    0.000000  120.000000   6   5  33084   0
 153        370    0.000000  190.000000   6   5  33085   0
 154        371    0.000000  190.000000   6   5  34068   0
 155        372    0.000000  170.000000   6   5  34069   0
 156        373    0.000000  150.000000   6   5  34070   0
 157        374    0.000000  130.000000   6   5  34071   0
 158        375    0.000000  120.000000   6   5  34072   0
 159        376    0.000000  110.000000   6   5  34073   0
 160        377    0.000000  110.000000   6   5  34073   1
 161        378    0.000000   90.000000   6   5  34074   0
 162        379    0.000000   80.000000   6   5  34075   0
 163        380    0.000000   68.000000   6   5  34076   0
 164        381    0.000000   60.000000   6   5  34077   0
 165        382    0.000000   60.000000   6   5  34077   1
 166        383    0.000000   48.000000   6   5  34078   0
 167        384    0.000000   46.000000   6   5  34079   0
 168        385    0.000000   46.000000   6   5  34079   1
 169        386    0.000000   42.000000   6   5  34080   0
 170        387    0.000000   52.000000   6   5  34081   0
 171        388    0.000000   52.000000   6   5  34081   1
 172        389    0.000000   56.000000   6   5  34082   0
 173        390    0.000000   66.000000   6   5  34083   0
 174        391    0.000000   66.000000   6   5  34083   1
 175        392    0.000000   76.000000   6   5  34084   0
 176        393    0.000000   85.000000   6   5  34085   0
 177        394    0.000000  120.000000   6   5  34086   0
 178        395    0.000000  180.000000   6   5  35070   0
 179        396    0.000000  180.000000   6   5  35070   1
 180        397    0.000000  160.000000   6   5  35071   0
 181        398    0.000000  140.000000   6   5  35072   0
 182        399    0.000000  140.000000   6   5  35072   1
 183        400    0.000000  130.000000   6   5  35073   0
 184        401    0.000000  120.000000   6   5  35074   0
 185        402    0.000000  120.000000   6   5  35074   1
 186        403    0.000000   95.000000   6   5  35075   0
 187        404    0.000000   85.000000   6   5  35076   0
 188        405    0.000000   85.000000   6   5  35076   1
 189        406    0.000000   70.000000   6   5  35077   0
 190        407    0.000000   70.000000   6   5  35077   1
 191        408    0.000000   58.000000   6   5  35078   0
 192        409    0.000000   48.000000   6   5  35079   0
 193        410    0.000000   48.000000   6   5  35079   1
 194        411    0.000000   38.000000   6   5  35080   0
 195        412    0.000000   36.000000   6   5  35080   1
 196        413    0.000000   27.000000   6   5  35081   0
 197        414    0.000000   40.000000   6   5  35082   0
 198        415    0.000000   40.000000   6   5  35082   1
 199        416    0.000000   38.000000   6   5  35083   0
 200        417    0.000000   52.000000   6   5  35084   0
 201        418    0.000000   52.000000   6   5  35084   1
 202        419    0.000000   56.000000   6   5  35085   0
 203        420    0.000000   68.000000   6   5  35086   0
 204        421    0.000000   85.000000   6   5  35087   0
 205        422    0.000000  170.000000   6   5  36072   0
 206        423    0.000000  150.000000   6   5  36073   0
 207        424    0.000000  130.000000   6   5  36074   0
 208        425    0.000000  120.000000   6   5  36075   0
 209        426    0.000000  100.000000   6   5  36076   0
 210        427    0.000000   90.000000   6   5  36077   0
 211        428    0.000000   76.000000   6   5  36078   0
 212        429    0.000000   68.000000   6   5  36079   0
 213        430    0.000000   68.000000   6   5  36079   1
 214        431    0.000000   54.000000   6   5  36080   0
 215        432    0.000000   46.000000   6   5  36081   0
 216        433    0.000000   46.000000   6   5  36081   1
 217        434    0.000000   34.000000   6   5  36082   0
 218        435    0.000000   32.000000   6   5  36083   0
 219        436    0.000000   32.000000   6   5  36083   1
 220        437    0.000000   23.000000   6   5  36084   0
 221        438    0.000000   36.000000   6   5  36085   0
 222        439    0.000000   38.000000   6   5  36085   1
 223        440    0.000000   36.000000   6   5  36086   0
 224        441    0.000000   50.000000   6   5  36087   0
 225        442    0.000000   56.000000   6   5  36088   0
 226        443    0.000000  180.000000   6   5  37073   0
 227        444    0.000000  160.000000   6   5  37074   0
 228        445    0.000000  150.000000   6   5  37075   0
 229        446    0.000000  130.000000   6   5  37076   0
 230        447    0.000000  120.000000   6   5  37077   0
 231        448    0.000000   95.000000   6   5  37078   0
 232        449    0.000000   95.000000   6   5  37078   1
 233        450    0.000000   80.000000   6   5  37079   0
 234        461    0.000000   68.000000   6   5  37080   0
 235        462    0.000000   56.000000   6   5  37081   0
 236        463    0.000000   56.000000   6   5  37081   1
 237        464    0.000000   46.000000   6   5  37082   0
 238        465    0.000000   46.000000   6   5  37082   1
 239        466    0.000000   34.000000   6   5  37083   0
 240        467    0.000000   25.000000   6   5  37084   0
 241        468    0.000000   26.000000   6   5  37084   1
 242        469    0.000000   14.500000   6   5  37085   0
 243        470    0.000000   26.000000   6   5  37086   0
 244        471    0.000000   27.000000   6   5  37086   1
 245        472    0.000000   23.000000   6   5  37087   0
 246        473    0.000000   38.000000   6   5  37088   0
 247        474    0.000000   40.000000   6   5  37089   0
 248        475    0.000000  170.000000   6   5  38075   0
 249        476    0.000000  160.000000   6   5  38076   0
 250        477    0.000000  140.000000   6   5  38077   0
 251        478    0.000000  120.000000   6   5  38078   0
 252        479    0.000000  110.000000   6   5  38079   0
 253        480    0.000000   90.000000   6   5  38080   0
 254        481    0.000000   80.000000   6   5  38081   0
 255        482    0.000000   66.000000   6   5  38082   0
 256        483    0.000000   56.000000   6   5  38083   0
 257        484    0.000000   56.000000   6   5  38083   1
 258        485    0.000000   44.000000   6   5  38084   0
 259        486    0.000000   36.000000   6   5  38085   0
 260        487    0.000000   36.000000   6   5  38085   1
 261        488    0.000000   23.000000   6   5  38086   0
 262        489    0.000000   20.000000   6   5  38087   0
 263        490    0.000000   21.000000   6   5  38087   1
 264        491    0.000000   11.000000   6   5  38088   0
 265        492    0.000000   25.000000   6   5  38089   0
 266        493    0.000000   25.000000   6   5  38090   0
 267        494    0.000000  190.000000   6   5  39076   0
 268        495    0.000000  170.000000   6   5  39077   0
 269        496    0.000000  150.000000   6   5  39078   0
 270        497    0.000000  140.000000   6   5  39079   0
 271        498    0.000000  120.000000   6   5  39080   0
 272        499    0.000000  120.000000   6   5  39080   1
 273        500    0.000000  100.000000   6   5  39081   0
 274        501    0.000000   85.000000   6   5  39082   0
 275        502    0.000000   70.000000   6   5  39083   0
 276        503    0.000000   70.000000   6   5  39083   1
 277        504    0.000000   60.000000   6   5  39084   0
 278        505    0.000000   60.000000   6   5  39084   1
 279        506    0.000000   48.000000   6   5  39085   0
 280        507    0.000000   48.000000   6   5  39085   1
 281        508    0.000000   38.000000   6   5  39086   0
 282        509    0.000000   38.000000   6   5  39086   1
 283        510    0.000000   24.000000   6   5  39087   0
 284        511    0.000000   25.000000   6   5  39087   1
 285        512    0.000000   14.500000   6   5  39088   0
 286        513    0.000000    3.000000   6   5  39089   0
 287        514    0.000000    4.000000   6   5  39089   1
 288        515    0.000000   16.500000   6   5  39090   0
 289        516    0.000000   17.000000   6   5  39090   1
 290        517    0.000000   16.000000   6   5  39091   0
 291        518    0.000000   17.000000   6   5  39091   1
 292        519    0.000000  190.000000   6   5  40078   0
 293        520    0.000000  160.000000   6   5  40079   0
 294        521    0.000000  140.000000   6   5  40080   0
 295        522    0.000000  130.000000   6   5  40081   0
 296        523    0.000000  110.000000   6   5  40082   0
 297        524    0.000000  100.000000   6   5  40083   0
 298        525    0.000000   85.000000   6   5  40084   0
 299        526    0.000000   72.000000   6   5  40085   0
 300        527    0.000000   60.000000   6   5  40086   0
 301        528    0.000000   50.000000   6   5  40087   0
 302        529    0.000000   50.000000   6   5  40087   1
 303        530    0.000000   36.000000   6   5  40088   0
 304        531    0.000000   26.000000   6   5  40089   0
 305        532    0.000000   27.000000   6   5  40089   1
 306        533    0.000000   14.000000   6   5  40090   0
 307        534    0.000000   16.000000   6   5  40090   1
 308        535    0.000000   13.000000   6   5  40091   0
 309        536    0.000000    6.500000   6   5  40092   0
 310        537    0.000000  140.000000   6   5  41082   0
 311        538    0.000000  120.000000   6   5  41083   0
 312        539    0.000000  110.000000   6   5  41084   0
 313        540    0.000000   90.000000   6   5  41085   0
 314        541    0.000000   78.000000   6   5  41086   0
 315        542    0.000000   78.000000   6   5  41086   1
 316        543    0.000000   64.000000   6   5  41087   0
 317        544    0.000000   64.000000   6   5  41087   1
 318        545    0.000000   54.000000   6   5  41088   0
 319        546    0.000000   54.000000   6   5  41088   1
 320        547    0.000000   40.000000   6   5  41089   0
 321        548    0.000000   40.000000   6   5  41089   1
 322        549    0.000000   30.000000   6   5  41090   0
 323        550    0.000000   30.000000   6   5  41090   1
 324        551    0.000000   17.000000   6   5  41091   0
 325        552    0.000000   17.000000   6   5  41091   1
 326        553    0.000000    9.000000   6   5  41092   0
 327        554    0.000000    9.000000   6   5  41092   1
 328        555    0.000000    1.000000   6   5  41093   0
 329        556    0.000000    1.000000   6   5  41093   1
 
   p   ZAP IP   NR    Tp [MeV]
   1     1  1    1    8.830863
   2     0  2    1    1.000000
   3  1001  9    1    6.042781
   4  1002 31    1   12.452990
   5  1003 32    1   13.390110
   6  2003 33    1   16.500000
   7  2004 34    1    3.000000
--------------------------------------------------------------------------------
 
