 
--------------------------------------------------------------------------------
 45-Rh-103   T= 0.00 K from IAEA/PD-2019       (ACEMAKER)
 ZAID= 45103.38u  MAT=4525  ZA= 45103
 AWR= 102.021500  STA=  0  ELIS=   0.000 MeV  LIS=  0  LISO=  0
--------------------------------------------------------------------------------
 NTOTR= 260 NTRAN= 130 NPROD= 130 NE=     197 EMAX= 200.000 MeV
   i     MT/MTD     Q [MeV]     T [MeV] LMF  MT    ZAP LFS
   1          5   -2.834000    6.600000   3   5
   2         11  -23.426370   31.000000   3  11
   3         16  -16.756000   16.756000   3  16
   4         17  -26.646000   26.646000   3  17
   5         22  -12.090000   15.000000   3  22
   6         28  -15.432000   17.000000   3  28
   7         32  -20.010000   21.500000   3  32
   8         33  -23.426000   25.000000   3  33
   9         34  -23.701000   26.500000   3  34
  10         41  -22.234000   23.500000   3  41
  11         42  -31.907000   33.000000   3  42
  12         44  -24.655000   27.500000   3  44
  13         50   -9.318430    9.318430   3  50
  14         51   -9.360370    9.360370   3  51
  15         52   -9.394430    9.394430   3  52
  16         53   -9.423646    9.423646   3  53
  17         54   -9.442181    9.442181   3  54
  18         55   -9.459160    9.459160   3  55
  19         56   -9.472890    9.472890   3  56
  20         57   -9.474924    9.474924   3  57
  21         58   -9.497110    9.497110   3  58
  22         59   -9.525305    9.525305   3  59
  23         60   -9.527170    9.527170   3  60
  24         61   -9.560700    9.560700   3  61
  25         62   -9.578000    9.578000   3  62
  26         63   -9.582270    9.582270   3  63
  27         64   -9.609970    9.609970   3  64
  28         65   -9.615720    9.615720   3  65
  29         66   -9.620650    9.620650   3  66
  30         67   -9.624320    9.624320   3  67
  31         68   -9.664200    9.664200   3  68
  32         69   -9.677530    9.677530   3  69
  33         70   -9.678040    9.678040   3  70
  34         71   -9.683230    9.683230   3  71
  35         72   -9.697040    9.697040   3  72
  36         73   -9.698430    9.698430   3  73
  37         74   -9.717820    9.717820   3  74
  38         75   -9.728340    9.728340   3  75
  39         76   -9.745950    9.745950   3  76
  40         77   -9.749910    9.749910   3  77
  41         78   -9.767790    9.767790   3  78
  42         79   -9.769030    9.769030   3  79
  43         80   -9.792770    9.792770   3  80
  44         81   -9.795280    9.795280   3  81
  45         82   -9.809430    9.809430   3  82
  46         83   -9.843530    9.843530   3  83
  47         84   -9.860570    9.860570   3  84
  48         85   -9.861980    9.861980   3  85
  49         86   -9.864320    9.864320   3  86
  50         87   -9.888080    9.888080   3  87
  51         88   -9.894360    9.894360   3  88
  52         89   -9.917370    9.917370   3  89
  53         91   -9.916940   10.000000   3  91
  54        102    0.000000    5.000000   3 102
  55        104  -13.208000   14.500000   3 104
  56        105  -13.753000   15.000000   3 105
  57        106  -16.937000   19.750000   3 106
  58        111  -16.264000   19.500000   3 111
  59        112   -9.624000   14.250000   3 112
  60        115  -22.431000   26.000000   3 115
  61        116  -22.938000   26.500000   3 116
  62        600   -6.213030    7.500000   3 600
  63        601   -6.688126    8.000000   3 601
  64        602   -7.156720    8.500000   3 602
  65        603   -7.316077    8.750000   3 603
  66        604   -7.319460    8.750000   3 604
  67        605   -7.734630    9.000000   3 605
  68        606   -7.793590    9.000000   3 606
  69        607   -7.816400    9.250000   3 607
  70        608   -8.012110    9.500000   3 608
  71        609   -8.050280    9.500000   3 609
  72        610   -8.086280    9.500000   3 610
  73        611   -8.181040    9.500000   3 611
  74        612   -8.249760    9.500000   3 612
  75        613   -8.256423    9.500000   3 613
  76        614   -8.365770    9.750000   3 614
  77        615   -8.403030    9.750000   3 615
  78        616   -8.432060    9.750000   3 616
  79        617   -8.453810    9.750000   3 617
  80        618   -8.474120   10.000000   3 618
  81        619   -8.515730   10.000000   3 619
  82        620   -8.580330   10.000000   3 620
  83        621   -8.586080   10.000000   3 621
  84        622   -8.598730   10.000000   3 622
  85        623   -8.633030   10.000000   3 623
  86        624   -8.654830   10.000000   3 624
  87        625   -8.673030   10.000000   3 625
  88        626   -8.680419   10.000000   3 626
  89        649   -8.680389    8.680389   3 649
  90        800   -3.123930    6.000000   3 800
  91        801   -3.264441    6.250000   3 801
  92        802   -3.266613    6.250000   3 802
  93        803   -3.305024    6.250000   3 803
  94        804   -3.633026    6.600000   3 804
  95        805   -3.658360    6.600000   3 805
  96        806   -3.660820    6.600000   3 806
  97        807   -3.736300    6.750000   3 807
  98        808   -3.749460    6.750000   3 808
  99        809   -3.776700    6.750000   3 809
 100        810   -3.795408    6.750000   3 810
 101        811   -3.843340    6.750000   3 811
 102        812   -3.850700    6.750000   3 812
 103        813   -3.863143    6.750000   3 813
 104        814   -3.885711    6.750000   3 814
 105        815   -3.885880    6.750000   3 815
 106        816   -4.008189    7.000000   3 816
 107        817   -4.044509    7.000000   3 817
 108        818   -4.110100    7.000000   3 818
 109        819   -4.127998    7.000000   3 819
 110        820   -4.141390    7.000000   3 820
 111        821   -4.143690    7.000000   3 821
 112        822   -4.196160    7.000000   3 822
 113        823   -4.205390    7.000000   3 823
 114        824   -4.251330    7.250000   3 824
 115        825   -4.253035    7.250000   3 825
 116        826   -4.258970    7.250000   3 826
 117        827   -4.265784    7.250000   3 827
 118        828   -4.273360    7.250000   3 828
 119        829   -4.295980    7.250000   3 829
 120        830   -4.300410    7.250000   3 830
 121        831   -4.322820    7.250000   3 831
 122        832   -4.327390    7.250000   3 832
 123        833   -4.328930    7.250000   3 833
 124        834   -4.331190    7.250000   3 834
 125        835   -4.367710    7.250000   3 835
 126        836   -4.392620    7.250000   3 836
 127        837   -4.430210    7.250000   3 837
 128        838   -4.433040    7.250000   3 838
 129        839   -4.444660    7.500000   3 839
 130        849   -4.444730    6.250000   3 849
 131        219   -9.318430    9.318430  10   4  45102   0
 132        220   -9.459160    9.459160  10   4  45102   1
 133        221  -72.130310  140.000000  10   5  34076   0
 134        222  -64.711880  120.000000  10   5  34077   0
 135        223  -54.213450  100.000000  10   5  34078   0
 136        224  -47.251020  100.000000  10   5  34079   0
 137        225  -37.337590   90.000000  10   5  34080   0
 138        226  -36.893490   90.000000  10   5  34081   0
 139        227  -29.842680   80.000000  10   5  34082   0
 140        228  -44.602070  100.000000  10   5  34083   0
 141        229  -43.638810  100.000000  10   5  34084   0
 142        230  -75.341230  140.000000  10   5  35077   0
 143        231  -67.051800  120.000000  10   5  35078   0
 144        232  -56.364370  100.000000  10   5  35079   0
 145        233  -48.471940  100.000000  10   5  35080   0
 146        234  -38.315510   90.000000  10   5  35081   0
 147        235  -30.722080   80.000000  10   5  35082   0
 148        236  -21.137650   70.000000  10   5  35083   0
 149        237  -34.877040   80.000000  10   5  35084   0
 150        238  -33.688780   80.000000  10   5  35085   0
 151        239  -49.166170  100.000000  10   5  35086   0
 152        240  -78.586810  140.000000  10   5  36079   0
 153        241  -67.064380  120.000000  10   5  36080   0
 154        242  -59.191950  100.000000  10   5  36081   0
 155        243  -48.225520   90.000000  10   5  36082   0
 156        244  -40.761090   80.000000  10   5  36083   0
 157        245  -30.240660   70.000000  10   5  36084   0
 158        246  -29.376560   70.000000  10   5  36085   0
 159        247  -21.744750   60.000000  10   5  36086   0
 160        248  -36.807140   80.000000  10   5  36087   0
 161        249  -37.471880   80.000000  10   5  36088   0
 162        250  -82.048730  140.000000  10   5  37080   0
 163        251  -70.694300  120.000000  10   5  37081   0
 164        252  -61.889870  100.000000  10   5  37082   0
 165        253  -50.934440   90.000000  10   5  37083   0
 166        254  -42.186010   80.000000  10   5  37084   0
 167        255  -31.696580   70.000000  10   5  37085   0
 168        256  -23.046150   60.000000  10   5  37086   0
 169        257  -13.126720   45.000000  10   5  37087   0
 170        258  -27.622110   60.000000  10   5  37088   0
 171        259  -28.163850   60.000000  10   5  37089   0
 172        260  -43.026240   80.000000  10   5  37090   0
 173        261  -44.279980   90.000000  10   5  37091   0
 174        262  -82.666310  120.000000  10   5  38082   0
 175        263  -73.806880  120.000000  10   5  38083   0
 176        264  -61.888450  100.000000  10   5  38084   0
 177        265  -53.358020   90.000000  10   5  38085   0
 178        266  -41.867590   70.000000  10   5  38086   0
 179        267  -33.440160   60.000000  10   5  38087   0
 180        268  -22.326730   50.000000  10   5  38088   0
 181        269  -22.225630   50.000000  10   5  38089   0
 182        270  -16.643820   45.000000  10   5  38090   0
 183        271  -31.453210   60.000000  10   5  38091   0
 184        272  -31.863950   60.000000  10   5  38092   0
 185        273  -87.540230  120.000000  10   5  39083   0
 186        274  -77.638800  120.000000  10   5  39084   0
 187        275  -65.877370  100.000000  10   5  39085   0
 188        276  -56.371940   90.000000  10   5  39086   0
 189        277  -44.565510   70.000000  10   5  39087   0
 190        278  -35.214080   60.000000  10   5  39088   0
 191        279  -23.737650   45.000000  10   5  39089   0
 192        280  -22.988180   45.000000  10   5  39092   0
 193        281  -23.225920   45.000000  10   5  39093   0
 194        282  -37.606310   60.000000  10   5  39094   0
 195        283  -38.399050   70.000000  10   5  39095   0
 196        284  -91.166810  120.000000  10   5  40085   0
 197        285  -78.445380  100.000000  10   5  40086   0
 198        286  -68.830940  100.000000  10   5  40087   0
 199        287  -56.483520   80.000000  10   5  40088   0
 200        288  -47.167090   70.000000  10   5  40089   0
 201        289  -35.196660   55.000000  10   5  40090   0
 202        290  -12.894890   29.000000  10   5  40094   0
 203        291  -27.009280   45.000000  10   5  40095   0
 204        292  -26.873020   45.000000  10   5  40096   0
 205        293  -41.871410   60.000000  10   5  40097   0
 206        294  -95.687730  140.000000  10   5  41086   0
 207        295  -83.260300  100.000000  10   5  41087   0
 208        296  -73.297860  100.000000  10   5  41088   0
 209        297  -60.722440   80.000000  10   5  41089   0
 210        298  -50.572010   70.000000  10   5  41090   0
 211        299  -38.519580   50.000000  10   5  41091   0
 212        300  -30.637150   45.000000  10   5  41092   0
 213        301  -19.774250   32.000000  10   5  41096   0
 214        302  -19.417990   31.000000  10   5  41097   0
 215        303  -34.005380   45.000000  10   5  41098   0
 216        304  -97.267310  120.000000  10   5  42088   0
 217        305  -86.893880  100.000000  10   5  42089   0
 218        306  -73.657450  100.000000  10   5  42090   0
 219        307  -63.550020   80.000000  10   5  42091   0
 220        308  -50.877590   60.000000  10   5  42092   0
 221        309  -42.807160   55.000000  10   5  42093   0
 222        310  -33.129730   44.000000  10   5  42094   0
 223        311  -25.760300   35.000000  10   5  42095   0
 224        312  -16.605870   24.500000  10   5  42096   0
 225        313  -24.276350   32.000000  10   5  42099   0
 226        314 -103.668200  140.000000  10   5  43089   0
 227        315  -91.882800  120.000000  10   5  43090   0
 228        316  -79.034370  100.000000  10   5  43091   0
 229        317  -68.011940   80.000000  10   5  43092   0
 230        318  -55.272510   60.000000  10   5  43093   0
 231        319  -46.649080   50.000000  10   5  43094   0
 232        320  -36.715650   41.000000  10   5  43095   0
 233        321  -13.763000   13.763000  10   5  43099   0
 234        322  -93.135380  120.000000  10   5  44092   0
 235        323  -82.205940  100.000000  10   5  44093   0
 236        324  -68.832520   80.000000  10   5  44094   0
 237        325  -59.879090   60.000000  10   5  44095   0
 238        326  -49.185660   50.000000  10   5  44096   0
 239        327  -14.427000   45.000000  10   5  44097   0
 240        328  -14.134000   33.000000  10   5  44098   0
 241        329  -74.253440   80.000000  10   5  45095   0
 242        330  -64.896010   70.000000  10   5  45096   0
 243        331  -53.861580   55.000000  10   5  45097   0
 244        332  -45.212150   45.212150  10   5  45098   0
 245        333  -12.090000   35.000000  10  22  43098   0
 246        334  -16.880220   39.000000  10  23  39090   0
 247        335  -19.368000   22.500000  10  24  43097   0
 248        336  -18.952000   33.000000  10  25  43096   0
 249        337  -14.578290   26.500000  10  29  41094   0
 250        338  -21.805720   35.000000  10  30  41093   0
 251        339  -19.366800   37.000000  10  35  40092   0
 252        340  -28.002230   45.000000  10  36  40091   0
 253        341  -34.732000   35.000000  10  37  45099   0
 254        342   -2.834000   23.500000  10  45  42097   0
 255        343  -13.763000   13.763000  10 107  43099   0
 256        344  -13.905680   13.905680  10 107  43099   1
 257        345   -6.089860   16.250000  10 108  41095   0
 258        346   -8.950790   30.000000  10 109  39091   0
 259        347   -9.624000   37.000000  10 112  42098   0
 260        348  -18.890700   34.000000  10 114  40093   0
 
   p   ZAP IP   NR    Tp [MeV]
   1     1  1   53    6.600000
   2     0  2  126    5.000000
   3  1001  9   37    6.600000
   4  1002 31    5    6.600000
   5  1003 32    4    6.600000
   6  2003 33    3    6.600000
   7  2004 34   44    6.000000
--------------------------------------------------------------------------------
 
