 
--------------------------------------------------------------------------------
 46-Pd-110   T= 0.00 K from IAEA/PD-2019       (ACEMAKER)
 ZAID= 46110.38u  MAT=4649  ZA= 46110
 AWR= 108.961000  STA=  0  ELIS=   0.000 MeV  LIS=  0  LISO=  0
--------------------------------------------------------------------------------
 NTOTR= 341 NTRAN=   1 NPROD= 340 NE=     133 EMAX= 200.000 MeV
   i     MT/MTD     Q [MeV]     T [MeV] LMF  MT    ZAP LFS
   1          5    0.000000    1.000000   3   5
   2        219    0.000000  180.000000   6   5  28074   0
   3        220    0.000000  180.000000   6   5  29075   0
   4        221    0.000000  180.000000   6   5  29076   0
   5        222    0.000000  180.000000   6   5  29076   1
   6        223    0.000000  180.000000   6   5  29077   0
   7        224    0.000000  150.000000   6   5  30076   0
   8        225    0.000000  150.000000   6   5  30077   0
   9        226    0.000000  150.000000   6   5  30077   1
  10        227    0.000000  150.000000   6   5  30078   0
  11        228    0.000000  170.000000   6   5  30079   0
  12        229    0.000000  170.000000   6   5  30080   0
  13        230    0.000000  150.000000   6   5  31077   0
  14        231    0.000000  150.000000   6   5  31078   0
  15        232    0.000000  150.000000   6   5  31079   0
  16        233    0.000000  150.000000   6   5  31080   0
  17        234    0.000000  150.000000   6   5  31081   0
  18        235    0.000000  170.000000   6   5  31082   0
  19        236    0.000000  180.000000   6   5  31083   0
  20        237    0.000000  140.000000   6   5  32078   0
  21        238    0.000000  130.000000   6   5  32079   0
  22        239    0.000000  130.000000   6   5  32079   1
  23        240    0.000000  130.000000   6   5  32080   0
  24        241    0.000000  130.000000   6   5  32081   0
  25        242    0.000000  130.000000   6   5  32081   1
  26        243    0.000000  130.000000   6   5  32082   0
  27        244    0.000000  140.000000   6   5  32083   0
  28        245    0.000000  140.000000   6   5  32084   0
  29        246    0.000000  170.000000   6   5  32085   0
  30        247    0.000000  170.000000   6   5  32086   0
  31        248    0.000000  140.000000   6   5  33079   0
  32        249    0.000000  130.000000   6   5  33080   0
  33        250    0.000000  130.000000   6   5  33081   0
  34        251    0.000000  130.000000   6   5  33082   0
  35        252    0.000000  130.000000   6   5  33082   1
  36        253    0.000000  130.000000   6   5  33083   0
  37        254    0.000000  120.000000   6   5  33084   0
  38        255    0.000000  120.000000   6   5  33085   0
  39        256    0.000000  140.000000   6   5  33086   0
  40        257    0.000000  140.000000   6   5  33087   0
  41        258    0.000000  170.000000   6   5  33088   0
  42        259    0.000000  180.000000   6   5  33089   0
  43        260    0.000000  140.000000   6   5  34080   0
  44        261    0.000000  130.000000   6   5  34081   0
  45        262    0.000000  130.000000   6   5  34081   1
  46        263    0.000000  120.000000   6   5  34082   0
  47        264    0.000000  110.000000   6   5  34083   0
  48        265    0.000000  110.000000   6   5  34083   1
  49        266    0.000000  100.000000   6   5  34084   0
  50        267    0.000000  100.000000   6   5  34085   0
  51        268    0.000000  100.000000   6   5  34086   0
  52        269    0.000000  120.000000   6   5  34087   0
  53        270    0.000000  120.000000   6   5  34088   0
  54        271    0.000000  140.000000   6   5  34089   0
  55        272    0.000000  140.000000   6   5  34090   0
  56        273    0.000000  180.000000   6   5  34091   0
  57        274    0.000000  180.000000   6   5  34092   0
  58        275    0.000000  140.000000   6   5  35081   0
  59        276    0.000000  130.000000   6   5  35082   0
  60        277    0.000000  130.000000   6   5  35082   1
  61        278    0.000000  120.000000   6   5  35083   0
  62        279    0.000000  110.000000   6   5  35084   0
  63        280    0.000000  110.000000   6   5  35084   1
  64        281    0.000000  100.000000   6   5  35085   0
  65        282    0.000000  100.000000   6   5  35086   0
  66        283    0.000000  100.000000   6   5  35087   0
  67        284    0.000000   95.000000   6   5  35088   0
  68        285    0.000000   95.000000   6   5  35089   0
  69        286    0.000000  120.000000   6   5  35090   0
  70        287    0.000000  120.000000   6   5  35091   0
  71        288    0.000000  140.000000   6   5  35092   0
  72        289    0.000000  150.000000   6   5  35093   0
  73        290    0.000000  180.000000   6   5  35094   0
  74        291    0.000000  190.000000   6   5  35095   0
  75        292    0.000000  140.000000   6   5  36082   0
  76        293    0.000000  130.000000   6   5  36083   0
  77        294    0.000000  130.000000   6   5  36083   1
  78        295    0.000000  120.000000   6   5  36084   0
  79        296    0.000000  110.000000   6   5  36085   0
  80        297    0.000000  110.000000   6   5  36085   1
  81        298    0.000000   95.000000   6   5  36086   0
  82        299    0.000000   90.000000   6   5  36087   0
  83        300    0.000000   78.000000   6   5  36088   0
  84        301    0.000000   76.000000   6   5  36089   0
  85        302    0.000000   78.000000   6   5  36090   0
  86        303    0.000000   80.000000   6   5  36091   0
  87        304    0.000000   90.000000   6   5  36092   0
  88        305    0.000000  110.000000   6   5  36093   0
  89        306    0.000000  120.000000   6   5  36094   0
  90        307    0.000000  150.000000   6   5  36095   0
  91        308    0.000000  150.000000   6   5  36096   0
  92        309    0.000000  190.000000   6   5  36097   0
  93        310    0.000000  190.000000   6   5  36098   0
  94        311    0.000000  140.000000   6   5  37083   0
  95        312    0.000000  130.000000   6   5  37084   0
  96        313    0.000000  130.000000   6   5  37084   1
  97        314    0.000000  120.000000   6   5  37085   0
  98        315    0.000000  110.000000   6   5  37086   0
  99        316    0.000000  110.000000   6   5  37086   1
 100        317    0.000000   95.000000   6   5  37087   0
 101        318    0.000000   90.000000   6   5  37088   0
 102        319    0.000000   78.000000   6   5  37089   0
 103        320    0.000000   76.000000   6   5  37090   0
 104        321    0.000000   76.000000   6   5  37090   1
 105        322    0.000000   76.000000   6   5  37091   0
 106        323    0.000000   72.000000   6   5  37092   0
 107        324    0.000000   76.000000   6   5  37093   0
 108        325    0.000000   80.000000   6   5  37094   0
 109        326    0.000000   90.000000   6   5  37095   0
 110        327    0.000000  110.000000   6   5  37096   0
 111        328    0.000000  120.000000   6   5  37097   0
 112        329    0.000000  150.000000   6   5  37098   0
 113        330    0.000000  160.000000   6   5  37099   0
 114        331    0.000000  190.000000   6   5  37100   0
 115        332    0.000000  140.000000   6   5  38084   0
 116        333    0.000000  130.000000   6   5  38085   0
 117        334    0.000000  130.000000   6   5  38085   1
 118        335    0.000000  120.000000   6   5  38086   0
 119        336    0.000000  110.000000   6   5  38087   0
 120        337    0.000000  110.000000   6   5  38087   1
 121        338    0.000000   95.000000   6   5  38088   0
 122        339    0.000000   85.000000   6   5  38089   0
 123        340    0.000000   76.000000   6   5  38090   0
 124        341    0.000000   68.000000   6   5  38091   0
 125        342    0.000000   60.000000   6   5  38092   0
 126        343    0.000000   54.000000   6   5  38093   0
 127        344    0.000000   52.000000   6   5  38094   0
 128        345    0.000000   60.000000   6   5  38095   0
 129        346    0.000000   72.000000   6   5  38096   0
 130        347    0.000000   80.000000   6   5  38097   0
 131        348    0.000000   90.000000   6   5  38098   0
 132        349    0.000000  110.000000   6   5  38099   0
 133        350    0.000000  120.000000   6   5  38100   0
 134        351    0.000000  160.000000   6   5  38101   0
 135        352    0.000000  150.000000   6   5  39085   0
 136        353    0.000000  150.000000   6   5  39085   1
 137        354    0.000000  130.000000   6   5  39086   0
 138        355    0.000000  130.000000   6   5  39086   1
 139        356    0.000000  120.000000   6   5  39087   0
 140        357    0.000000  120.000000   6   5  39087   1
 141        358    0.000000  110.000000   6   5  39088   0
 142        359    0.000000   95.000000   6   5  39089   0
 143        360    0.000000   95.000000   6   5  39089   1
 144        361    0.000000   85.000000   6   5  39090   0
 145        362    0.000000   85.000000   6   5  39090   1
 146        363    0.000000   78.000000   6   5  39091   0
 147        364    0.000000   78.000000   6   5  39091   1
 148        365    0.000000   70.000000   6   5  39092   0
 149        366    0.000000   62.000000   6   5  39093   0
 150        367    0.000000   64.000000   6   5  39093   1
 151        368    0.000000   56.000000   6   5  39094   0
 152        369    0.000000   52.000000   6   5  39095   0
 153        370    0.000000   52.000000   6   5  39096   0
 154        371    0.000000   50.000000   6   5  39097   0
 155        372    0.000000   50.000000   6   5  39097   1
 156        373    0.000000   62.000000   6   5  39098   0
 157        374    0.000000   64.000000   6   5  39098   1
 158        375    0.000000   74.000000   6   5  39099   0
 159        376    0.000000   80.000000   6   5  39100   0
 160        377    0.000000   80.000000   6   5  39100   1
 161        378    0.000000   95.000000   6   5  39101   0
 162        379    0.000000  120.000000   6   5  39102   0
 163        380    0.000000  160.000000   6   5  40086   0
 164        381    0.000000  140.000000   6   5  40087   0
 165        382    0.000000  140.000000   6   5  40087   1
 166        383    0.000000  130.000000   6   5  40088   0
 167        384    0.000000  110.000000   6   5  40089   0
 168        385    0.000000  110.000000   6   5  40089   1
 169        386    0.000000  100.000000   6   5  40090   0
 170        387    0.000000  100.000000   6   5  40090   1
 171        388    0.000000   90.000000   6   5  40091   0
 172        389    0.000000   78.000000   6   5  40092   0
 173        390    0.000000   68.000000   6   5  40093   0
 174        391    0.000000   60.000000   6   5  40094   0
 175        392    0.000000   52.000000   6   5  40095   0
 176        393    0.000000   44.000000   6   5  40096   0
 177        394    0.000000   36.000000   6   5  40097   0
 178        395    0.000000   28.000000   6   5  40098   0
 179        396    0.000000   44.000000   6   5  40099   0
 180        397    0.000000   48.000000   6   5  40100   0
 181        398    0.000000   62.000000   6   5  40101   0
 182        399    0.000000   74.000000   6   5  40102   0
 183        400    0.000000   80.000000   6   5  40103   0
 184        401    0.000000  120.000000   6   5  40104   0
 185        402    0.000000  160.000000   6   5  41087   0
 186        403    0.000000  160.000000   6   5  41087   1
 187        404    0.000000  150.000000   6   5  41088   0
 188        405    0.000000  150.000000   6   5  41088   1
 189        406    0.000000  130.000000   6   5  41089   0
 190        407    0.000000  130.000000   6   5  41089   1
 191        408    0.000000  120.000000   6   5  41090   0
 192        409    0.000000  120.000000   6   5  41090   1
 193        410    0.000000  110.000000   6   5  41091   0
 194        411    0.000000  110.000000   6   5  41091   1
 195        412    0.000000   95.000000   6   5  41092   0
 196        413    0.000000   95.000000   6   5  41092   1
 197        414    0.000000   85.000000   6   5  41093   0
 198        415    0.000000   85.000000   6   5  41093   1
 199        416    0.000000   76.000000   6   5  41094   0
 200        417    0.000000   76.000000   6   5  41094   1
 201        418    0.000000   66.000000   6   5  41095   0
 202        419    0.000000   66.000000   6   5  41095   1
 203        420    0.000000   58.000000   6   5  41096   0
 204        421    0.000000   50.000000   6   5  41097   0
 205        422    0.000000   50.000000   6   5  41097   1
 206        423    0.000000   42.000000   6   5  41098   0
 207        424    0.000000   44.000000   6   5  41098   1
 208        425    0.000000   34.000000   6   5  41099   0
 209        426    0.000000   36.000000   6   5  41099   1
 210        427    0.000000   36.000000   6   5  41100   0
 211        428    0.000000   36.000000   6   5  41100   1
 212        429    0.000000   30.000000   6   5  41101   0
 213        430    0.000000   46.000000   6   5  41102   0
 214        431    0.000000   46.000000   6   5  41102   1
 215        432    0.000000   48.000000   6   5  41103   0
 216        433    0.000000   62.000000   6   5  41104   0
 217        434    0.000000   74.000000   6   5  41105   0
 218        435    0.000000  170.000000   6   5  42088   0
 219        436    0.000000  160.000000   6   5  42089   0
 220        437    0.000000  160.000000   6   5  42089   1
 221        438    0.000000  140.000000   6   5  42090   0
 222        439    0.000000  120.000000   6   5  42091   0
 223        440    0.000000  120.000000   6   5  42091   1
 224        441    0.000000  110.000000   6   5  42092   0
 225        442    0.000000   95.000000   6   5  42093   0
 226        443    0.000000   95.000000   6   5  42093   1
 227        444    0.000000   85.000000   6   5  42094   0
 228        445    0.000000   72.000000   6   5  42095   0
 229        446    0.000000   64.000000   6   5  42096   0
 230        447    0.000000   54.000000   6   5  42097   0
 231        448    0.000000   44.000000   6   5  42098   0
 232        449    0.000000   38.000000   6   5  42099   0
 233        450    0.000000   29.000000   6   5  42100   0
 234        461    0.000000   24.000000   6   5  42101   0
 235        462    0.000000   15.000000   6   5  42102   0
 236        463    0.000000   30.000000   6   5  42103   0
 237        464    0.000000   30.000000   6   5  42104   0
 238        465    0.000000   46.000000   6   5  42105   0
 239        466    0.000000   48.000000   6   5  42106   0
 240        467    0.000000  180.000000   6   5  43089   0
 241        468    0.000000  180.000000   6   5  43089   1
 242        469    0.000000  160.000000   6   5  43090   0
 243        470    0.000000  160.000000   6   5  43090   1
 244        471    0.000000  160.000000   6   5  43090   2
 245        472    0.000000  150.000000   6   5  43091   0
 246        473    0.000000  150.000000   6   5  43091   1
 247        474    0.000000  130.000000   6   5  43092   0
 248        475    0.000000  120.000000   6   5  43093   0
 249        476    0.000000  120.000000   6   5  43093   1
 250        477    0.000000  110.000000   6   5  43094   0
 251        478    0.000000  110.000000   6   5  43094   1
 252        479    0.000000   95.000000   6   5  43095   0
 253        480    0.000000   95.000000   6   5  43095   1
 254        481    0.000000   85.000000   6   5  43096   0
 255        482    0.000000   85.000000   6   5  43096   1
 256        483    0.000000   74.000000   6   5  43097   0
 257        484    0.000000   74.000000   6   5  43097   1
 258        485    0.000000   66.000000   6   5  43098   0
 259        486    0.000000   56.000000   6   5  43099   0
 260        487    0.000000   56.000000   6   5  43099   1
 261        488    0.000000   48.000000   6   5  43100   0
 262        489    0.000000   40.000000   6   5  43101   0
 263        490    0.000000   34.000000   6   5  43102   0
 264        491    0.000000   34.000000   6   5  43102   1
 265        492    0.000000   24.000000   6   5  43103   0
 266        493    0.000000   25.000000   6   5  43104   0
 267        494    0.000000   18.500000   6   5  43105   0
 268        495    0.000000   34.000000   6   5  43106   0
 269        496    0.000000   34.000000   6   5  43107   0
 270        497    0.000000  190.000000   6   5  44090   0
 271        498    0.000000  170.000000   6   5  44091   0
 272        499    0.000000  150.000000   6   5  44092   0
 273        500    0.000000  140.000000   6   5  44093   0
 274        501    0.000000  140.000000   6   5  44093   1
 275        502    0.000000  120.000000   6   5  44094   0
 276        503    0.000000  110.000000   6   5  44095   0
 277        504    0.000000   95.000000   6   5  44096   0
 278        505    0.000000   85.000000   6   5  44097   0
 279        506    0.000000   74.000000   6   5  44098   0
 280        507    0.000000   64.000000   6   5  44099   0
 281        508    0.000000   54.000000   6   5  44100   0
 282        509    0.000000   46.000000   6   5  44101   0
 283        510    0.000000   36.000000   6   5  44102   0
 284        511    0.000000   30.000000   6   5  44103   0
 285        512    0.000000   21.000000   6   5  44104   0
 286        513    0.000000   14.000000   6   5  44105   0
 287        514    0.000000    5.500000   6   5  44106   0
 288        515    0.000000   21.000000   6   5  44107   0
 289        516    0.000000   20.000000   6   5  44108   0
 290        517    0.000000  180.000000   6   5  45092   0
 291        518    0.000000  180.000000   6   5  45092   1
 292        519    0.000000  170.000000   6   5  45093   0
 293        520    0.000000  150.000000   6   5  45094   0
 294        521    0.000000  150.000000   6   5  45094   1
 295        522    0.000000  140.000000   6   5  45095   0
 296        523    0.000000  140.000000   6   5  45095   1
 297        524    0.000000  130.000000   6   5  45096   0
 298        525    0.000000  130.000000   6   5  45096   1
 299        526    0.000000  110.000000   6   5  45097   0
 300        527    0.000000  110.000000   6   5  45097   1
 301        528    0.000000  100.000000   6   5  45098   0
 302        529    0.000000  100.000000   6   5  45098   1
 303        530    0.000000   90.000000   6   5  45099   0
 304        531    0.000000   90.000000   6   5  45099   1
 305        532    0.000000   80.000000   6   5  45100   0
 306        533    0.000000   80.000000   6   5  45100   1
 307        534    0.000000   68.000000   6   5  45101   0
 308        535    0.000000   68.000000   6   5  45101   1
 309        536    0.000000   60.000000   6   5  45102   0
 310        537    0.000000   60.000000   6   5  45102   1
 311        538    0.000000   50.000000   6   5  45103   0
 312        539    0.000000   50.000000   6   5  45103   1
 313        540    0.000000   42.000000   6   5  45104   0
 314        541    0.000000   42.000000   6   5  45104   1
 315        542    0.000000   34.000000   6   5  45105   0
 316        543    0.000000   34.000000   6   5  45105   1
 317        544    0.000000   26.000000   6   5  45106   0
 318        545    0.000000   26.000000   6   5  45106   1
 319        546    0.000000   17.000000   6   5  45107   0
 320        547    0.000000   17.000000   6   5  45108   0
 321        548    0.000000   11.000000   6   5  45109   0
 322        549    0.000000  170.000000   6   5  46094   0
 323        550    0.000000  160.000000   6   5  46095   0
 324        551    0.000000  160.000000   6   5  46095   1
 325        552    0.000000  140.000000   6   5  46096   0
 326        553    0.000000  130.000000   6   5  46097   0
 327        554    0.000000  120.000000   6   5  46098   0
 328        555    0.000000  110.000000   6   5  46099   0
 329        556    0.000000   90.000000   6   5  46100   0
 330        557    0.000000   80.000000   6   5  46101   0
 331        558    0.000000   70.000000   6   5  46102   0
 332        559    0.000000   60.000000   6   5  46103   0
 333        560    0.000000   50.000000   6   5  46104   0
 334        561    0.000000   42.000000   6   5  46105   0
 335        562    0.000000   32.000000   6   5  46106   0
 336        563    0.000000   25.000000   6   5  46107   0
 337        564    0.000000   25.000000   6   5  46107   1
 338        565    0.000000   15.500000   6   5  46108   0
 339        566    0.000000    9.000000   6   5  46109   0
 340        567    0.000000    9.000000   6   5  46109   1
 341        568    0.000000    1.000000   6   5  46110   0
 
   p   ZAP IP   NR    Tp [MeV]
   1     1  1    1    8.795746
   2     0  2    1    1.000000
   3  1001  9    1   10.620420
   4  1002 31    1   16.434910
   5  1003 32    1   16.417010
   6  2003 33    1   20.000000
   7  2004 34    1    5.500000
--------------------------------------------------------------------------------
 
