 
--------------------------------------------------------------------------------
 46-Pd-105   T= 0.00 K from IAEA/PD-2019       (ACEMAKER)
 ZAID= 46105.38u  MAT=4634  ZA= 46105
 AWR= 104.003900  STA=  0  ELIS=   0.000 MeV  LIS=  0  LISO=  0
--------------------------------------------------------------------------------
 NTOTR= 380 NTRAN=   1 NPROD= 379 NE=     134 EMAX= 200.000 MeV
   i     MT/MTD     Q [MeV]     T [MeV] LMF  MT    ZAP LFS
   1          5    0.000000    1.000000   3   5
   2        219    0.000000  190.000000   6   5  26067   0
   3        220    0.000000  170.000000   6   5  27068   0
   4        221    0.000000  170.000000   6   5  27068   1
   5        222    0.000000  170.000000   6   5  27069   0
   6        223    0.000000  150.000000   6   5  28069   0
   7        224    0.000000  150.000000   6   5  28070   0
   8        225    0.000000  170.000000   6   5  28071   0
   9        226    0.000000  170.000000   6   5  28072   0
  10        227    0.000000  150.000000   6   5  29070   0
  11        228    0.000000  150.000000   6   5  29070   1
  12        229    0.000000  150.000000   6   5  29071   0
  13        230    0.000000  150.000000   6   5  29072   0
  14        231    0.000000  150.000000   6   5  29073   0
  15        232    0.000000  170.000000   6   5  29074   0
  16        233    0.000000  170.000000   6   5  29075   0
  17        234    0.000000  130.000000   6   5  30071   0
  18        235    0.000000  130.000000   6   5  30071   1
  19        236    0.000000  130.000000   6   5  30072   0
  20        237    0.000000  120.000000   6   5  30073   0
  21        238    0.000000  120.000000   6   5  30074   0
  22        239    0.000000  140.000000   6   5  30075   0
  23        240    0.000000  140.000000   6   5  30076   0
  24        241    0.000000  170.000000   6   5  30077   0
  25        242    0.000000  170.000000   6   5  30077   1
  26        243    0.000000  170.000000   6   5  30078   0
  27        244    0.000000  130.000000   6   5  31072   0
  28        245    0.000000  130.000000   6   5  31073   0
  29        246    0.000000  120.000000   6   5  31074   0
  30        247    0.000000  120.000000   6   5  31075   0
  31        248    0.000000  120.000000   6   5  31076   0
  32        249    0.000000  120.000000   6   5  31077   0
  33        250    0.000000  140.000000   6   5  31078   0
  34        251    0.000000  140.000000   6   5  31079   0
  35        252    0.000000  170.000000   6   5  31080   0
  36        253    0.000000  170.000000   6   5  31081   0
  37        254    0.000000  140.000000   6   5  32073   0
  38        255    0.000000  140.000000   6   5  32073   1
  39        256    0.000000  130.000000   6   5  32074   0
  40        257    0.000000  120.000000   6   5  32075   0
  41        258    0.000000  120.000000   6   5  32075   1
  42        259    0.000000  110.000000   6   5  32076   0
  43        260    0.000000  100.000000   6   5  32077   0
  44        261    0.000000  100.000000   6   5  32077   1
  45        262    0.000000  100.000000   6   5  32078   0
  46        263    0.000000  120.000000   6   5  32079   0
  47        264    0.000000  120.000000   6   5  32079   1
  48        265    0.000000  120.000000   6   5  32080   0
  49        266    0.000000  140.000000   6   5  32081   0
  50        267    0.000000  140.000000   6   5  32081   1
  51        268    0.000000  140.000000   6   5  32082   0
  52        269    0.000000  170.000000   6   5  32083   0
  53        270    0.000000  170.000000   6   5  32084   0
  54        271    0.000000  140.000000   6   5  33074   0
  55        272    0.000000  130.000000   6   5  33075   0
  56        273    0.000000  120.000000   6   5  33076   0
  57        274    0.000000  110.000000   6   5  33077   0
  58        275    0.000000  100.000000   6   5  33078   0
  59        276    0.000000  100.000000   6   5  33079   0
  60        277    0.000000   95.000000   6   5  33080   0
  61        278    0.000000   95.000000   6   5  33081   0
  62        279    0.000000  120.000000   6   5  33082   0
  63        280    0.000000  120.000000   6   5  33082   1
  64        281    0.000000  120.000000   6   5  33083   0
  65        282    0.000000  140.000000   6   5  33084   0
  66        283    0.000000  140.000000   6   5  33085   0
  67        284    0.000000  170.000000   6   5  33086   0
  68        285    0.000000  180.000000   6   5  33087   0
  69        286    0.000000  140.000000   6   5  34075   0
  70        287    0.000000  130.000000   6   5  34076   0
  71        288    0.000000  120.000000   6   5  34077   0
  72        289    0.000000  120.000000   6   5  34077   1
  73        290    0.000000  110.000000   6   5  34078   0
  74        291    0.000000   95.000000   6   5  34079   0
  75        292    0.000000   95.000000   6   5  34079   1
  76        293    0.000000   85.000000   6   5  34080   0
  77        294    0.000000   76.000000   6   5  34081   0
  78        295    0.000000   76.000000   6   5  34081   1
  79        296    0.000000   78.000000   6   5  34082   0
  80        297    0.000000   95.000000   6   5  34083   0
  81        298    0.000000   95.000000   6   5  34083   1
  82        299    0.000000   95.000000   6   5  34084   0
  83        300    0.000000  120.000000   6   5  34085   0
  84        301    0.000000  120.000000   6   5  34086   0
  85        302    0.000000  140.000000   6   5  34087   0
  86        303    0.000000  150.000000   6   5  34088   0
  87        304    0.000000  180.000000   6   5  34089   0
  88        305    0.000000  180.000000   6   5  34090   0
  89        306    0.000000  140.000000   6   5  35076   0
  90        307    0.000000  140.000000   6   5  35076   1
  91        308    0.000000  130.000000   6   5  35077   0
  92        309    0.000000  130.000000   6   5  35077   1
  93        310    0.000000  120.000000   6   5  35078   0
  94        311    0.000000  110.000000   6   5  35079   0
  95        312    0.000000  110.000000   6   5  35079   1
  96        313    0.000000   95.000000   6   5  35080   0
  97        314    0.000000   95.000000   6   5  35080   1
  98        315    0.000000   85.000000   6   5  35081   0
  99        316    0.000000   76.000000   6   5  35082   0
 100        317    0.000000   76.000000   6   5  35082   1
 101        318    0.000000   76.000000   6   5  35083   0
 102        319    0.000000   72.000000   6   5  35084   0
 103        320    0.000000   72.000000   6   5  35084   1
 104        321    0.000000   76.000000   6   5  35085   0
 105        322    0.000000   95.000000   6   5  35086   0
 106        323    0.000000   95.000000   6   5  35087   0
 107        324    0.000000  120.000000   6   5  35088   0
 108        325    0.000000  120.000000   6   5  35089   0
 109        326    0.000000  150.000000   6   5  35090   0
 110        327    0.000000  150.000000   6   5  35091   0
 111        328    0.000000  180.000000   6   5  35092   0
 112        329    0.000000  150.000000   6   5  36077   0
 113        330    0.000000  130.000000   6   5  36078   0
 114        331    0.000000  120.000000   6   5  36079   0
 115        332    0.000000  120.000000   6   5  36079   1
 116        333    0.000000  110.000000   6   5  36080   0
 117        334    0.000000   95.000000   6   5  36081   0
 118        335    0.000000   95.000000   6   5  36081   1
 119        336    0.000000   85.000000   6   5  36082   0
 120        337    0.000000   72.000000   6   5  36083   0
 121        338    0.000000   72.000000   6   5  36083   1
 122        339    0.000000   62.000000   6   5  36084   0
 123        340    0.000000   54.000000   6   5  36085   0
 124        341    0.000000   54.000000   6   5  36085   1
 125        342    0.000000   60.000000   6   5  36086   0
 126        343    0.000000   72.000000   6   5  36087   0
 127        344    0.000000   76.000000   6   5  36088   0
 128        345    0.000000   95.000000   6   5  36089   0
 129        346    0.000000   95.000000   6   5  36090   0
 130        347    0.000000  120.000000   6   5  36091   0
 131        348    0.000000  120.000000   6   5  36092   0
 132        349    0.000000  150.000000   6   5  36093   0
 133        350    0.000000  160.000000   6   5  36094   0
 134        351    0.000000  150.000000   6   5  37078   0
 135        352    0.000000  150.000000   6   5  37078   1
 136        353    0.000000  140.000000   6   5  37079   0
 137        354    0.000000  120.000000   6   5  37080   0
 138        355    0.000000  110.000000   6   5  37081   0
 139        356    0.000000  110.000000   6   5  37081   1
 140        357    0.000000  100.000000   6   5  37082   0
 141        358    0.000000  100.000000   6   5  37082   1
 142        359    0.000000   85.000000   6   5  37083   0
 143        360    0.000000   78.000000   6   5  37084   0
 144        361    0.000000   78.000000   6   5  37084   1
 145        362    0.000000   66.000000   6   5  37085   0
 146        363    0.000000   56.000000   6   5  37086   0
 147        364    0.000000   58.000000   6   5  37086   1
 148        365    0.000000   54.000000   6   5  37087   0
 149        366    0.000000   54.000000   6   5  37088   0
 150        367    0.000000   62.000000   6   5  37089   0
 151        368    0.000000   72.000000   6   5  37090   0
 152        369    0.000000   72.000000   6   5  37090   1
 153        370    0.000000   78.000000   6   5  37091   0
 154        371    0.000000   95.000000   6   5  37092   0
 155        372    0.000000   95.000000   6   5  37093   0
 156        373    0.000000  120.000000   6   5  37094   0
 157        374    0.000000  130.000000   6   5  37095   0
 158        375    0.000000  160.000000   6   5  37096   0
 159        376    0.000000  170.000000   6   5  38079   0
 160        377    0.000000  150.000000   6   5  38080   0
 161        378    0.000000  130.000000   6   5  38081   0
 162        379    0.000000  120.000000   6   5  38082   0
 163        380    0.000000  110.000000   6   5  38083   0
 164        381    0.000000  110.000000   6   5  38083   1
 165        382    0.000000   90.000000   6   5  38084   0
 166        383    0.000000   76.000000   6   5  38085   0
 167        384    0.000000   76.000000   6   5  38085   1
 168        385    0.000000   66.000000   6   5  38086   0
 169        386    0.000000   56.000000   6   5  38087   0
 170        387    0.000000   56.000000   6   5  38087   1
 171        388    0.000000   46.000000   6   5  38088   0
 172        389    0.000000   38.000000   6   5  38089   0
 173        390    0.000000   44.000000   6   5  38090   0
 174        391    0.000000   52.000000   6   5  38091   0
 175        392    0.000000   60.000000   6   5  38092   0
 176        393    0.000000   72.000000   6   5  38093   0
 177        394    0.000000   78.000000   6   5  38094   0
 178        395    0.000000   95.000000   6   5  38095   0
 179        396    0.000000  100.000000   6   5  38096   0
 180        397    0.000000  130.000000   6   5  38097   0
 181        398    0.000000  170.000000   6   5  39080   0
 182        399    0.000000  170.000000   6   5  39080   1
 183        400    0.000000  150.000000   6   5  39081   0
 184        401    0.000000  140.000000   6   5  39082   0
 185        402    0.000000  120.000000   6   5  39083   0
 186        403    0.000000  120.000000   6   5  39083   1
 187        404    0.000000  110.000000   6   5  39084   0
 188        405    0.000000  110.000000   6   5  39084   1
 189        406    0.000000   95.000000   6   5  39085   0
 190        407    0.000000   95.000000   6   5  39085   1
 191        408    0.000000   85.000000   6   5  39086   0
 192        409    0.000000   85.000000   6   5  39086   1
 193        410    0.000000   72.000000   6   5  39087   0
 194        411    0.000000   72.000000   6   5  39087   1
 195        412    0.000000   62.000000   6   5  39088   0
 196        413    0.000000   48.000000   6   5  39089   0
 197        414    0.000000   50.000000   6   5  39089   1
 198        415    0.000000   42.000000   6   5  39090   0
 199        416    0.000000   42.000000   6   5  39090   1
 200        417    0.000000   38.000000   6   5  39091   0
 201        418    0.000000   40.000000   6   5  39091   1
 202        419    0.000000   38.000000   6   5  39092   0
 203        420    0.000000   48.000000   6   5  39093   0
 204        421    0.000000   48.000000   6   5  39093   1
 205        422    0.000000   52.000000   6   5  39094   0
 206        423    0.000000   64.000000   6   5  39095   0
 207        424    0.000000   72.000000   6   5  39096   0
 208        425    0.000000   80.000000   6   5  39097   0
 209        426    0.000000   80.000000   6   5  39097   1
 210        427    0.000000  100.000000   6   5  39098   0
 211        428    0.000000  100.000000   6   5  39098   1
 212        429    0.000000  180.000000   6   5  40081   0
 213        430    0.000000  170.000000   6   5  40082   0
 214        431    0.000000  150.000000   6   5  40083   0
 215        432    0.000000  130.000000   6   5  40084   0
 216        433    0.000000  120.000000   6   5  40085   0
 217        434    0.000000  100.000000   6   5  40086   0
 218        435    0.000000   85.000000   6   5  40087   0
 219        436    0.000000   85.000000   6   5  40087   1
 220        437    0.000000   70.000000   6   5  40088   0
 221        438    0.000000   60.000000   6   5  40089   0
 222        439    0.000000   60.000000   6   5  40089   1
 223        440    0.000000   50.000000   6   5  40090   0
 224        441    0.000000   50.000000   6   5  40090   1
 225        442    0.000000   40.000000   6   5  40091   0
 226        443    0.000000   30.000000   6   5  40092   0
 227        444    0.000000   21.000000   6   5  40093   0
 228        445    0.000000   32.000000   6   5  40094   0
 229        446    0.000000   36.000000   6   5  40095   0
 230        447    0.000000   46.000000   6   5  40096   0
 231        448    0.000000   52.000000   6   5  40097   0
 232        449    0.000000   64.000000   6   5  40098   0
 233        450    0.000000   74.000000   6   5  40099   0
 234        461    0.000000  190.000000   6   5  41082   0
 235        462    0.000000  170.000000   6   5  41083   0
 236        463    0.000000  150.000000   6   5  41084   0
 237        464    0.000000  140.000000   6   5  41085   0
 238        465    0.000000  130.000000   6   5  41086   0
 239        466    0.000000  130.000000   6   5  41086   1
 240        467    0.000000  110.000000   6   5  41087   0
 241        468    0.000000  110.000000   6   5  41087   1
 242        469    0.000000   95.000000   6   5  41088   0
 243        470    0.000000   95.000000   6   5  41088   1
 244        471    0.000000   85.000000   6   5  41089   0
 245        472    0.000000   85.000000   6   5  41089   1
 246        473    0.000000   70.000000   6   5  41090   0
 247        474    0.000000   70.000000   6   5  41090   1
 248        475    0.000000   58.000000   6   5  41091   0
 249        476    0.000000   58.000000   6   5  41091   1
 250        477    0.000000   48.000000   6   5  41092   0
 251        478    0.000000   48.000000   6   5  41092   1
 252        479    0.000000   38.000000   6   5  41093   0
 253        480    0.000000   38.000000   6   5  41093   1
 254        481    0.000000   32.000000   6   5  41094   0
 255        482    0.000000   32.000000   6   5  41094   1
 256        483    0.000000   28.000000   6   5  41095   0
 257        484    0.000000   28.000000   6   5  41095   1
 258        485    0.000000   23.000000   6   5  41096   0
 259        486    0.000000   36.000000   6   5  41097   0
 260        487    0.000000   36.000000   6   5  41097   1
 261        488    0.000000   36.000000   6   5  41098   0
 262        489    0.000000   36.000000   6   5  41098   1
 263        490    0.000000   52.000000   6   5  41099   0
 264        491    0.000000   52.000000   6   5  41099   1
 265        492    0.000000   54.000000   6   5  41100   0
 266        493    0.000000   54.000000   6   5  41100   1
 267        494    0.000000  190.000000   6   5  42084   0
 268        495    0.000000  170.000000   6   5  42085   0
 269        496    0.000000  150.000000   6   5  42086   0
 270        497    0.000000  130.000000   6   5  42087   0
 271        498    0.000000  120.000000   6   5  42088   0
 272        499    0.000000  100.000000   6   5  42089   0
 273        500    0.000000  100.000000   6   5  42089   1
 274        501    0.000000   80.000000   6   5  42090   0
 275        502    0.000000   68.000000   6   5  42091   0
 276        503    0.000000   68.000000   6   5  42091   1
 277        504    0.000000   58.000000   6   5  42092   0
 278        505    0.000000   46.000000   6   5  42093   0
 279        506    0.000000   48.000000   6   5  42093   1
 280        507    0.000000   36.000000   6   5  42094   0
 281        508    0.000000   27.000000   6   5  42095   0
 282        509    0.000000   18.000000   6   5  42096   0
 283        510    0.000000   11.000000   6   5  42097   0
 284        511    0.000000   22.000000   6   5  42098   0
 285        512    0.000000   24.000000   6   5  42099   0
 286        513    0.000000   36.000000   6   5  42100   0
 287        514    0.000000   40.000000   6   5  42101   0
 288        515    0.000000  190.000000   6   5  43085   0
 289        516    0.000000  180.000000   6   5  43086   0
 290        517    0.000000  160.000000   6   5  43087   0
 291        518    0.000000  140.000000   6   5  43088   0
 292        519    0.000000  140.000000   6   5  43088   1
 293        520    0.000000  130.000000   6   5  43089   0
 294        521    0.000000  130.000000   6   5  43089   1
 295        522    0.000000  110.000000   6   5  43090   0
 296        523    0.000000  110.000000   6   5  43090   1
 297        524    0.000000  120.000000   6   5  43090   2
 298        525    0.000000   95.000000   6   5  43091   0
 299        526    0.000000  100.000000   6   5  43091   1
 300        527    0.000000   85.000000   6   5  43092   0
 301        528    0.000000   70.000000   6   5  43093   0
 302        529    0.000000   70.000000   6   5  43093   1
 303        530    0.000000   60.000000   6   5  43094   0
 304        531    0.000000   60.000000   6   5  43094   1
 305        532    0.000000   48.000000   6   5  43095   0
 306        533    0.000000   48.000000   6   5  43095   1
 307        534    0.000000   40.000000   6   5  43096   0
 308        535    0.000000   40.000000   6   5  43096   1
 309        536    0.000000   30.000000   6   5  43097   0
 310        537    0.000000   30.000000   6   5  43097   1
 311        538    0.000000   23.000000   6   5  43098   0
 312        539    0.000000   19.500000   6   5  43099   0
 313        540    0.000000   20.000000   6   5  43099   1
 314        541    0.000000   15.000000   6   5  43100   0
 315        542    0.000000   27.000000   6   5  43101   0
 316        543    0.000000   28.000000   6   5  43102   0
 317        544    0.000000   28.000000   6   5  43102   1
 318        545    0.000000  190.000000   6   5  44087   0
 319        546    0.000000  170.000000   6   5  44088   0
 320        547    0.000000  150.000000   6   5  44089   0
 321        548    0.000000  130.000000   6   5  44090   0
 322        549    0.000000  120.000000   6   5  44091   0
 323        550    0.000000  100.000000   6   5  44092   0
 324        551    0.000000   85.000000   6   5  44093   0
 325        552    0.000000   85.000000   6   5  44093   1
 326        553    0.000000   70.000000   6   5  44094   0
 327        554    0.000000   60.000000   6   5  44095   0
 328        555    0.000000   48.000000   6   5  44096   0
 329        556    0.000000   40.000000   6   5  44097   0
 330        557    0.000000   29.000000   6   5  44098   0
 331        558    0.000000   21.000000   6   5  44099   0
 332        559    0.000000   11.000000   6   5  44100   0
 333        560    0.000000    4.000000   6   5  44101   0
 334        561    0.000000   15.500000   6   5  44102   0
 335        562    0.000000   16.500000   6   5  44103   0
 336        563    0.000000  180.000000   6   5  45089   0
 337        564    0.000000  170.000000   6   5  45090   0
 338        565    0.000000  150.000000   6   5  45091   0
 339        566    0.000000  150.000000   6   5  45091   1
 340        567    0.000000  130.000000   6   5  45092   0
 341        568    0.000000  140.000000   6   5  45092   1
 342        569    0.000000  120.000000   6   5  45093   0
 343        570    0.000000  110.000000   6   5  45094   0
 344        571    0.000000  110.000000   6   5  45094   1
 345        572    0.000000   90.000000   6   5  45095   0
 346        573    0.000000   90.000000   6   5  45095   1
 347        574    0.000000   76.000000   6   5  45096   0
 348        575    0.000000   76.000000   6   5  45096   1
 349        576    0.000000   64.000000   6   5  45097   0
 350        577    0.000000   64.000000   6   5  45097   1
 351        578    0.000000   56.000000   6   5  45098   0
 352        579    0.000000   56.000000   6   5  45098   1
 353        580    0.000000   44.000000   6   5  45099   0
 354        581    0.000000   44.000000   6   5  45099   1
 355        582    0.000000   36.000000   6   5  45100   0
 356        583    0.000000   36.000000   6   5  45100   1
 357        584    0.000000   25.000000   6   5  45101   0
 358        585    0.000000   25.000000   6   5  45101   1
 359        586    0.000000   17.000000   6   5  45102   0
 360        587    0.000000   17.000000   6   5  45102   1
 361        588    0.000000   14.000000   6   5  45103   0
 362        589    0.000000   14.000000   6   5  45103   1
 363        590    0.000000    9.000000   6   5  45104   0
 364        591    0.000000    9.500000   6   5  45104   1
 365        592    0.000000  180.000000   6   5  46091   0
 366        593    0.000000  160.000000   6   5  46092   0
 367        594    0.000000  140.000000   6   5  46093   0
 368        595    0.000000  120.000000   6   5  46094   0
 369        596    0.000000  110.000000   6   5  46095   0
 370        597    0.000000  110.000000   6   5  46095   1
 371        598    0.000000   90.000000   6   5  46096   0
 372        599    0.000000   80.000000   6   5  46097   0
 373        850    0.000000   68.000000   6   5  46098   0
 374        851    0.000000   58.000000   6   5  46099   0
 375        852    0.000000   46.000000   6   5  46100   0
 376        853    0.000000   36.000000   6   5  46101   0
 377        854    0.000000   26.000000   6   5  46102   0
 378        855    0.000000   17.500000   6   5  46103   0
 379        856    0.000000    7.500000   6   5  46104   0
 380        857    0.000000    1.000000   6   5  46105   0
 
   p   ZAP IP   NR    Tp [MeV]
   1     1  1    1    7.094100
   2     0  2    1    1.000000
   3  1001  9    1    8.747511
   4  1002 31    1   13.521900
   5  1003 32    1   17.000000
   6  2003 33    1   15.500000
   7  2004 34    1    4.000000
--------------------------------------------------------------------------------
 
