 
--------------------------------------------------------------------------------
 49-In-115   T= 0.00 K from IAEA/PD-2019       (ACEMAKER)
 ZAID= 49115.38u  MAT=4931  ZA= 49115
 AWR= 113.916800  STA=  0  ELIS=   0.000 MeV  LIS=  0  LISO=  0
--------------------------------------------------------------------------------
 NTOTR= 161 NTRAN=   1 NPROD= 160 NE=      88 EMAX= 200.000 MeV
   i     MT/MTD     Q [MeV]     T [MeV] LMF  MT    ZAP LFS
   1          5    0.000000    1.000000   3   5
   2        219    0.000000  130.000000   6   5  39085   0
   3        220    0.000000  130.000000   6   5  39085   1
   4        221    0.000000  130.000000   6   5  39086   0
   5        222    0.000000  130.000000   6   5  39086   2
   6        223    0.000000  130.000000   6   5  39087   0
   7        224    0.000000  130.000000   6   5  39087   1
   8        225    0.000000  130.000000   6   5  39088   0
   9        226    0.000000  130.000000   6   5  40086   0
  10        227    0.000000  120.000000   6   5  40087   0
  11        228    0.000000  120.000000   6   5  40087   2
  12        229    0.000000  120.000000   6   5  40088   0
  13        230    0.000000  120.000000   6   5  40089   0
  14        231    0.000000  120.000000   6   5  40089   1
  15        232    0.000000  130.000000   6   5  41087   0
  16        233    0.000000  130.000000   6   5  41087   1
  17        234    0.000000  120.000000   6   5  41088   0
  18        235    0.000000  120.000000   6   5  41088   1
  19        236    0.000000  120.000000   6   5  41089   0
  20        237    0.000000  120.000000   6   5  41089   1
  21        238    0.000000  120.000000   6   5  41090   0
  22        239    0.000000  120.000000   6   5  41090   2
  23        240    0.000000  120.000000   6   5  41091   0
  24        241    0.000000  120.000000   6   5  41091   1
  25        242    0.000000  140.000000   6   5  42088   0
  26        243    0.000000  130.000000   6   5  42089   0
  27        244    0.000000  120.000000   6   5  42090   0
  28        245    0.000000  110.000000   6   5  42091   0
  29        246    0.000000  110.000000   6   5  42091   1
  30        247    0.000000  110.000000   6   5  42092   0
  31        248    0.000000  120.000000   6   5  42093   0
  32        249    0.000000  120.000000   6   5  42093  16
  33        250    0.000000  120.000000   6   5  42094   0
  34        251    0.000000  130.000000   6   5  43090   0
  35        252    0.000000  130.000000   6   5  43090   4
  36        253    0.000000  130.000000   6   5  43090   6
  37        254    0.000000  120.000000   6   5  43091   0
  38        255    0.000000  120.000000   6   5  43091   1
  39        256    0.000000  110.000000   6   5  43092   0
  40        257    0.000000  110.000000   6   5  43093   0
  41        258    0.000000  110.000000   6   5  43093   1
  42        259    0.000000  110.000000   6   5  43094   0
  43        260    0.000000  110.000000   6   5  43094   1
  44        261    0.000000  110.000000   6   5  43095   0
  45        262    0.000000  110.000000   6   5  43095   1
  46        263    0.000000  110.000000   6   5  43096   0
  47        264    0.000000  110.000000   6   5  43096   1
  48        265    0.000000  170.000000   6   5  44092   0
  49        266    0.000000  120.000000   6   5  44093   0
  50        267    0.000000  120.000000   6   5  44093   1
  51        268    0.000000  110.000000   6   5  44094   0
  52        269    0.000000  110.000000   6   5  44095   0
  53        270    0.000000  110.000000   6   5  44096   0
  54        271    0.000000  110.000000   6   5  44097   0
  55        272    0.000000  110.000000   6   5  44098   0
  56        273    0.000000  130.000000   6   5  45094   0
  57        274    0.000000  130.000000   6   5  45094   2
  58        275    0.000000  110.000000   6   5  45095   0
  59        276    0.000000  110.000000   6   5  45095   1
  60        277    0.000000  100.000000   6   5  45096   0
  61        278    0.000000  100.000000   6   5  45096   1
  62        279    0.000000  100.000000   6   5  45097   0
  63        280    0.000000  100.000000   6   5  45097   1
  64        281    0.000000  100.000000   6   5  45098   0
  65        282    0.000000  100.000000   6   5  45098   3
  66        283    0.000000  100.000000   6   5  45099   0
  67        284    0.000000  100.000000   6   5  45099   1
  68        285    0.000000   95.000000   6   5  45100   0
  69        286    0.000000   95.000000   6   5  45100   4
  70        287    0.000000   95.000000   6   5  45101   0
  71        288    0.000000   95.000000   6   5  45101   1
  72        289    0.000000   95.000000   6   5  45102   0
  73        290    0.000000   95.000000   6   5  45102   5
  74        291    0.000000  140.000000   6   5  46096   0
  75        292    0.000000  120.000000   6   5  46097   0
  76        293    0.000000  110.000000   6   5  46098   0
  77        294    0.000000  100.000000   6   5  46099   0
  78        295    0.000000   95.000000   6   5  46100   0
  79        296    0.000000   90.000000   6   5  46101   0
  80        297    0.000000   85.000000   6   5  46102   0
  81        298    0.000000   80.000000   6   5  46103   0
  82        299    0.000000   74.000000   6   5  46104   0
  83        300    0.000000   66.000000   6   5  46105   0
  84        301    0.000000   58.000000   6   5  46106   0
  85        302    0.000000   50.000000   6   5  46107   0
  86        303    0.000000   50.000000   6   5  46107   2
  87        304    0.000000   44.000000   6   5  46108   0
  88        305    0.000000   42.000000   6   5  46109   0
  89        306    0.000000   42.000000   6   5  46109   2
  90        307    0.000000  130.000000   6   5  47098   0
  91        308    0.000000  110.000000   6   5  47099   0
  92        309    0.000000  110.000000   6   5  47099   2
  93        310    0.000000  100.000000   6   5  47100   0
  94        311    0.000000  100.000000   6   5  47100   1
  95        312    0.000000   95.000000   6   5  47101   0
  96        313    0.000000   95.000000   6   5  47101   2
  97        314    0.000000   85.000000   6   5  47102   0
  98        315    0.000000   85.000000   6   5  47102   1
  99        316    0.000000   80.000000   6   5  47103   0
 100        317    0.000000   80.000000   6   5  47103   2
 101        318    0.000000   74.000000   6   5  47104   0
 102        319    0.000000   74.000000   6   5  47104   1
 103        320    0.000000   62.000000   6   5  47105   0
 104        321    0.000000   62.000000   6   5  47105   1
 105        322    0.000000   56.000000   6   5  47106   0
 106        323    0.000000   56.000000   6   5  47106   1
 107        324    0.000000   46.000000   6   5  47107   0
 108        325    0.000000   46.000000   6   5  47107   1
 109        326    0.000000   36.000000   6   5  47108   0
 110        327    0.000000   36.000000   6   5  47108   2
 111        328    0.000000   29.000000   6   5  47109   0
 112        329    0.000000   29.000000   6   5  47109   1
 113        330    0.000000   21.000000   6   5  47110   0
 114        331    0.000000   21.000000   6   5  47110   2
 115        332    0.000000   13.500000   6   5  47111   0
 116        333    0.000000   13.500000   6   5  47111   1
 117        334    0.000000   38.000000   6   5  47112   0
 118        335    0.000000   44.000000   6   5  47113   0
 119        336    0.000000   44.000000   6   5  47113   1
 120        337    0.000000  120.000000   6   5  48101   0
 121        338    0.000000  100.000000   6   5  48102   0
 122        339    0.000000   95.000000   6   5  48103   0
 123        340    0.000000   85.000000   6   5  48104   0
 124        341    0.000000   80.000000   6   5  48105   0
 125        342    0.000000   74.000000   6   5  48106   0
 126        343    0.000000   66.000000   6   5  48107   0
 127        344    0.000000   56.000000   6   5  48108   0
 128        345    0.000000   48.000000   6   5  48109   0
 129        346    0.000000   40.000000   6   5  48110   0
 130        347    0.000000   32.000000   6   5  48111   0
 131        348    0.000000   32.000000   6   5  48111   3
 132        349    0.000000   25.000000   6   5  48112   0
 133        350    0.000000   18.500000   6   5  48113   0
 134        351    0.000000   18.500000   6   5  48113   1
 135        352    0.000000   10.500000   6   5  48114   0
 136        353    0.000000  180.000000   6   5  49103   0
 137        354    0.000000  180.000000   6   5  49103   1
 138        355    0.000000  110.000000   6   5  49104   0
 139        356    0.000000  110.000000   6   5  49104   3
 140        357    0.000000   95.000000   6   5  49105   0
 141        358    0.000000   95.000000   6   5  49105   1
 142        359    0.000000   85.000000   6   5  49106   0
 143        360    0.000000   85.000000   6   5  49106   1
 144        361    0.000000   72.000000   6   5  49107   0
 145        362    0.000000   72.000000   6   5  49107   1
 146        363    0.000000   62.000000   6   5  49108   0
 147        364    0.000000   62.000000   6   5  49108   1
 148        365    0.000000   52.000000   6   5  49109   0
 149        366    0.000000   52.000000   6   5  49109   1
 150        367    0.000000   42.000000   6   5  49110   0
 151        368    0.000000   42.000000   6   5  49110   1
 152        369    0.000000   32.000000   6   5  49111   0
 153        370    0.000000   32.000000   6   5  49111   1
 154        371    0.000000   25.000000   6   5  49112   0
 155        372    0.000000   25.000000   6   5  49112   1
 156        373    0.000000   16.000000   6   5  49113   0
 157        374    0.000000   16.500000   6   5  49113   1
 158        375    0.000000    9.000000   6   5  49114   0
 159        376    0.000000    9.000000   6   5  49114   1
 160        377    0.000000    1.000000   6   5  49115   0
 161        378    0.000000    1.000000   6   5  49115   1
 
   p   ZAP IP   NR    Tp [MeV]
   1     1  1    1    9.000000
   2     0  2    1    1.000000
   3  1001  9    1    8.500000
   4  1002 31    1   15.000000
   5  1003 32    1   16.500000
   6  2003 33    1   23.000000
   7  2004 34    1    9.500000
--------------------------------------------------------------------------------
 
