 
--------------------------------------------------------------------------------
 50-Sn-112   T= 0.00 K from IAEA/PD-2019       (ACEMAKER)
 ZAID= 50112.38u  MAT=5025  ZA= 50112
 AWR= 110.943500  STA=  0  ELIS=   0.000 MeV  LIS=  0  LISO=  0
--------------------------------------------------------------------------------
 NTOTR= 365 NTRAN=   1 NPROD= 364 NE=     139 EMAX= 200.000 MeV
   i     MT/MTD     Q [MeV]     T [MeV] LMF  MT    ZAP LFS
   1          5    0.000000    1.000000   3   5
   2        219    0.000000  130.000000   6   5  35079   0
   3        220    0.000000  130.000000   6   5  35079   1
   4        221    0.000000  120.000000   6   5  35080   0
   5        222    0.000000  120.000000   6   5  35080   1
   6        223    0.000000  120.000000   6   5  35081   0
   7        224    0.000000  120.000000   6   5  35082   0
   8        225    0.000000  120.000000   6   5  35082   1
   9        226    0.000000  120.000000   6   5  35083   0
  10        227    0.000000  130.000000   6   5  35084   0
  11        228    0.000000  130.000000   6   5  35084   1
  12        229    0.000000  130.000000   6   5  35085   0
  13        230    0.000000  150.000000   6   5  35086   0
  14        231    0.000000  150.000000   6   5  35087   0
  15        232    0.000000  170.000000   6   5  35088   0
  16        233    0.000000  170.000000   6   5  35089   0
  17        234    0.000000  130.000000   6   5  36080   0
  18        235    0.000000  120.000000   6   5  36081   0
  19        236    0.000000  120.000000   6   5  36081   1
  20        237    0.000000  110.000000   6   5  36082   0
  21        238    0.000000  100.000000   6   5  36083   0
  22        239    0.000000  100.000000   6   5  36083   1
  23        240    0.000000  100.000000   6   5  36084   0
  24        241    0.000000  110.000000   6   5  36085   0
  25        242    0.000000  110.000000   6   5  36085   1
  26        243    0.000000  110.000000   6   5  36086   0
  27        244    0.000000  120.000000   6   5  36087   0
  28        245    0.000000  120.000000   6   5  36088   0
  29        246    0.000000  150.000000   6   5  36089   0
  30        247    0.000000  150.000000   6   5  36090   0
  31        248    0.000000  170.000000   6   5  36091   0
  32        249    0.000000  170.000000   6   5  36092   0
  33        250    0.000000  130.000000   6   5  37081   0
  34        251    0.000000  130.000000   6   5  37081   1
  35        252    0.000000  120.000000   6   5  37082   0
  36        253    0.000000  120.000000   6   5  37082   1
  37        254    0.000000  110.000000   6   5  37083   0
  38        255    0.000000  100.000000   6   5  37084   0
  39        256    0.000000  100.000000   6   5  37084   1
  40        257    0.000000  100.000000   6   5  37085   0
  41        258    0.000000   95.000000   6   5  37086   0
  42        259    0.000000   95.000000   6   5  37086   1
  43        260    0.000000   95.000000   6   5  37087   0
  44        261    0.000000  100.000000   6   5  37088   0
  45        262    0.000000  110.000000   6   5  37089   0
  46        263    0.000000  120.000000   6   5  37090   0
  47        264    0.000000  120.000000   6   5  37090   1
  48        265    0.000000  130.000000   6   5  37091   0
  49        266    0.000000  150.000000   6   5  37092   0
  50        267    0.000000  150.000000   6   5  37093   0
  51        268    0.000000  170.000000   6   5  37094   0
  52        269    0.000000  180.000000   6   5  37095   0
  53        270    0.000000  140.000000   6   5  38082   0
  54        271    0.000000  130.000000   6   5  38083   0
  55        272    0.000000  130.000000   6   5  38083   1
  56        273    0.000000  110.000000   6   5  38084   0
  57        274    0.000000  100.000000   6   5  38085   0
  58        275    0.000000  100.000000   6   5  38085   1
  59        276    0.000000   90.000000   6   5  38086   0
  60        277    0.000000   78.000000   6   5  38087   0
  61        278    0.000000   78.000000   6   5  38087   1
  62        279    0.000000   76.000000   6   5  38088   0
  63        280    0.000000   76.000000   6   5  38089   0
  64        281    0.000000   85.000000   6   5  38090   0
  65        282    0.000000   95.000000   6   5  38091   0
  66        283    0.000000  100.000000   6   5  38092   0
  67        284    0.000000  120.000000   6   5  38093   0
  68        285    0.000000  120.000000   6   5  38094   0
  69        286    0.000000  150.000000   6   5  38095   0
  70        287    0.000000  150.000000   6   5  38096   0
  71        288    0.000000  180.000000   6   5  38097   0
  72        289    0.000000  190.000000   6   5  38098   0
  73        290    0.000000  140.000000   6   5  39083   0
  74        291    0.000000  140.000000   6   5  39083   1
  75        292    0.000000  130.000000   6   5  39084   0
  76        293    0.000000  130.000000   6   5  39084   1
  77        294    0.000000  110.000000   6   5  39085   0
  78        295    0.000000  110.000000   6   5  39085   1
  79        296    0.000000  100.000000   6   5  39086   0
  80        297    0.000000  100.000000   6   5  39086   1
  81        298    0.000000   90.000000   6   5  39087   0
  82        299    0.000000   90.000000   6   5  39087   1
  83        300    0.000000   78.000000   6   5  39088   0
  84        301    0.000000   76.000000   6   5  39089   0
  85        302    0.000000   76.000000   6   5  39089   1
  86        303    0.000000   76.000000   6   5  39090   0
  87        304    0.000000   76.000000   6   5  39090   1
  88        305    0.000000   74.000000   6   5  39091   0
  89        306    0.000000   74.000000   6   5  39091   1
  90        307    0.000000   76.000000   6   5  39092   0
  91        308    0.000000   85.000000   6   5  39093   0
  92        309    0.000000   85.000000   6   5  39093   1
  93        310    0.000000   95.000000   6   5  39094   0
  94        311    0.000000  100.000000   6   5  39095   0
  95        312    0.000000  120.000000   6   5  39096   0
  96        313    0.000000  130.000000   6   5  39097   0
  97        314    0.000000  130.000000   6   5  39097   1
  98        315    0.000000  150.000000   6   5  39098   0
  99        316    0.000000  150.000000   6   5  39098   1
 100        317    0.000000  160.000000   6   5  39099   0
 101        318    0.000000  190.000000   6   5  39100   0
 102        319    0.000000  190.000000   6   5  39100   1
 103        320    0.000000  150.000000   6   5  40084   0
 104        321    0.000000  140.000000   6   5  40085   0
 105        322    0.000000  120.000000   6   5  40086   0
 106        323    0.000000  110.000000   6   5  40087   0
 107        324    0.000000  110.000000   6   5  40087   1
 108        325    0.000000   95.000000   6   5  40088   0
 109        326    0.000000   80.000000   6   5  40089   0
 110        327    0.000000   80.000000   6   5  40089   1
 111        328    0.000000   70.000000   6   5  40090   0
 112        329    0.000000   70.000000   6   5  40090   1
 113        330    0.000000   62.000000   6   5  40091   0
 114        331    0.000000   56.000000   6   5  40092   0
 115        332    0.000000   60.000000   6   5  40093   0
 116        333    0.000000   68.000000   6   5  40094   0
 117        334    0.000000   74.000000   6   5  40095   0
 118        335    0.000000   85.000000   6   5  40096   0
 119        336    0.000000   95.000000   6   5  40097   0
 120        337    0.000000  110.000000   6   5  40098   0
 121        338    0.000000  130.000000   6   5  40099   0
 122        339    0.000000  130.000000   6   5  40100   0
 123        340    0.000000  160.000000   6   5  40101   0
 124        341    0.000000  160.000000   6   5  41085   0
 125        342    0.000000  140.000000   6   5  41086   0
 126        343    0.000000  140.000000   6   5  41086   1
 127        344    0.000000  130.000000   6   5  41087   0
 128        345    0.000000  130.000000   6   5  41087   1
 129        346    0.000000  110.000000   6   5  41088   0
 130        347    0.000000  110.000000   6   5  41088   1
 131        348    0.000000   95.000000   6   5  41089   0
 132        349    0.000000   95.000000   6   5  41089   1
 133        350    0.000000   85.000000   6   5  41090   0
 134        351    0.000000   85.000000   6   5  41090   1
 135        352    0.000000   72.000000   6   5  41091   0
 136        353    0.000000   72.000000   6   5  41091   1
 137        354    0.000000   64.000000   6   5  41092   0
 138        355    0.000000   64.000000   6   5  41092   1
 139        356    0.000000   56.000000   6   5  41093   0
 140        357    0.000000   56.000000   6   5  41093   1
 141        358    0.000000   56.000000   6   5  41094   0
 142        359    0.000000   56.000000   6   5  41094   1
 143        360    0.000000   54.000000   6   5  41095   0
 144        361    0.000000   54.000000   6   5  41095   1
 145        362    0.000000   60.000000   6   5  41096   0
 146        363    0.000000   68.000000   6   5  41097   0
 147        364    0.000000   70.000000   6   5  41097   1
 148        365    0.000000   76.000000   6   5  41098   0
 149        366    0.000000   76.000000   6   5  41098   1
 150        367    0.000000   85.000000   6   5  41099   0
 151        368    0.000000   85.000000   6   5  41099   1
 152        369    0.000000   95.000000   6   5  41100   0
 153        370    0.000000   95.000000   6   5  41100   1
 154        371    0.000000  110.000000   6   5  41101   0
 155        372    0.000000  130.000000   6   5  41102   0
 156        373    0.000000  130.000000   6   5  41102   1
 157        374    0.000000  170.000000   6   5  42086   0
 158        375    0.000000  160.000000   6   5  42087   0
 159        376    0.000000  140.000000   6   5  42088   0
 160        377    0.000000  120.000000   6   5  42089   0
 161        378    0.000000  120.000000   6   5  42089   1
 162        379    0.000000  110.000000   6   5  42090   0
 163        380    0.000000   90.000000   6   5  42091   0
 164        381    0.000000   90.000000   6   5  42091   1
 165        382    0.000000   76.000000   6   5  42092   0
 166        383    0.000000   66.000000   6   5  42093   0
 167        384    0.000000   66.000000   6   5  42093   1
 168        385    0.000000   54.000000   6   5  42094   0
 169        386    0.000000   46.000000   6   5  42095   0
 170        387    0.000000   38.000000   6   5  42096   0
 171        388    0.000000   46.000000   6   5  42097   0
 172        389    0.000000   52.000000   6   5  42098   0
 173        390    0.000000   60.000000   6   5  42099   0
 174        391    0.000000   68.000000   6   5  42100   0
 175        392    0.000000   76.000000   6   5  42101   0
 176        393    0.000000   85.000000   6   5  42102   0
 177        394    0.000000   95.000000   6   5  42103   0
 178        395    0.000000  150.000000   6   5  42104   0
 179        396    0.000000  170.000000   6   5  43087   0
 180        397    0.000000  160.000000   6   5  43088   0
 181        398    0.000000  160.000000   6   5  43088   1
 182        399    0.000000  140.000000   6   5  43089   0
 183        400    0.000000  140.000000   6   5  43089   1
 184        401    0.000000  130.000000   6   5  43090   0
 185        402    0.000000  130.000000   6   5  43090   1
 186        403    0.000000  130.000000   6   5  43090   2
 187        404    0.000000  110.000000   6   5  43091   0
 188        405    0.000000  110.000000   6   5  43091   1
 189        406    0.000000   95.000000   6   5  43092   0
 190        407    0.000000   80.000000   6   5  43093   0
 191        408    0.000000   80.000000   6   5  43093   1
 192        409    0.000000   72.000000   6   5  43094   0
 193        410    0.000000   72.000000   6   5  43094   1
 194        411    0.000000   60.000000   6   5  43095   0
 195        412    0.000000   62.000000   6   5  43095   1
 196        413    0.000000   52.000000   6   5  43096   0
 197        414    0.000000   52.000000   6   5  43096   1
 198        415    0.000000   44.000000   6   5  43097   0
 199        416    0.000000   44.000000   6   5  43097   1
 200        417    0.000000   40.000000   6   5  43098   0
 201        418    0.000000   36.000000   6   5  43099   0
 202        419    0.000000   36.000000   6   5  43099   1
 203        420    0.000000   48.000000   6   5  43100   0
 204        421    0.000000   50.000000   6   5  43101   0
 205        422    0.000000   62.000000   6   5  43102   0
 206        423    0.000000   62.000000   6   5  43102   1
 207        424    0.000000   68.000000   6   5  43103   0
 208        425    0.000000   78.000000   6   5  43104   0
 209        426    0.000000   95.000000   6   5  43105   0
 210        427    0.000000  170.000000   6   5  44089   0
 211        428    0.000000  150.000000   6   5  44090   0
 212        429    0.000000  140.000000   6   5  44091   0
 213        430    0.000000  120.000000   6   5  44092   0
 214        431    0.000000  100.000000   6   5  44093   0
 215        432    0.000000  100.000000   6   5  44093   1
 216        433    0.000000   90.000000   6   5  44094   0
 217        434    0.000000   74.000000   6   5  44095   0
 218        435    0.000000   62.000000   6   5  44096   0
 219        436    0.000000   52.000000   6   5  44097   0
 220        437    0.000000   40.000000   6   5  44098   0
 221        438    0.000000   29.000000   6   5  44099   0
 222        439    0.000000   20.000000   6   5  44100   0
 223        440    0.000000   32.000000   6   5  44101   0
 224        441    0.000000   34.000000   6   5  44102   0
 225        442    0.000000   46.000000   6   5  44103   0
 226        443    0.000000   48.000000   6   5  44104   0
 227        444    0.000000   60.000000   6   5  44105   0
 228        445    0.000000   68.000000   6   5  44106   0
 229        446    0.000000  180.000000   6   5  45090   0
 230        447    0.000000  160.000000   6   5  45091   0
 231        448    0.000000  160.000000   6   5  45091   1
 232        449    0.000000  140.000000   6   5  45092   0
 233        450    0.000000  140.000000   6   5  45092   1
 234        461    0.000000  130.000000   6   5  45093   0
 235        462    0.000000  110.000000   6   5  45094   0
 236        463    0.000000  110.000000   6   5  45094   1
 237        464    0.000000   95.000000   6   5  45095   0
 238        465    0.000000   95.000000   6   5  45095   1
 239        466    0.000000   85.000000   6   5  45096   0
 240        467    0.000000   85.000000   6   5  45096   1
 241        468    0.000000   72.000000   6   5  45097   0
 242        469    0.000000   72.000000   6   5  45097   1
 243        470    0.000000   62.000000   6   5  45098   0
 244        471    0.000000   62.000000   6   5  45098   1
 245        472    0.000000   50.000000   6   5  45099   0
 246        473    0.000000   50.000000   6   5  45099   1
 247        474    0.000000   42.000000   6   5  45100   0
 248        475    0.000000   42.000000   6   5  45100   1
 249        476    0.000000   32.000000   6   5  45101   0
 250        477    0.000000   32.000000   6   5  45101   1
 251        478    0.000000   29.000000   6   5  45102   0
 252        479    0.000000   29.000000   6   5  45102   1
 253        480    0.000000   21.000000   6   5  45103   0
 254        481    0.000000   21.000000   6   5  45103   1
 255        482    0.000000   34.000000   6   5  45104   0
 256        483    0.000000   34.000000   6   5  45104   1
 257        484    0.000000   32.000000   6   5  45105   0
 258        485    0.000000   32.000000   6   5  45105   1
 259        486    0.000000   48.000000   6   5  45106   0
 260        487    0.000000   48.000000   6   5  45106   1
 261        488    0.000000   48.000000   6   5  45107   0
 262        489    0.000000  180.000000   6   5  46092   0
 263        490    0.000000  150.000000   6   5  46093   0
 264        491    0.000000  130.000000   6   5  46094   0
 265        492    0.000000  120.000000   6   5  46095   0
 266        493    0.000000  120.000000   6   5  46095   1
 267        494    0.000000  100.000000   6   5  46096   0
 268        495    0.000000   90.000000   6   5  46097   0
 269        496    0.000000   74.000000   6   5  46098   0
 270        497    0.000000   62.000000   6   5  46099   0
 271        498    0.000000   50.000000   6   5  46100   0
 272        499    0.000000   40.000000   6   5  46101   0
 273        500    0.000000   28.000000   6   5  46102   0
 274        501    0.000000   20.000000   6   5  46103   0
 275        502    0.000000    9.500000   6   5  46104   0
 276        503    0.000000   23.000000   6   5  46105   0
 277        504    0.000000   20.000000   6   5  46106   0
 278        505    0.000000   34.000000   6   5  46107   0
 279        506    0.000000   36.000000   6   5  46107   1
 280        507    0.000000   34.000000   6   5  46108   0
 281        508    0.000000  190.000000   6   5  47093   0
 282        509    0.000000  160.000000   6   5  47094   0
 283        510    0.000000  170.000000   6   5  47094   1
 284        511    0.000000  150.000000   6   5  47095   0
 285        512    0.000000  130.000000   6   5  47096   0
 286        513    0.000000  130.000000   6   5  47096   1
 287        514    0.000000  110.000000   6   5  47097   0
 288        515    0.000000  100.000000   6   5  47098   0
 289        516    0.000000   90.000000   6   5  47099   0
 290        517    0.000000   90.000000   6   5  47099   1
 291        518    0.000000   76.000000   6   5  47100   0
 292        519    0.000000   76.000000   6   5  47100   1
 293        520    0.000000   64.000000   6   5  47101   0
 294        521    0.000000   64.000000   6   5  47101   1
 295        522    0.000000   54.000000   6   5  47102   0
 296        523    0.000000   54.000000   6   5  47102   1
 297        524    0.000000   42.000000   6   5  47103   0
 298        525    0.000000   42.000000   6   5  47103   1
 299        526    0.000000   34.000000   6   5  47104   0
 300        527    0.000000   34.000000   6   5  47104   1
 301        528    0.000000   23.000000   6   5  47105   0
 302        529    0.000000   23.000000   6   5  47105   1
 303        530    0.000000   20.000000   6   5  47106   0
 304        531    0.000000   21.000000   6   5  47106   1
 305        532    0.000000   12.500000   6   5  47107   0
 306        533    0.000000   13.000000   6   5  47107   1
 307        534    0.000000   26.000000   6   5  47108   0
 308        535    0.000000   26.000000   6   5  47108   1
 309        536    0.000000   24.000000   6   5  47109   0
 310        537    0.000000   24.000000   6   5  47109   1
 311        538    0.000000  190.000000   6   5  48095   0
 312        539    0.000000  160.000000   6   5  48096   0
 313        540    0.000000  140.000000   6   5  48097   0
 314        541    0.000000  120.000000   6   5  48098   0
 315        542    0.000000  110.000000   6   5  48099   0
 316        543    0.000000   90.000000   6   5  48100   0
 317        544    0.000000   78.000000   6   5  48101   0
 318        545    0.000000   64.000000   6   5  48102   0
 319        546    0.000000   54.000000   6   5  48103   0
 320        547    0.000000   42.000000   6   5  48104   0
 321        548    0.000000   34.000000   6   5  48105   0
 322        549    0.000000   22.000000   6   5  48106   0
 323        550    0.000000   13.500000   6   5  48107   0
 324        551    0.000000    3.000000   6   5  48108   0
 325        552    0.000000   16.500000   6   5  48109   0
 326        553    0.000000   14.000000   6   5  48110   0
 327        554    0.000000  170.000000   6   5  49097   0
 328        555    0.000000  160.000000   6   5  49098   0
 329        556    0.000000  160.000000   6   5  49098   1
 330        557    0.000000  140.000000   6   5  49099   0
 331        558    0.000000  120.000000   6   5  49100   0
 332        559    0.000000  110.000000   6   5  49101   0
 333        560    0.000000   95.000000   6   5  49102   0
 334        561    0.000000   85.000000   6   5  49103   0
 335        562    0.000000   85.000000   6   5  49103   1
 336        563    0.000000   72.000000   6   5  49104   0
 337        564    0.000000   72.000000   6   5  49104   1
 338        565    0.000000   58.000000   6   5  49105   0
 339        566    0.000000   60.000000   6   5  49105   1
 340        567    0.000000   50.000000   6   5  49106   0
 341        568    0.000000   50.000000   6   5  49106   1
 342        569    0.000000   38.000000   6   5  49107   0
 343        570    0.000000   38.000000   6   5  49107   1
 344        571    0.000000   29.000000   6   5  49108   0
 345        572    0.000000   28.000000   6   5  49108   1
 346        573    0.000000   17.500000   6   5  49109   0
 347        574    0.000000   18.500000   6   5  49109   1
 348        575    0.000000   16.000000   6   5  49110   0
 349        576    0.000000   16.000000   6   5  49110   1
 350        577    0.000000    8.000000   6   5  49111   0
 351        578    0.000000    8.500000   6   5  49111   1
 352        579    0.000000  170.000000   6   5  50099   0
 353        580    0.000000  140.000000   6   5  50100   0
 354        581    0.000000  130.000000   6   5  50101   0
 355        582    0.000000  120.000000   6   5  50102   0
 356        583    0.000000  100.000000   6   5  50103   0
 357        584    0.000000   90.000000   6   5  50104   0
 358        585    0.000000   76.000000   6   5  50105   0
 359        586    0.000000   62.000000   6   5  50106   0
 360        587    0.000000   52.000000   6   5  50107   0
 361        588    0.000000   40.000000   6   5  50108   0
 362        589    0.000000   32.000000   6   5  50109   0
 363        590    0.000000   19.500000   6   5  50110   0
 364        591    0.000000   11.000000   6   5  50111   0
 365        592    0.000000    1.000000   6   5  50112   0
 
   p   ZAP IP   NR    Tp [MeV]
   1     1  1    1   10.787790
   2     0  2    1    1.000000
   3  1001  9    1    7.551984
   4  1002 31    1   15.320810
   5  1003 32    1   17.500000
   6  2003 33    1   16.000000
   7  2004 34    1    1.827558
--------------------------------------------------------------------------------
 
