 
--------------------------------------------------------------------------------
 50-Sn-116   T= 0.00 K from IAEA/PD-2019       (ACEMAKER)
 ZAID= 50116.38u  MAT=5037  ZA= 50116
 AWR= 114.906100  STA=  0  ELIS=   0.000 MeV  LIS=  0  LISO=  0
--------------------------------------------------------------------------------
 NTOTR= 155 NTRAN=   1 NPROD= 154 NE=      87 EMAX= 200.000 MeV
   i     MT/MTD     Q [MeV]     T [MeV] LMF  MT    ZAP LFS
   1          5    0.000000    1.500000   3   5
   2        219    0.000000  130.000000   6   5  40086   0
   3        220    0.000000  130.000000   6   5  40087   0
   4        221    0.000000  130.000000   6   5  40087   2
   5        222    0.000000  130.000000   6   5  40088   0
   6        223    0.000000  130.000000   6   5  40089   0
   7        224    0.000000  130.000000   6   5  40089   1
   8        225    0.000000  130.000000   6   5  41087   0
   9        226    0.000000  130.000000   6   5  41087   1
  10        227    0.000000  130.000000   6   5  41088   0
  11        228    0.000000  130.000000   6   5  41088   1
  12        229    0.000000  120.000000   6   5  41089   0
  13        230    0.000000  120.000000   6   5  41089   1
  14        231    0.000000  120.000000   6   5  41090   0
  15        232    0.000000  120.000000   6   5  41090   2
  16        233    0.000000  120.000000   6   5  41091   0
  17        234    0.000000  120.000000   6   5  41091   1
  18        235    0.000000  130.000000   6   5  42088   0
  19        236    0.000000  130.000000   6   5  42089   0
  20        237    0.000000  120.000000   6   5  42090   0
  21        238    0.000000  120.000000   6   5  42091   0
  22        239    0.000000  120.000000   6   5  42091   1
  23        240    0.000000  110.000000   6   5  42092   0
  24        241    0.000000  120.000000   6   5  42093   0
  25        242    0.000000  120.000000   6   5  42093  16
  26        243    0.000000  130.000000   6   5  43090   0
  27        244    0.000000  130.000000   6   5  43090   4
  28        245    0.000000  130.000000   6   5  43090   6
  29        246    0.000000  120.000000   6   5  43091   0
  30        247    0.000000  120.000000   6   5  43091   1
  31        248    0.000000  110.000000   6   5  43092   0
  32        249    0.000000  110.000000   6   5  43093   0
  33        250    0.000000  110.000000   6   5  43093   1
  34        251    0.000000  110.000000   6   5  43094   0
  35        252    0.000000  110.000000   6   5  43094   1
  36        253    0.000000  110.000000   6   5  43095   0
  37        254    0.000000  110.000000   6   5  43095   1
  38        255    0.000000  110.000000   6   5  43096   0
  39        256    0.000000  110.000000   6   5  43096   1
  40        257    0.000000  130.000000   6   5  44092   0
  41        258    0.000000  120.000000   6   5  44093   0
  42        259    0.000000  120.000000   6   5  44093   1
  43        260    0.000000  110.000000   6   5  44094   0
  44        261    0.000000  110.000000   6   5  44095   0
  45        262    0.000000  110.000000   6   5  44096   0
  46        263    0.000000  110.000000   6   5  44097   0
  47        264    0.000000  110.000000   6   5  44098   0
  48        265    0.000000  130.000000   6   5  45094   0
  49        266    0.000000  130.000000   6   5  45094   2
  50        267    0.000000  110.000000   6   5  45095   0
  51        268    0.000000  110.000000   6   5  45095   1
  52        269    0.000000  110.000000   6   5  45096   0
  53        270    0.000000  110.000000   6   5  45096   1
  54        271    0.000000  100.000000   6   5  45097   0
  55        272    0.000000  100.000000   6   5  45097   1
  56        273    0.000000  100.000000   6   5  45098   0
  57        274    0.000000  100.000000   6   5  45098   3
  58        275    0.000000  100.000000   6   5  45099   0
  59        276    0.000000  100.000000   6   5  45099   1
  60        277    0.000000  100.000000   6   5  45100   0
  61        278    0.000000  100.000000   6   5  45100   4
  62        279    0.000000  100.000000   6   5  45101   0
  63        280    0.000000  100.000000   6   5  45101   1
  64        281    0.000000  140.000000   6   5  46096   0
  65        282    0.000000  110.000000   6   5  46097   0
  66        283    0.000000  110.000000   6   5  46098   0
  67        284    0.000000  100.000000   6   5  46099   0
  68        285    0.000000   95.000000   6   5  46100   0
  69        286    0.000000   90.000000   6   5  46101   0
  70        287    0.000000   85.000000   6   5  46102   0
  71        288    0.000000   78.000000   6   5  46103   0
  72        289    0.000000   76.000000   6   5  46104   0
  73        290    0.000000   76.000000   6   5  46105   0
  74        291    0.000000   85.000000   6   5  46106   0
  75        292    0.000000  130.000000   6   5  47098   0
  76        293    0.000000  110.000000   6   5  47099   0
  77        294    0.000000  110.000000   6   5  47099   2
  78        295    0.000000  100.000000   6   5  47100   0
  79        296    0.000000  100.000000   6   5  47100   1
  80        297    0.000000   95.000000   6   5  47101   0
  81        298    0.000000   95.000000   6   5  47101   2
  82        299    0.000000   90.000000   6   5  47102   0
  83        300    0.000000   90.000000   6   5  47102   1
  84        301    0.000000   85.000000   6   5  47103   0
  85        302    0.000000   85.000000   6   5  47103   2
  86        303    0.000000   80.000000   6   5  47104   0
  87        304    0.000000   80.000000   6   5  47104   1
  88        305    0.000000   74.000000   6   5  47105   0
  89        306    0.000000   74.000000   6   5  47105   1
  90        307    0.000000   70.000000   6   5  47106   0
  91        308    0.000000   70.000000   6   5  47106   1
  92        309    0.000000   62.000000   6   5  47107   0
  93        310    0.000000   62.000000   6   5  47107   1
  94        311    0.000000   56.000000   6   5  47108   0
  95        312    0.000000   56.000000   6   5  47108   2
  96        313    0.000000   48.000000   6   5  47109   0
  97        314    0.000000   48.000000   6   5  47109   1
  98        315    0.000000   42.000000   6   5  47110   0
  99        316    0.000000   42.000000   6   5  47110   2
 100        317    0.000000   42.000000   6   5  47111   0
 101        318    0.000000   42.000000   6   5  47111   1
 102        319    0.000000  110.000000   6   5  48101   0
 103        320    0.000000   95.000000   6   5  48102   0
 104        321    0.000000   85.000000   6   5  48103   0
 105        322    0.000000   80.000000   6   5  48104   0
 106        323    0.000000   72.000000   6   5  48105   0
 107        324    0.000000   64.000000   6   5  48106   0
 108        325    0.000000   58.000000   6   5  48107   0
 109        326    0.000000   48.000000   6   5  48108   0
 110        327    0.000000   40.000000   6   5  48109   0
 111        328    0.000000   30.000000   6   5  48110   0
 112        329    0.000000   22.000000   6   5  48111   0
 113        330    0.000000   22.000000   6   5  48111   3
 114        331    0.000000   12.000000   6   5  48112   0
 115        332    0.000000   36.000000   6   5  48113   0
 116        333    0.000000   36.000000   6   5  48113   1
 117        334    0.000000   34.000000   6   5  48114   0
 118        335    0.000000  120.000000   6   5  49103   0
 119        336    0.000000  120.000000   6   5  49103   1
 120        337    0.000000  100.000000   6   5  49104   0
 121        338    0.000000  100.000000   6   5  49104   3
 122        339    0.000000   95.000000   6   5  49105   0
 123        340    0.000000   95.000000   6   5  49105   1
 124        341    0.000000   85.000000   6   5  49106   0
 125        342    0.000000   85.000000   6   5  49106   1
 126        343    0.000000   80.000000   6   5  49107   0
 127        344    0.000000   80.000000   6   5  49107   1
 128        345    0.000000   72.000000   6   5  49108   0
 129        346    0.000000   72.000000   6   5  49108   1
 130        347    0.000000   62.000000   6   5  49109   0
 131        348    0.000000   62.000000   6   5  49109   1
 132        349    0.000000   54.000000   6   5  49110   0
 133        350    0.000000   54.000000   6   5  49110   1
 134        351    0.000000   46.000000   6   5  49111   0
 135        352    0.000000   46.000000   6   5  49111   1
 136        353    0.000000   38.000000   6   5  49112   0
 137        354    0.000000   38.000000   6   5  49112   1
 138        355    0.000000   29.000000   6   5  49113   0
 139        356    0.000000   29.000000   6   5  49113   1
 140        357    0.000000   21.000000   6   5  49114   0
 141        358    0.000000   21.000000   6   5  49114   1
 142        359    0.000000   12.500000   6   5  49115   0
 143        360    0.000000   12.500000   6   5  49115   1
 144        361    0.000000   95.000000   6   5  50106   0
 145        362    0.000000   85.000000   6   5  50107   0
 146        363    0.000000   74.000000   6   5  50108   0
 147        364    0.000000   64.000000   6   5  50109   0
 148        365    0.000000   54.000000   6   5  50110   0
 149        366    0.000000   44.000000   6   5  50111   0
 150        367    0.000000   34.000000   6   5  50112   0
 151        368    0.000000   27.000000   6   5  50113   0
 152        369    0.000000   27.000000   6   5  50113   1
 153        370    0.000000   17.000000   6   5  50114   0
 154        371    0.000000    9.500000   6   5  50115   0
 155        372    0.000000    1.500000   6   5  50116   0
 
   p   ZAP IP   NR    Tp [MeV]
   1     1  1    1    9.500000
   2     0  2    1    1.500000
   3  1001  9    1   11.000000
   4  1002 31    1   17.500000
   5  1003 32    1   19.500000
   6  2003 33    1   23.000000
   7  2004 34    1    9.000000
--------------------------------------------------------------------------------
 
