 
--------------------------------------------------------------------------------
 50-Sn-118   T= 0.00 K from IAEA/PD-2019       (ACEMAKER)
 ZAID= 50118.38u  MAT=5043  ZA= 50118
 AWR= 116.890000  STA=  0  ELIS=   0.000 MeV  LIS=  0  LISO=  0
--------------------------------------------------------------------------------
 NTOTR=  60 NTRAN=   1 NPROD=  59 NE=     101 EMAX= 200.000 MeV
   i     MT/MTD     Q [MeV]     T [MeV] LMF  MT    ZAP LFS
   1          5    0.000000    1.999000   3   5
   2        201   -9.326200    9.326200   3 201
   3        203   -9.997800   12.350000   3 203
   4        204  -16.538000   20.450000   3 204
   5        205  -17.065000   23.150000   3 205
   6        206  -18.494000   29.450000   3 206
   7        207   -4.057800   10.100000   3 207
   8        219    0.000000    2.000000   6   5  46104   0
   9        220    0.000000    2.000000   6   5  46105   0
  10        221    0.000000    2.000000   6   5  46106   0
  11        222    0.000000    2.000000   6   5  46107   0
  12        223    0.000000    2.000000   6   5  46108   0
  13        224    0.000000    2.000000   6   5  46109   0
  14        225    0.000000    2.000000   6   5  46110   0
  15        226    0.000000    2.000000   6   5  46111   0
  16        227    0.000000    2.000000   6   5  46112   0
  17        228    0.000000    2.000000   6   5  47105   0
  18        229    0.000000    2.000000   6   5  47106   0
  19        230    0.000000    2.000000   6   5  47107   0
  20        231    0.000000    2.000000   6   5  47108   0
  21        232    0.000000    2.000000   6   5  47109   0
  22        233    0.000000    2.000000   6   5  47110   0
  23        234    0.000000    2.000000   6   5  47111   0
  24        235    0.000000    2.000000   6   5  47112   0
  25        236    0.000000    2.000000   6   5  47113   0
  26        237    0.000000    2.000000   6   5  47114   0
  27        238    0.000000    2.000000   6   5  47115   0
  28        239    0.000000    2.000000   6   5  48105   0
  29        240    0.000000    2.000000   6   5  48106   0
  30        241    0.000000    2.000000   6   5  48107   0
  31        242    0.000000    2.000000   6   5  48108   0
  32        243    0.000000    2.000000   6   5  48109   0
  33        244    0.000000    2.000000   6   5  48110   0
  34        245    0.000000    2.000000   6   5  48111   0
  35        246    0.000000    2.000000   6   5  48112   0
  36        247    0.000000    2.000000   6   5  48113   0
  37        248    0.000000    2.000000   6   5  48114   0
  38        249    0.000000    2.000000   6   5  48115   0
  39        250    0.000000    2.000000   6   5  48116   0
  40        251    0.000000    2.000000   6   5  49107   0
  41        252    0.000000    2.000000   6   5  49108   0
  42        253    0.000000    2.000000   6   5  49109   0
  43        254    0.000000    2.000000   6   5  49110   0
  44        255    0.000000    2.000000   6   5  49111   0
  45        256    0.000000    2.000000   6   5  49112   0
  46        257    0.000000    2.000000   6   5  49113   0
  47        258    0.000000    2.000000   6   5  49114   0
  48        259    0.000000    2.000000   6   5  49115   0
  49        260    0.000000    2.000000   6   5  49116   0
  50        261    0.000000    2.000000   6   5  49117   0
  51        262    0.000000    2.000000   6   5  50108   0
  52        263    0.000000    2.000000   6   5  50109   0
  53        264    0.000000    2.000000   6   5  50110   0
  54        265    0.000000    2.000000   6   5  50111   0
  55        266    0.000000    2.000000   6   5  50112   0
  56        267    0.000000    2.000000   6   5  50113   0
  57        268    0.000000    2.000000   6   5  50114   0
  58        269    0.000000    2.000000   6   5  50115   0
  59        270    0.000000    2.000000   6   5  50116   0
  60        271    0.000000    2.000000   6   5  50117   0
 
   p   ZAP IP   NR    Tp [MeV]
   1     1  1    1    9.200000
   2     0  2    1    1.999000
   3  1001  9    1   11.900000
   4  1002 31    1   20.000000
   5  1003 32    1   22.250000
   6  2003 33    1   28.100000
   7  2004 34    1   10.100000
--------------------------------------------------------------------------------
 
