 
--------------------------------------------------------------------------------
 52-Te-124   T= 0.00 K from IAEA/PD-2019       (ACEMAKER)
 ZAID= 52124.38u  MAT=5237  ZA= 52124
 AWR= 122.838400  STA=  0  ELIS=   0.000 MeV  LIS=  0  LISO=  0
--------------------------------------------------------------------------------
 NTOTR= 339 NTRAN=   1 NPROD= 338 NE=     136 EMAX= 200.000 MeV
   i     MT/MTD     Q [MeV]     T [MeV] LMF  MT    ZAP LFS
   1          5    0.000000    1.000000   3   5
   2        219    0.000000  150.000000   6   5  37091   0
   3        220    0.000000  150.000000   6   5  37092   0
   4        221    0.000000  150.000000   6   5  37093   0
   5        222    0.000000  150.000000   6   5  37094   0
   6        223    0.000000  150.000000   6   5  37095   0
   7        224    0.000000  170.000000   6   5  37096   0
   8        225    0.000000  170.000000   6   5  37097   0
   9        226    0.000000  140.000000   6   5  38092   0
  10        227    0.000000  130.000000   6   5  38093   0
  11        228    0.000000  130.000000   6   5  38094   0
  12        229    0.000000  130.000000   6   5  38095   0
  13        230    0.000000  130.000000   6   5  38096   0
  14        231    0.000000  140.000000   6   5  38097   0
  15        232    0.000000  140.000000   6   5  38098   0
  16        233    0.000000  170.000000   6   5  38099   0
  17        234    0.000000  170.000000   6   5  38100   0
  18        235    0.000000  140.000000   6   5  39093   0
  19        236    0.000000  140.000000   6   5  39093   1
  20        237    0.000000  130.000000   6   5  39094   0
  21        238    0.000000  130.000000   6   5  39095   0
  22        239    0.000000  130.000000   6   5  39096   0
  23        240    0.000000  130.000000   6   5  39097   0
  24        241    0.000000  130.000000   6   5  39097   1
  25        242    0.000000  120.000000   6   5  39098   0
  26        243    0.000000  120.000000   6   5  39098   1
  27        244    0.000000  120.000000   6   5  39099   0
  28        245    0.000000  140.000000   6   5  39100   0
  29        246    0.000000  140.000000   6   5  39100   1
  30        247    0.000000  140.000000   6   5  39101   0
  31        248    0.000000  170.000000   6   5  39102   0
  32        249    0.000000  170.000000   6   5  39103   0
  33        250    0.000000  140.000000   6   5  40094   0
  34        251    0.000000  130.000000   6   5  40095   0
  35        252    0.000000  120.000000   6   5  40096   0
  36        253    0.000000  110.000000   6   5  40097   0
  37        254    0.000000  100.000000   6   5  40098   0
  38        255    0.000000  100.000000   6   5  40099   0
  39        256    0.000000  100.000000   6   5  40100   0
  40        257    0.000000  120.000000   6   5  40101   0
  41        258    0.000000  120.000000   6   5  40102   0
  42        259    0.000000  140.000000   6   5  40103   0
  43        260    0.000000  140.000000   6   5  40104   0
  44        261    0.000000  170.000000   6   5  40105   0
  45        262    0.000000  170.000000   6   5  40106   0
  46        263    0.000000  140.000000   6   5  41095   0
  47        264    0.000000  140.000000   6   5  41095   1
  48        265    0.000000  130.000000   6   5  41096   0
  49        266    0.000000  120.000000   6   5  41097   0
  50        267    0.000000  120.000000   6   5  41097   1
  51        268    0.000000  110.000000   6   5  41098   0
  52        269    0.000000  110.000000   6   5  41098   1
  53        270    0.000000  100.000000   6   5  41099   0
  54        271    0.000000  100.000000   6   5  41099   1
  55        272    0.000000  100.000000   6   5  41100   0
  56        273    0.000000  100.000000   6   5  41100   1
  57        274    0.000000  100.000000   6   5  41101   0
  58        275    0.000000   95.000000   6   5  41102   0
  59        276    0.000000   95.000000   6   5  41102   1
  60        277    0.000000   95.000000   6   5  41103   0
  61        278    0.000000  110.000000   6   5  41104   0
  62        279    0.000000  110.000000   6   5  41105   0
  63        280    0.000000  140.000000   6   5  41106   0
  64        281    0.000000  140.000000   6   5  41107   0
  65        282    0.000000  170.000000   6   5  41108   0
  66        283    0.000000  170.000000   6   5  41109   0
  67        284    0.000000  140.000000   6   5  42096   0
  68        285    0.000000  130.000000   6   5  42097   0
  69        286    0.000000  120.000000   6   5  42098   0
  70        287    0.000000  110.000000   6   5  42099   0
  71        288    0.000000   95.000000   6   5  42100   0
  72        289    0.000000   90.000000   6   5  42101   0
  73        290    0.000000   80.000000   6   5  42102   0
  74        291    0.000000   76.000000   6   5  42103   0
  75        292    0.000000   76.000000   6   5  42104   0
  76        293    0.000000   78.000000   6   5  42105   0
  77        294    0.000000   90.000000   6   5  42106   0
  78        295    0.000000  110.000000   6   5  42107   0
  79        296    0.000000  110.000000   6   5  42108   0
  80        297    0.000000  140.000000   6   5  42109   0
  81        298    0.000000  140.000000   6   5  42110   0
  82        299    0.000000  170.000000   6   5  42111   0
  83        300    0.000000  180.000000   6   5  42112   0
  84        301    0.000000  140.000000   6   5  43097   0
  85        302    0.000000  140.000000   6   5  43097   1
  86        303    0.000000  130.000000   6   5  43098   0
  87        304    0.000000  120.000000   6   5  43099   0
  88        305    0.000000  120.000000   6   5  43099   1
  89        306    0.000000  110.000000   6   5  43100   0
  90        307    0.000000   95.000000   6   5  43101   0
  91        308    0.000000   90.000000   6   5  43102   0
  92        309    0.000000   90.000000   6   5  43102   1
  93        310    0.000000   80.000000   6   5  43103   0
  94        311    0.000000   76.000000   6   5  43104   0
  95        312    0.000000   76.000000   6   5  43105   0
  96        313    0.000000   74.000000   6   5  43106   0
  97        314    0.000000   74.000000   6   5  43107   0
  98        315    0.000000   78.000000   6   5  43108   0
  99        316    0.000000   90.000000   6   5  43109   0
 100        317    0.000000  110.000000   6   5  43110   0
 101        318    0.000000  110.000000   6   5  43111   0
 102        319    0.000000  140.000000   6   5  43112   0
 103        320    0.000000  150.000000   6   5  43113   0
 104        321    0.000000  180.000000   6   5  43114   0
 105        322    0.000000  140.000000   6   5  44098   0
 106        323    0.000000  130.000000   6   5  44099   0
 107        324    0.000000  120.000000   6   5  44100   0
 108        325    0.000000  110.000000   6   5  44101   0
 109        326    0.000000   95.000000   6   5  44102   0
 110        327    0.000000   90.000000   6   5  44103   0
 111        328    0.000000   78.000000   6   5  44104   0
 112        329    0.000000   68.000000   6   5  44105   0
 113        330    0.000000   60.000000   6   5  44106   0
 114        331    0.000000   54.000000   6   5  44107   0
 115        332    0.000000   48.000000   6   5  44108   0
 116        333    0.000000   60.000000   6   5  44109   0
 117        334    0.000000   68.000000   6   5  44110   0
 118        335    0.000000   76.000000   6   5  44111   0
 119        336    0.000000   85.000000   6   5  44112   0
 120        337    0.000000  110.000000   6   5  44113   0
 121        338    0.000000  110.000000   6   5  44114   0
 122        339    0.000000  150.000000   6   5  44115   0
 123        340    0.000000  140.000000   6   5  45099   0
 124        341    0.000000  140.000000   6   5  45099   1
 125        342    0.000000  130.000000   6   5  45100   0
 126        343    0.000000  130.000000   6   5  45100   1
 127        344    0.000000  120.000000   6   5  45101   0
 128        345    0.000000  120.000000   6   5  45101   1
 129        346    0.000000  110.000000   6   5  45102   0
 130        347    0.000000  110.000000   6   5  45102   1
 131        348    0.000000  100.000000   6   5  45103   0
 132        349    0.000000  100.000000   6   5  45103   1
 133        350    0.000000   90.000000   6   5  45104   0
 134        351    0.000000   90.000000   6   5  45104   1
 135        352    0.000000   80.000000   6   5  45105   0
 136        353    0.000000   80.000000   6   5  45105   1
 137        354    0.000000   74.000000   6   5  45106   0
 138        355    0.000000   74.000000   6   5  45106   1
 139        356    0.000000   64.000000   6   5  45107   0
 140        357    0.000000   58.000000   6   5  45108   0
 141        358    0.000000   50.000000   6   5  45109   0
 142        359    0.000000   50.000000   6   5  45110   0
 143        360    0.000000   48.000000   6   5  45111   0
 144        361    0.000000   60.000000   6   5  45112   0
 145        362    0.000000   68.000000   6   5  45113   0
 146        363    0.000000   78.000000   6   5  45114   0
 147        364    0.000000   90.000000   6   5  45115   0
 148        365    0.000000  100.000000   6   5  45116   0
 149        366    0.000000  100.000000   6   5  45116   1
 150        367    0.000000  180.000000   6   5  45117   0
 151        368    0.000000  150.000000   6   5  46100   0
 152        369    0.000000  140.000000   6   5  46101   0
 153        370    0.000000  130.000000   6   5  46102   0
 154        371    0.000000  120.000000   6   5  46103   0
 155        372    0.000000  110.000000   6   5  46104   0
 156        373    0.000000   90.000000   6   5  46105   0
 157        374    0.000000   80.000000   6   5  46106   0
 158        375    0.000000   70.000000   6   5  46107   0
 159        376    0.000000   70.000000   6   5  46107   1
 160        377    0.000000   60.000000   6   5  46108   0
 161        378    0.000000   52.000000   6   5  46109   0
 162        379    0.000000   52.000000   6   5  46109   1
 163        380    0.000000   44.000000   6   5  46110   0
 164        381    0.000000   36.000000   6   5  46111   0
 165        382    0.000000   36.000000   6   5  46111   1
 166        383    0.000000   28.000000   6   5  46112   0
 167        384    0.000000   40.000000   6   5  46113   0
 168        385    0.000000   42.000000   6   5  46113   1
 169        386    0.000000   46.000000   6   5  46114   0
 170        387    0.000000   58.000000   6   5  46115   0
 171        388    0.000000   58.000000   6   5  46115   1
 172        389    0.000000   68.000000   6   5  46116   0
 173        390    0.000000   76.000000   6   5  46117   0
 174        391    0.000000  100.000000   6   5  46118   0
 175        392    0.000000  150.000000   6   5  47101   0
 176        393    0.000000  160.000000   6   5  47101   1
 177        394    0.000000  140.000000   6   5  47102   0
 178        395    0.000000  140.000000   6   5  47102   1
 179        396    0.000000  130.000000   6   5  47103   0
 180        397    0.000000  130.000000   6   5  47103   1
 181        398    0.000000  120.000000   6   5  47104   0
 182        399    0.000000  120.000000   6   5  47104   1
 183        400    0.000000  110.000000   6   5  47105   0
 184        401    0.000000  110.000000   6   5  47105   1
 185        402    0.000000  100.000000   6   5  47106   0
 186        403    0.000000  100.000000   6   5  47106   1
 187        404    0.000000   85.000000   6   5  47107   0
 188        405    0.000000   90.000000   6   5  47107   1
 189        406    0.000000   78.000000   6   5  47108   0
 190        407    0.000000   78.000000   6   5  47108   1
 191        408    0.000000   68.000000   6   5  47109   0
 192        409    0.000000   68.000000   6   5  47109   1
 193        410    0.000000   60.000000   6   5  47110   0
 194        411    0.000000   60.000000   6   5  47110   1
 195        412    0.000000   50.000000   6   5  47111   0
 196        413    0.000000   50.000000   6   5  47111   1
 197        414    0.000000   44.000000   6   5  47112   0
 198        415    0.000000   34.000000   6   5  47113   0
 199        416    0.000000   34.000000   6   5  47113   1
 200        417    0.000000   34.000000   6   5  47114   0
 201        418    0.000000   28.000000   6   5  47115   0
 202        419    0.000000   28.000000   6   5  47115   1
 203        420    0.000000   42.000000   6   5  47116   0
 204        421    0.000000   42.000000   6   5  47116   1
 205        422    0.000000   44.000000   6   5  47117   0
 206        423    0.000000   44.000000   6   5  47117   1
 207        424    0.000000   58.000000   6   5  47118   0
 208        425    0.000000   68.000000   6   5  47119   0
 209        426    0.000000   68.000000   6   5  47119   1
 210        427    0.000000  170.000000   6   5  48102   0
 211        428    0.000000  150.000000   6   5  48103   0
 212        429    0.000000  140.000000   6   5  48104   0
 213        430    0.000000  130.000000   6   5  48105   0
 214        431    0.000000  110.000000   6   5  48106   0
 215        432    0.000000  100.000000   6   5  48107   0
 216        433    0.000000   85.000000   6   5  48108   0
 217        434    0.000000   76.000000   6   5  48109   0
 218        435    0.000000   64.000000   6   5  48110   0
 219        436    0.000000   54.000000   6   5  48111   0
 220        437    0.000000   56.000000   6   5  48111   1
 221        438    0.000000   46.000000   6   5  48112   0
 222        439    0.000000   38.000000   6   5  48113   0
 223        440    0.000000   38.000000   6   5  48113   1
 224        441    0.000000   28.000000   6   5  48114   0
 225        442    0.000000   22.000000   6   5  48115   0
 226        443    0.000000   22.000000   6   5  48115   1
 227        444    0.000000   13.000000   6   5  48116   0
 228        445    0.000000   28.000000   6   5  48117   0
 229        446    0.000000   28.000000   6   5  48117   1
 230        447    0.000000   27.000000   6   5  48118   0
 231        448    0.000000   42.000000   6   5  48119   0
 232        449    0.000000   42.000000   6   5  48119   1
 233        450    0.000000   44.000000   6   5  48120   0
 234        461    0.000000  170.000000   6   5  49103   0
 235        462    0.000000  170.000000   6   5  49103   1
 236        463    0.000000  160.000000   6   5  49104   0
 237        464    0.000000  160.000000   6   5  49104   1
 238        465    0.000000  150.000000   6   5  49105   0
 239        466    0.000000  150.000000   6   5  49105   1
 240        467    0.000000  140.000000   6   5  49106   0
 241        468    0.000000  140.000000   6   5  49106   1
 242        469    0.000000  120.000000   6   5  49107   0
 243        470    0.000000  120.000000   6   5  49107   1
 244        471    0.000000  110.000000   6   5  49108   0
 245        472    0.000000  110.000000   6   5  49108   1
 246        473    0.000000  100.000000   6   5  49109   0
 247        474    0.000000  100.000000   6   5  49109   1
 248        475    0.000000   90.000000   6   5  49110   0
 249        476    0.000000   90.000000   6   5  49110   1
 250        477    0.000000   76.000000   6   5  49111   0
 251        478    0.000000   76.000000   6   5  49111   1
 252        479    0.000000   68.000000   6   5  49112   0
 253        480    0.000000   68.000000   6   5  49112   1
 254        481    0.000000   56.000000   6   5  49113   0
 255        482    0.000000   58.000000   6   5  49113   1
 256        483    0.000000   48.000000   6   5  49114   0
 257        484    0.000000   50.000000   6   5  49114   1
 258        485    0.000000   40.000000   6   5  49115   0
 259        486    0.000000   40.000000   6   5  49115   1
 260        487    0.000000   32.000000   6   5  49116   0
 261        488    0.000000   32.000000   6   5  49116   1
 262        489    0.000000   32.000000   6   5  49116   2
 263        490    0.000000   23.000000   6   5  49117   0
 264        491    0.000000   23.000000   6   5  49117   1
 265        492    0.000000   22.000000   6   5  49118   0
 266        493    0.000000   23.000000   6   5  49118   1
 267        494    0.000000   16.000000   6   5  49119   0
 268        495    0.000000   16.000000   6   5  49119   1
 269        496    0.000000   30.000000   6   5  49120   0
 270        497    0.000000   30.000000   6   5  49120   1
 271        498    0.000000   30.000000   6   5  49121   0
 272        499    0.000000   30.000000   6   5  49121   1
 273        500    0.000000  190.000000   6   5  50104   0
 274        501    0.000000  170.000000   6   5  50105   0
 275        502    0.000000  150.000000   6   5  50106   0
 276        503    0.000000  140.000000   6   5  50107   0
 277        504    0.000000  130.000000   6   5  50108   0
 278        505    0.000000  110.000000   6   5  50109   0
 279        506    0.000000  100.000000   6   5  50110   0
 280        507    0.000000   90.000000   6   5  50111   0
 281        508    0.000000   76.000000   6   5  50112   0
 282        509    0.000000   66.000000   6   5  50113   0
 283        510    0.000000   66.000000   6   5  50113   1
 284        511    0.000000   56.000000   6   5  50114   0
 285        512    0.000000   48.000000   6   5  50115   0
 286        513    0.000000   36.000000   6   5  50116   0
 287        514    0.000000   29.000000   6   5  50117   0
 288        515    0.000000   29.000000   6   5  50117   1
 289        516    0.000000   19.000000   6   5  50118   0
 290        517    0.000000   12.500000   6   5  50119   0
 291        518    0.000000   12.500000   6   5  50119   1
 292        519    0.000000    3.500000   6   5  50120   0
 293        520    0.000000   17.500000   6   5  50121   0
 294        521    0.000000   18.500000   6   5  50121   1
 295        522    0.000000   16.000000   6   5  50122   0
 296        523    0.000000  180.000000   6   5  51106   0
 297        524    0.000000  170.000000   6   5  51107   0
 298        525    0.000000  160.000000   6   5  51108   0
 299        526    0.000000  140.000000   6   5  51109   0
 300        527    0.000000  130.000000   6   5  51110   0
 301        528    0.000000  120.000000   6   5  51111   0
 302        529    0.000000  110.000000   6   5  51112   0
 303        530    0.000000   95.000000   6   5  51113   0
 304        531    0.000000   85.000000   6   5  51114   0
 305        532    0.000000   70.000000   6   5  51115   0
 306        533    0.000000   62.000000   6   5  51116   0
 307        534    0.000000   62.000000   6   5  51116   1
 308        535    0.000000   52.000000   6   5  51117   0
 309        536    0.000000   44.000000   6   5  51118   0
 310        537    0.000000   44.000000   6   5  51118   1
 311        538    0.000000   34.000000   6   5  51119   0
 312        539    0.000000   26.000000   6   5  51120   0
 313        540    0.000000   26.000000   6   5  51120   1
 314        541    0.000000   16.500000   6   5  51121   0
 315        542    0.000000   16.000000   6   5  51122   0
 316        543    0.000000   16.000000   6   5  51122   1
 317        544    0.000000    9.000000   6   5  51123   0
 318        545    0.000000  180.000000   6   5  52108   0
 319        546    0.000000  160.000000   6   5  52109   0
 320        547    0.000000  150.000000   6   5  52110   0
 321        548    0.000000  140.000000   6   5  52111   0
 322        549    0.000000  120.000000   6   5  52112   0
 323        550    0.000000  110.000000   6   5  52113   0
 324        551    0.000000  100.000000   6   5  52114   0
 325        552    0.000000   90.000000   6   5  52115   0
 326        553    0.000000   90.000000   6   5  52115   1
 327        554    0.000000   74.000000   6   5  52116   0
 328        555    0.000000   66.000000   6   5  52117   0
 329        556    0.000000   66.000000   6   5  52117   1
 330        557    0.000000   54.000000   6   5  52118   0
 331        558    0.000000   46.000000   6   5  52119   0
 332        559    0.000000   46.000000   6   5  52119   1
 333        560    0.000000   36.000000   6   5  52120   0
 334        561    0.000000   27.000000   6   5  52121   0
 335        562    0.000000   27.000000   6   5  52121   1
 336        563    0.000000   16.500000   6   5  52122   0
 337        564    0.000000    9.500000   6   5  52123   0
 338        565    0.000000   10.000000   6   5  52123   1
 339        566    0.000000    1.000000   6   5  52124   0
 
   p   ZAP IP   NR    Tp [MeV]
   1     1  1    1    9.424482
   2     0  2    1    1.000000
   3  1001  9    1    8.590223
   4  1002 31    1   15.325670
   5  1003 32    1   15.874810
   6  2003 33    1   17.500000
   7  2004 34    1    3.000000
--------------------------------------------------------------------------------
 
