 
--------------------------------------------------------------------------------
 55-Cs-133   T= 0.00 K from IAEA/PD-2019       (ACEMAKER)
 ZAID= 55133.38u  MAT=5525  ZA= 55133
 AWR= 131.763700  STA=  0  ELIS=   0.000 MeV  LIS=  0  LISO=  0
--------------------------------------------------------------------------------
 NTOTR= 134 NTRAN=   1 NPROD= 133 NE=      88 EMAX= 200.000 MeV
   i     MT/MTD     Q [MeV]     T [MeV] LMF  MT    ZAP LFS
   1          5    0.000000    1.000000   3   5
   2        219    0.000000  120.000000   6   5  46104   0
   3        220    0.000000  120.000000   6   5  46105   0
   4        221    0.000000  120.000000   6   5  46106   0
   5        222    0.000000  120.000000   6   5  47105   0
   6        223    0.000000  120.000000   6   5  47105   1
   7        224    0.000000  120.000000   6   5  47106   0
   8        225    0.000000  120.000000   6   5  47106   1
   9        226    0.000000  120.000000   6   5  47107   0
  10        227    0.000000  120.000000   6   5  47107   1
  11        228    0.000000  120.000000   6   5  48106   0
  12        229    0.000000  110.000000   6   5  48107   0
  13        230    0.000000  110.000000   6   5  48108   0
  14        231    0.000000  110.000000   6   5  48109   0
  15        232    0.000000  110.000000   6   5  48110   0
  16        233    0.000000  120.000000   6   5  49107   0
  17        234    0.000000  120.000000   6   5  49107   1
  18        235    0.000000  120.000000   6   5  49108   0
  19        236    0.000000  120.000000   6   5  49108   1
  20        237    0.000000  110.000000   6   5  49109   0
  21        238    0.000000  110.000000   6   5  49109   1
  22        239    0.000000  110.000000   6   5  49110   0
  23        240    0.000000  110.000000   6   5  49110   1
  24        241    0.000000  110.000000   6   5  49111   0
  25        242    0.000000  110.000000   6   5  49111   1
  26        243    0.000000  110.000000   6   5  49112   0
  27        244    0.000000  110.000000   6   5  49112   1
  28        245    0.000000  140.000000   6   5  50108   0
  29        246    0.000000  130.000000   6   5  50109   0
  30        247    0.000000  120.000000   6   5  50110   0
  31        248    0.000000  120.000000   6   5  50111   0
  32        249    0.000000  110.000000   6   5  50112   0
  33        250    0.000000  110.000000   6   5  50113   0
  34        251    0.000000  110.000000   6   5  50113   1
  35        252    0.000000  110.000000   6   5  50114   0
  36        253    0.000000  130.000000   6   5  51110   0
  37        254    0.000000  120.000000   6   5  51111   0
  38        255    0.000000  110.000000   6   5  51112   0
  39        256    0.000000  110.000000   6   5  51113   0
  40        257    0.000000  100.000000   6   5  51114   0
  41        258    0.000000  100.000000   6   5  51115   0
  42        259    0.000000  100.000000   6   5  51116   0
  43        260    0.000000  100.000000   6   5  51116   3
  44        261    0.000000  100.000000   6   5  51117   0
  45        262    0.000000  100.000000   6   5  51118   0
  46        263    0.000000  100.000000   6   5  51118   7
  47        264    0.000000  100.000000   6   5  51119   0
  48        265    0.000000  150.000000   6   5  52112   0
  49        266    0.000000  130.000000   6   5  52113   0
  50        267    0.000000  120.000000   6   5  52114   0
  51        268    0.000000  110.000000   6   5  52115   0
  52        269    0.000000  110.000000   6   5  52115   1
  53        270    0.000000  100.000000   6   5  52116   0
  54        271    0.000000  100.000000   6   5  52117   0
  55        272    0.000000   95.000000   6   5  52118   0
  56        273    0.000000   90.000000   6   5  52119   0
  57        274    0.000000   90.000000   6   5  52119   2
  58        275    0.000000   85.000000   6   5  52120   0
  59        276    0.000000   80.000000   6   5  52121   0
  60        277    0.000000   80.000000   6   5  52121   2
  61        278    0.000000   76.000000   6   5  52122   0
  62        279    0.000000   68.000000   6   5  52123   0
  63        280    0.000000   68.000000   6   5  52123   2
  64        281    0.000000   62.000000   6   5  52124   0
  65        282    0.000000   56.000000   6   5  52125   0
  66        283    0.000000   56.000000   6   5  52125   2
  67        284    0.000000   50.000000   6   5  52126   0
  68        285    0.000000   50.000000   6   5  52127   0
  69        286    0.000000   50.000000   6   5  52127   2
  70        287    0.000000  140.000000   6   5  53114   0
  71        288    0.000000  140.000000   6   5  53114   3
  72        289    0.000000  120.000000   6   5  53115   0
  73        290    0.000000  110.000000   6   5  53116   0
  74        291    0.000000  100.000000   6   5  53117   0
  75        292    0.000000  100.000000   6   5  53118   0
  76        293    0.000000  100.000000   6   5  53118   4
  77        294    0.000000   90.000000   6   5  53119   0
  78        295    0.000000   85.000000   6   5  53120   0
  79        296    0.000000   85.000000   6   5  53120  13
  80        297    0.000000   80.000000   6   5  53121   0
  81        298    0.000000   76.000000   6   5  53122   0
  82        299    0.000000   66.000000   6   5  53123   0
  83        300    0.000000   58.000000   6   5  53124   0
  84        301    0.000000   48.000000   6   5  53125   0
  85        302    0.000000   40.000000   6   5  53126   0
  86        303    0.000000   29.000000   6   5  53127   0
  87        304    0.000000   22.000000   6   5  53128   0
  88        305    0.000000   13.000000   6   5  53129   0
  89        306    0.000000   40.000000   6   5  53130   0
  90        307    0.000000   40.000000   6   5  53130   1
  91        308    0.000000   40.000000   6   5  53131   0
  92        309    0.000000  160.000000   6   5  54116   0
  93        310    0.000000  140.000000   6   5  54117   0
  94        311    0.000000  120.000000   6   5  54118   0
  95        312    0.000000  110.000000   6   5  54119   0
  96        313    0.000000  100.000000   6   5  54120   0
  97        314    0.000000   90.000000   6   5  54121   0
  98        315    0.000000   85.000000   6   5  54122   0
  99        316    0.000000   80.000000   6   5  54123   0
 100        317    0.000000   72.000000   6   5  54124   0
 101        318    0.000000   68.000000   6   5  54125   0
 102        319    0.000000   68.000000   6   5  54125   2
 103        320    0.000000   56.000000   6   5  54126   0
 104        321    0.000000   50.000000   6   5  54127   0
 105        322    0.000000   50.000000   6   5  54127   2
 106        323    0.000000   42.000000   6   5  54128   0
 107        324    0.000000   34.000000   6   5  54129   0
 108        325    0.000000   34.000000   6   5  54129   2
 109        326    0.000000   25.000000   6   5  54130   0
 110        327    0.000000   18.500000   6   5  54131   0
 111        328    0.000000   18.500000   6   5  54131   2
 112        329    0.000000   10.000000   6   5  54132   0
 113        330    0.000000  140.000000   6   5  55119   0
 114        331    0.000000  140.000000   6   5  55119   1
 115        332    0.000000  120.000000   6   5  55120   0
 116        333    0.000000  120.000000   6   5  55120   5
 117        334    0.000000  110.000000   6   5  55121   0
 118        335    0.000000  110.000000   6   5  55121   1
 119        336    0.000000  100.000000   6   5  55122   0
 120        337    0.000000  100.000000   6   5  55122   8
 121        338    0.000000   90.000000   6   5  55123   0
 122        339    0.000000   90.000000   6   5  55123   5
 123        340    0.000000   80.000000   6   5  55124   0
 124        341    0.000000   80.000000   6   5  55124  25
 125        342    0.000000   72.000000   6   5  55125   0
 126        343    0.000000   62.000000   6   5  55126   0
 127        344    0.000000   50.000000   6   5  55127   0
 128        345    0.000000   42.000000   6   5  55128   0
 129        346    0.000000   32.000000   6   5  55129   0
 130        347    0.000000   25.000000   6   5  55130   0
 131        348    0.000000   25.000000   6   5  55130   4
 132        349    0.000000   16.000000   6   5  55131   0
 133        350    0.000000    8.500000   6   5  55132   0
 134        351    0.000000    1.000000   6   5  55133   0
 
   p   ZAP IP   NR    Tp [MeV]
   1     1  1    1    8.500000
   2     0  2    1    1.000000
   3  1001  9    1    7.500000
   4  1002 31    1   14.500000
   5  1003 32    1   15.500000
   6  2003 33    1   22.000000
   7  2004 34    1    8.500000
--------------------------------------------------------------------------------
 
