 
--------------------------------------------------------------------------------
 55-Cs-135   T= 0.00 K from IAEA/PD-2019       (ACEMAKER)
 ZAID= 55135.38u  MAT=5531  ZA= 55135
 AWR= 133.747100  STA=  1  ELIS=   0.000 MeV  LIS=  0  LISO=  0
--------------------------------------------------------------------------------
 NTOTR= 345 NTRAN=   1 NPROD= 344 NE=     132 EMAX= 200.000 MeV
   i     MT/MTD     Q [MeV]     T [MeV] LMF  MT    ZAP LFS
   1          5    0.000000    1.000000   3   5
   2        219    0.000000  160.000000   6   5  40102   0
   3        220    0.000000  160.000000   6   5  40103   0
   4        221    0.000000  160.000000   6   5  40104   0
   5        222    0.000000  160.000000   6   5  40105   0
   6        223    0.000000  160.000000   6   5  40106   0
   7        224    0.000000  190.000000   6   5  40107   0
   8        225    0.000000  190.000000   6   5  40108   0
   9        226    0.000000  150.000000   6   5  41103   0
  10        227    0.000000  150.000000   6   5  41104   0
  11        228    0.000000  150.000000   6   5  41105   0
  12        229    0.000000  150.000000   6   5  41106   0
  13        230    0.000000  150.000000   6   5  41107   0
  14        231    0.000000  160.000000   6   5  41108   0
  15        232    0.000000  160.000000   6   5  41109   0
  16        233    0.000000  190.000000   6   5  41110   0
  17        234    0.000000  190.000000   6   5  41111   0
  18        235    0.000000  150.000000   6   5  42104   0
  19        236    0.000000  140.000000   6   5  42105   0
  20        237    0.000000  140.000000   6   5  42106   0
  21        238    0.000000  140.000000   6   5  42107   0
  22        239    0.000000  130.000000   6   5  42108   0
  23        240    0.000000  130.000000   6   5  42109   0
  24        241    0.000000  130.000000   6   5  42110   0
  25        242    0.000000  160.000000   6   5  42111   0
  26        243    0.000000  160.000000   6   5  42112   0
  27        244    0.000000  190.000000   6   5  42113   0
  28        245    0.000000  190.000000   6   5  42114   0
  29        246    0.000000  140.000000   6   5  43105   0
  30        247    0.000000  130.000000   6   5  43106   0
  31        248    0.000000  130.000000   6   5  43107   0
  32        249    0.000000  120.000000   6   5  43108   0
  33        250    0.000000  120.000000   6   5  43109   0
  34        251    0.000000  110.000000   6   5  43110   0
  35        252    0.000000  110.000000   6   5  43111   0
  36        253    0.000000  130.000000   6   5  43112   0
  37        254    0.000000  130.000000   6   5  43113   0
  38        255    0.000000  160.000000   6   5  43114   0
  39        256    0.000000  160.000000   6   5  43115   0
  40        257    0.000000  190.000000   6   5  43116   0
  41        258    0.000000  190.000000   6   5  43117   0
  42        259    0.000000  140.000000   6   5  44106   0
  43        260    0.000000  130.000000   6   5  44107   0
  44        261    0.000000  130.000000   6   5  44108   0
  45        262    0.000000  120.000000   6   5  44109   0
  46        263    0.000000  110.000000   6   5  44110   0
  47        264    0.000000  110.000000   6   5  44111   0
  48        265    0.000000  110.000000   6   5  44112   0
  49        266    0.000000  110.000000   6   5  44113   0
  50        267    0.000000  110.000000   6   5  44114   0
  51        268    0.000000  130.000000   6   5  44115   0
  52        269    0.000000  130.000000   6   5  44116   0
  53        270    0.000000  160.000000   6   5  44117   0
  54        271    0.000000  160.000000   6   5  44118   0
  55        272    0.000000  190.000000   6   5  44119   0
  56        273    0.000000  140.000000   6   5  45107   0
  57        274    0.000000  130.000000   6   5  45108   0
  58        275    0.000000  120.000000   6   5  45109   0
  59        276    0.000000  110.000000   6   5  45110   0
  60        277    0.000000  100.000000   6   5  45111   0
  61        278    0.000000   95.000000   6   5  45112   0
  62        279    0.000000   85.000000   6   5  45113   0
  63        280    0.000000   85.000000   6   5  45114   0
  64        281    0.000000   78.000000   6   5  45115   0
  65        282    0.000000   85.000000   6   5  45116   0
  66        283    0.000000   85.000000   6   5  45116   1
  67        284    0.000000  100.000000   6   5  45117   0
  68        285    0.000000  130.000000   6   5  45118   0
  69        286    0.000000  130.000000   6   5  45119   0
  70        287    0.000000  160.000000   6   5  45120   0
  71        288    0.000000  160.000000   6   5  45121   0
  72        289    0.000000  140.000000   6   5  46108   0
  73        290    0.000000  130.000000   6   5  46109   0
  74        291    0.000000  130.000000   6   5  46109   1
  75        292    0.000000  120.000000   6   5  46110   0
  76        293    0.000000  110.000000   6   5  46111   0
  77        294    0.000000  110.000000   6   5  46111   1
  78        295    0.000000  100.000000   6   5  46112   0
  79        296    0.000000   95.000000   6   5  46113   0
  80        297    0.000000   95.000000   6   5  46113   1
  81        298    0.000000   85.000000   6   5  46114   0
  82        299    0.000000   85.000000   6   5  46115   0
  83        300    0.000000   85.000000   6   5  46115   1
  84        301    0.000000   78.000000   6   5  46116   0
  85        302    0.000000   78.000000   6   5  46117   0
  86        303    0.000000   78.000000   6   5  46118   0
  87        304    0.000000   85.000000   6   5  46119   0
  88        305    0.000000   95.000000   6   5  46120   0
  89        306    0.000000  120.000000   6   5  46121   0
  90        307    0.000000  120.000000   6   5  46122   0
  91        308    0.000000  160.000000   6   5  46123   0
  92        309    0.000000  170.000000   6   5  46124   0
  93        310    0.000000  140.000000   6   5  47109   0
  94        311    0.000000  140.000000   6   5  47109   1
  95        312    0.000000  130.000000   6   5  47110   0
  96        313    0.000000  130.000000   6   5  47110   1
  97        314    0.000000  120.000000   6   5  47111   0
  98        315    0.000000  120.000000   6   5  47111   1
  99        316    0.000000  110.000000   6   5  47112   0
 100        317    0.000000  100.000000   6   5  47113   0
 101        318    0.000000  100.000000   6   5  47113   1
 102        319    0.000000   90.000000   6   5  47114   0
 103        320    0.000000   80.000000   6   5  47115   0
 104        321    0.000000   80.000000   6   5  47115   1
 105        322    0.000000   70.000000   6   5  47116   0
 106        323    0.000000   70.000000   6   5  47116   1
 107        324    0.000000   64.000000   6   5  47117   0
 108        325    0.000000   64.000000   6   5  47117   1
 109        326    0.000000   56.000000   6   5  47118   0
 110        327    0.000000   54.000000   6   5  47119   0
 111        328    0.000000   54.000000   6   5  47119   1
 112        329    0.000000   64.000000   6   5  47120   0
 113        330    0.000000   76.000000   6   5  47121   0
 114        331    0.000000   80.000000   6   5  47122   0
 115        332    0.000000   80.000000   6   5  47122   1
 116        333    0.000000   90.000000   6   5  47123   0
 117        334    0.000000  120.000000   6   5  47124   0
 118        335    0.000000  130.000000   6   5  47125   0
 119        336    0.000000  170.000000   6   5  47126   0
 120        337    0.000000  140.000000   6   5  48110   0
 121        338    0.000000  130.000000   6   5  48111   0
 122        339    0.000000  130.000000   6   5  48111   1
 123        340    0.000000  120.000000   6   5  48112   0
 124        341    0.000000  110.000000   6   5  48113   0
 125        342    0.000000  110.000000   6   5  48113   1
 126        343    0.000000  100.000000   6   5  48114   0
 127        344    0.000000   90.000000   6   5  48115   0
 128        345    0.000000   90.000000   6   5  48115   1
 129        346    0.000000   80.000000   6   5  48116   0
 130        347    0.000000   72.000000   6   5  48117   0
 131        348    0.000000   72.000000   6   5  48117   1
 132        349    0.000000   64.000000   6   5  48118   0
 133        350    0.000000   58.000000   6   5  48119   0
 134        351    0.000000   58.000000   6   5  48119   1
 135        352    0.000000   54.000000   6   5  48120   0
 136        353    0.000000   50.000000   6   5  48121   0
 137        354    0.000000   50.000000   6   5  48121   1
 138        355    0.000000   46.000000   6   5  48122   0
 139        356    0.000000   60.000000   6   5  48123   0
 140        357    0.000000   60.000000   6   5  48123   1
 141        358    0.000000   70.000000   6   5  48124   0
 142        359    0.000000   78.000000   6   5  48125   0
 143        360    0.000000   78.000000   6   5  48125   1
 144        361    0.000000   90.000000   6   5  48126   0
 145        362    0.000000  130.000000   6   5  48127   0
 146        363    0.000000  150.000000   6   5  49111   0
 147        364    0.000000  150.000000   6   5  49111   1
 148        365    0.000000  140.000000   6   5  49112   0
 149        366    0.000000  140.000000   6   5  49112   1
 150        367    0.000000  120.000000   6   5  49113   0
 151        368    0.000000  120.000000   6   5  49113   1
 152        369    0.000000  110.000000   6   5  49114   0
 153        370    0.000000  110.000000   6   5  49114   1
 154        371    0.000000  100.000000   6   5  49115   0
 155        372    0.000000  100.000000   6   5  49115   1
 156        373    0.000000   90.000000   6   5  49116   0
 157        374    0.000000   90.000000   6   5  49116   1
 158        375    0.000000   90.000000   6   5  49116   2
 159        376    0.000000   78.000000   6   5  49117   0
 160        377    0.000000   78.000000   6   5  49117   1
 161        378    0.000000   70.000000   6   5  49118   0
 162        379    0.000000   70.000000   6   5  49118   1
 163        380    0.000000   60.000000   6   5  49119   0
 164        381    0.000000   60.000000   6   5  49119   1
 165        382    0.000000   52.000000   6   5  49120   0
 166        383    0.000000   52.000000   6   5  49120   1
 167        384    0.000000   44.000000   6   5  49121   0
 168        385    0.000000   44.000000   6   5  49121   1
 169        386    0.000000   36.000000   6   5  49122   0
 170        387    0.000000   36.000000   6   5  49122   1
 171        388    0.000000   28.000000   6   5  49123   0
 172        389    0.000000   29.000000   6   5  49123   1
 173        390    0.000000   42.000000   6   5  49124   0
 174        391    0.000000   46.000000   6   5  49125   0
 175        392    0.000000   46.000000   6   5  49125   1
 176        393    0.000000   58.000000   6   5  49126   0
 177        394    0.000000   58.000000   6   5  49126   1
 178        395    0.000000   70.000000   6   5  49127   0
 179        396    0.000000   70.000000   6   5  49127   1
 180        397    0.000000   70.000000   6   5  49127   2
 181        398    0.000000   76.000000   6   5  49128   0
 182        399    0.000000  130.000000   6   5  49129   0
 183        400    0.000000  130.000000   6   5  49129   1
 184        401    0.000000  150.000000   6   5  50112   0
 185        402    0.000000  140.000000   6   5  50113   0
 186        403    0.000000  140.000000   6   5  50113   1
 187        404    0.000000  120.000000   6   5  50114   0
 188        405    0.000000  110.000000   6   5  50115   0
 189        406    0.000000  100.000000   6   5  50116   0
 190        407    0.000000   95.000000   6   5  50117   0
 191        408    0.000000   95.000000   6   5  50117   1
 192        409    0.000000   80.000000   6   5  50118   0
 193        410    0.000000   74.000000   6   5  50119   0
 194        411    0.000000   74.000000   6   5  50119   1
 195        412    0.000000   64.000000   6   5  50120   0
 196        413    0.000000   56.000000   6   5  50121   0
 197        414    0.000000   56.000000   6   5  50121   1
 198        415    0.000000   48.000000   6   5  50122   0
 199        416    0.000000   40.000000   6   5  50123   0
 200        417    0.000000   40.000000   6   5  50123   1
 201        418    0.000000   32.000000   6   5  50124   0
 202        419    0.000000   30.000000   6   5  50125   0
 203        420    0.000000   30.000000   6   5  50125   1
 204        421    0.000000   25.000000   6   5  50126   0
 205        422    0.000000   40.000000   6   5  50127   0
 206        423    0.000000   40.000000   6   5  50127   1
 207        424    0.000000   44.000000   6   5  50128   0
 208        425    0.000000   44.000000   6   5  50128   1
 209        426    0.000000   56.000000   6   5  50129   0
 210        427    0.000000   56.000000   6   5  50129   1
 211        428    0.000000   70.000000   6   5  50130   0
 212        429    0.000000   70.000000   6   5  50130   1
 213        430    0.000000  160.000000   6   5  51113   0
 214        431    0.000000  150.000000   6   5  51114   0
 215        432    0.000000  130.000000   6   5  51115   0
 216        433    0.000000  120.000000   6   5  51116   0
 217        434    0.000000  120.000000   6   5  51116   1
 218        435    0.000000  110.000000   6   5  51117   0
 219        436    0.000000   95.000000   6   5  51118   0
 220        437    0.000000   95.000000   6   5  51118   1
 221        438    0.000000   85.000000   6   5  51119   0
 222        439    0.000000   74.000000   6   5  51120   0
 223        440    0.000000   74.000000   6   5  51120   1
 224        441    0.000000   62.000000   6   5  51121   0
 225        442    0.000000   54.000000   6   5  51122   0
 226        443    0.000000   54.000000   6   5  51122   1
 227        444    0.000000   44.000000   6   5  51123   0
 228        445    0.000000   36.000000   6   5  51124   0
 229        446    0.000000   36.000000   6   5  51124   1
 230        447    0.000000   36.000000   6   5  51124   2
 231        448    0.000000   28.000000   6   5  51125   0
 232        449    0.000000   21.000000   6   5  51126   0
 233        450    0.000000   21.000000   6   5  51126   1
 234        461    0.000000   12.500000   6   5  51127   0
 235        462    0.000000   27.000000   6   5  51128   0
 236        463    0.000000   27.000000   6   5  51128   1
 237        464    0.000000   26.000000   6   5  51129   0
 238        465    0.000000   29.000000   6   5  51129   1
 239        466    0.000000   42.000000   6   5  51130   0
 240        467    0.000000   42.000000   6   5  51130   1
 241        468    0.000000   44.000000   6   5  51131   0
 242        469    0.000000  160.000000   6   5  52114   0
 243        470    0.000000  150.000000   6   5  52115   0
 244        471    0.000000  150.000000   6   5  52115   1
 245        472    0.000000  140.000000   6   5  52116   0
 246        473    0.000000  130.000000   6   5  52117   0
 247        474    0.000000  130.000000   6   5  52117   1
 248        475    0.000000  120.000000   6   5  52118   0
 249        476    0.000000  110.000000   6   5  52119   0
 250        477    0.000000  110.000000   6   5  52119   1
 251        478    0.000000   95.000000   6   5  52120   0
 252        479    0.000000   85.000000   6   5  52121   0
 253        480    0.000000   85.000000   6   5  52121   1
 254        481    0.000000   72.000000   6   5  52122   0
 255        482    0.000000   64.000000   6   5  52123   0
 256        483    0.000000   64.000000   6   5  52123   1
 257        484    0.000000   54.000000   6   5  52124   0
 258        485    0.000000   46.000000   6   5  52125   0
 259        486    0.000000   46.000000   6   5  52125   1
 260        487    0.000000   36.000000   6   5  52126   0
 261        488    0.000000   29.000000   6   5  52127   0
 262        489    0.000000   29.000000   6   5  52127   1
 263        490    0.000000   20.000000   6   5  52128   0
 264        491    0.000000   20.000000   6   5  52129   0
 265        492    0.000000   20.000000   6   5  52129   1
 266        493    0.000000   13.500000   6   5  52130   0
 267        494    0.000000   28.000000   6   5  52131   0
 268        495    0.000000   28.000000   6   5  52131   1
 269        496    0.000000   28.000000   6   5  52132   0
 270        497    0.000000  180.000000   6   5  53115   0
 271        498    0.000000  160.000000   6   5  53116   0
 272        499    0.000000  150.000000   6   5  53117   0
 273        500    0.000000  130.000000   6   5  53118   0
 274        501    0.000000  130.000000   6   5  53118   1
 275        502    0.000000  120.000000   6   5  53119   0
 276        503    0.000000  110.000000   6   5  53120   0
 277        504    0.000000  110.000000   6   5  53120   1
 278        505    0.000000   95.000000   6   5  53121   0
 279        506    0.000000   85.000000   6   5  53122   0
 280        507    0.000000   72.000000   6   5  53123   0
 281        508    0.000000   64.000000   6   5  53124   0
 282        509    0.000000   54.000000   6   5  53125   0
 283        510    0.000000   46.000000   6   5  53126   0
 284        511    0.000000   36.000000   6   5  53127   0
 285        512    0.000000   29.000000   6   5  53128   0
 286        513    0.000000   19.500000   6   5  53129   0
 287        514    0.000000   12.500000   6   5  53130   0
 288        515    0.000000   13.000000   6   5  53130   1
 289        516    0.000000    4.000000   6   5  53131   0
 290        517    0.000000   18.500000   6   5  53132   0
 291        518    0.000000   17.500000   6   5  53133   0
 292        519    0.000000   19.000000   6   5  53133   1
 293        520    0.000000  190.000000   6   5  54116   0
 294        521    0.000000  170.000000   6   5  54117   0
 295        522    0.000000  160.000000   6   5  54118   0
 296        523    0.000000  150.000000   6   5  54119   0
 297        524    0.000000  130.000000   6   5  54120   0
 298        525    0.000000  120.000000   6   5  54121   0
 299        526    0.000000  110.000000   6   5  54122   0
 300        527    0.000000  100.000000   6   5  54123   0
 301        528    0.000000   85.000000   6   5  54124   0
 302        529    0.000000   76.000000   6   5  54125   0
 303        530    0.000000   78.000000   6   5  54125   1
 304        531    0.000000   66.000000   6   5  54126   0
 305        532    0.000000   58.000000   6   5  54127   0
 306        533    0.000000   58.000000   6   5  54127   1
 307        534    0.000000   48.000000   6   5  54128   0
 308        535    0.000000   40.000000   6   5  54129   0
 309        536    0.000000   40.000000   6   5  54129   1
 310        537    0.000000   30.000000   6   5  54130   0
 311        538    0.000000   23.000000   6   5  54131   0
 312        539    0.000000   23.000000   6   5  54131   1
 313        540    0.000000   14.000000   6   5  54132   0
 314        541    0.000000   13.500000   6   5  54133   0
 315        542    0.000000   14.000000   6   5  54133   1
 316        543    0.000000    7.000000   6   5  54134   0
 317        544    0.000000    9.000000   6   5  54134   1
 318        545    0.000000  190.000000   6   5  55118   0
 319        546    0.000000  190.000000   6   5  55118   1
 320        547    0.000000  170.000000   6   5  55119   0
 321        548    0.000000  170.000000   6   5  55119   1
 322        549    0.000000  150.000000   6   5  55120   0
 323        550    0.000000  150.000000   6   5  55120   1
 324        551    0.000000  140.000000   6   5  55121   0
 325        552    0.000000  140.000000   6   5  55121   1
 326        553    0.000000  130.000000   6   5  55122   0
 327        554    0.000000  130.000000   6   5  55122   1
 328        555    0.000000  130.000000   6   5  55122   2
 329        556    0.000000  120.000000   6   5  55123   0
 330        557    0.000000  120.000000   6   5  55123   1
 331        558    0.000000  110.000000   6   5  55124   0
 332        559    0.000000  110.000000   6   5  55124   1
 333        560    0.000000   90.000000   6   5  55125   0
 334        561    0.000000   85.000000   6   5  55126   0
 335        562    0.000000   70.000000   6   5  55127   0
 336        563    0.000000   62.000000   6   5  55128   0
 337        564    0.000000   52.000000   6   5  55129   0
 338        565    0.000000   44.000000   6   5  55130   0
 339        566    0.000000   44.000000   6   5  55130   1
 340        567    0.000000   34.000000   6   5  55131   0
 341        568    0.000000   25.000000   6   5  55132   0
 342        569    0.000000   16.000000   6   5  55133   0
 343        570    0.000000    9.000000   6   5  55134   0
 344        571    0.000000    9.000000   6   5  55134   1
 345        572    0.000000    1.000000   6   5  55135   0
 
   p   ZAP IP   NR    Tp [MeV]
   1     1  1    1    8.761806
   2     0  2    1    1.000000
   3  1001  9    1    6.744792
   4  1002 31    1   13.500000
   5  1003 32    1   13.500000
   6  2003 33    1   18.500000
   7  2004 34    1    4.000000
--------------------------------------------------------------------------------
 
