 
--------------------------------------------------------------------------------
  6-C - 14   T= 0.00 K from IAEA/PD-2019       (ACEMAKER)
 ZAID=  6014.38u  MAT= 631  ZA=  6014
 AWR=  13.882950  STA=  0  ELIS=   0.000 MeV  LIS=  0  LISO=  0
--------------------------------------------------------------------------------
 NTOTR=  23 NTRAN=   1 NPROD=  22 NE=      75 EMAX= 200.000 MeV
   i     MT/MTD     Q [MeV]     T [MeV] LMF  MT    ZAP LFS
   1          5    0.000000    7.500000   3   5
   2        219    0.000000   40.000000   6   5   3006   0
   3        220    0.000000   30.000000   6   5   3007   0
   4        221    0.000000   36.000000   6   5   3008   0
   5        222    0.000000   32.000000   6   5   3009   0
   6        223    0.000000   70.000000   6   5   3010   0
   7        224    0.000000   44.000000   6   5   4007   0
   8        225    0.000000   27.000000   6   5   4008   0
   9        226    0.000000   20.000000   6   5   4009   0
  10        227    0.000000   12.500000   6   5   4010   0
  11        228    0.000000   32.000000   6   5   4011   0
  12        229    0.000000   40.000000   6   5   4012   0
  13        230    0.000000   80.000000   6   5   5008   0
  14        231    0.000000   46.000000   6   5   5009   0
  15        232    0.000000   32.000000   6   5   5010   0
  16        233    0.000000   20.000000   6   5   5011   0
  17        234    0.000000   23.000000   6   5   5012   0
  18        235    0.000000   20.000000   6   5   5013   0
  19        236    0.000000   64.000000   6   5   6010   0
  20        237    0.000000   32.000000   6   5   6011   0
  21        238    0.000000   17.500000   6   5   6012   0
  22        239    0.000000    8.000000   6   5   6013   0
  23        240    0.000000    7.500000   6   5   6014   0
 
   p   ZAP IP   NR    Tp [MeV]
   1     1  1    1    8.000000
   2     0  2    1    7.500000
   3  1001  9    1   20.000000
   4  1002 31    1   23.000000
   5  1003 32    1   20.000000
   6  2003 33    1   32.000000
   7  2004 34    1   12.000000
--------------------------------------------------------------------------------
 
