 
--------------------------------------------------------------------------------
  6-C - 13   T= 0.00 K from IAEA/PD-2019       (ACEMAKER)
 ZAID=  6013.38u  MAT= 628  ZA=  6013
 AWR=  12.891650  STA=  0  ELIS=   0.000 MeV  LIS=  0  LISO=  0
--------------------------------------------------------------------------------
 NTOTR=  16 NTRAN=   1 NPROD=  15 NE=      82 EMAX= 140.000 MeV
   i     MT/MTD     Q [MeV]     T [MeV] LMF  MT    ZAP LFS
   1          5    0.000000    4.946300   3   5
   2        219    0.000000   38.000000   6   5   3006   0
   3        220    0.000000   31.000000   6   5   3007   0
   4        221    0.000000   28.000000   6   5   3008   0
   5        222    0.000000   32.000000   6   5   4007   0
   6        223    0.000000   12.500000   6   5   4008   0
   7        224    0.000000   11.000000   6   5   4009   0
   8        225    0.000000   50.888000   6   5   5008   0
   9        226    0.000000   39.000000   6   5   5009   0
  10        227    0.000000   24.000000   6   5   5010   0
  11        228    0.000000   19.000000   6   5   5011   0
  12        229    0.000000   17.533500   6   5   5012   0
  13        230    0.000000   58.074400   6   5   6009   0
  14        231    0.000000   36.788200   6   5   6010   0
  15        232    0.000000   23.500000   6   5   6011   0
  16        233    0.000000    4.946300   6   5   6012   0
 
   p   ZAP IP   NR    Tp [MeV]
   1     1  1    1    4.946300
   2     0  2    1    4.946300
   3  1001  9    1   17.533500
   4  1002 31    1   19.000000
   5  1003 32    1   24.000000
   6  2004 34    1   11.000000
--------------------------------------------------------------------------------
 
