 
--------------------------------------------------------------------------------
  6-C - 12   T= 0.00 K from IAEA/PD-2019       (ACEMAKER)
 ZAID=  6012.38u  MAT= 625  ZA=  6012
 AWR=  11.896910  STA=  0  ELIS=   0.000 MeV  LIS=  0  LISO=  0
--------------------------------------------------------------------------------
 NTOTR=  61 NTRAN=  32 NPROD=  29 NE=     105 EMAX= 150.000 MeV
   i     MT/MTD     Q [MeV]     T [MeV] LMF  MT    ZAP LFS
   1         22  -26.263000   26.712000   3  22
   2         28  -27.410000   27.444000   3  28
   3         34  -27.852000   27.887000   3  34
   4         50  -18.721000   18.737000   3  50
   5         51  -20.721000   20.740000   3  51
   6         52  -23.040000   23.064000   3  52
   7         53  -23.525000   23.550000   3  53
   8         54  -25.060000   25.088000   3  54
   9         55  -25.199000   25.228000   3  55
  10         56  -25.626000   25.655000   3  56
  11         57  -26.121000   26.152000   3  57
  12        111  -27.185000   27.500000   3 111
  13        112  -24.620000   25.000000   3 112
  14        114  -31.122000   31.165000   3 114
  15        115  -31.772000   32.000000   3 115
  16        116  -27.089000   27.500000   3 116
  17        117  -29.645000   30.000000   3 117
  18        600  -15.957000   16.000000   3 600
  19        601  -18.082000   18.096000   3 601
  20        602  -20.402000   20.588000   3 602
  21        603  -20.977000   21.203000   3 603
  22        604  -22.699000   22.722000   3 604
  23        605  -22.749000   22.772000   3 605
  24        606  -23.243000   23.408000   3 606
  25        607  -23.935000   24.000000   3 607
  26        608  -24.517000   24.750000   3 608
  27        650  -25.186000   25.250000   3 650
  28        651  -25.904000   26.000000   3 651
  29        652  -26.926000   27.000000   3 652
  30        653  -27.340000   27.500000   3 653
  31        654  -28.773000   29.000000   3 654
  32        750  -26.278000   26.712000   3 750
  33        219  -26.263000   26.712000   6  22   4007   0
  34        220  -27.410000   27.444000   6  28   5010   0
  35        221  -18.721000   18.737000   6  50   6011   0
  36        222  -20.721000   20.740000   6  51   6011   0
  37        223  -23.040000   23.064000   6  52   6011   0
  38        224  -23.525000   23.550000   6  53   6011   0
  39        225  -25.060000   25.088000   6  54   6011   0
  40        226  -25.199000   25.228000   6  55   6011   0
  41        227  -25.626000   25.655000   6  56   6011   0
  42        228  -26.121000   26.152000   6  57   6011   0
  43        229  -27.185000   27.500000   6 111   4010   0
  44        230  -24.620000   25.000000   6 112   3007   0
  45        231  -31.772000   32.000000   6 115   4009   0
  46        232  -29.645000   30.000000   6 117   3006   0
  47        233  -15.957000   16.000000   6 600   5011   0
  48        234  -18.082000   18.096000   6 601   5011   0
  49        235  -20.402000   20.588000   6 602   5011   0
  50        236  -20.977000   21.203000   6 603   5011   0
  51        237  -22.699000   22.722000   6 604   5011   0
  52        238  -22.749000   22.772000   6 605   5011   0
  53        239  -23.243000   23.408000   6 606   5011   0
  54        240  -23.935000   24.000000   6 607   5011   0
  55        241  -24.517000   24.750000   6 608   5011   0
  56        242  -25.186000   25.250000   6 650   5010   0
  57        243  -25.904000   26.000000   6 651   5010   0
  58        244  -26.926000   27.000000   6 652   5010   0
  59        245  -27.340000   27.500000   6 653   5010   0
  60        246  -28.773000   29.000000   6 654   5010   0
  61        247  -26.278000   26.712000   6 750   4009   0
 
   p   ZAP IP   NR    Tp [MeV]
   1     1  1   11   18.737000
   2  1001  9   14   16.000000
   3  1002 31    8   25.250000
   4  1003 32    1   27.500000
   5  2003 33    2   26.712000
   6  2004 34    6   25.000000
--------------------------------------------------------------------------------
 
