 
--------------------------------------------------------------------------------
 60-Nd-145   T= 0.00 K from IAEA/PD-2019       (ACEMAKER)
 ZAID= 60145.38u  MAT=6034  ZA= 60145
 AWR= 143.667700  STA=  0  ELIS=   0.000 MeV  LIS=  0  LISO=  0
--------------------------------------------------------------------------------
 NTOTR= 132 NTRAN=   1 NPROD= 131 NE=      88 EMAX= 200.000 MeV
   i     MT/MTD     Q [MeV]     T [MeV] LMF  MT    ZAP LFS
   1          5    0.000000    1.000000   3   5
   2        219    0.000000  130.000000   6   5  51116   0
   3        220    0.000000  130.000000   6   5  51116   3
   4        221    0.000000  130.000000   6   5  52117   0
   5        222    0.000000  120.000000   6   5  52118   0
   6        223    0.000000  120.000000   6   5  53118   0
   7        224    0.000000  120.000000   6   5  53118   4
   8        225    0.000000  120.000000   6   5  53119   0
   9        226    0.000000  120.000000   6   5  53120   0
  10        227    0.000000  120.000000   6   5  53120  13
  11        228    0.000000  120.000000   6   5  53121   0
  12        229    0.000000  130.000000   6   5  54119   0
  13        230    0.000000  120.000000   6   5  54120   0
  14        231    0.000000  120.000000   6   5  54121   0
  15        232    0.000000  120.000000   6   5  54122   0
  16        233    0.000000  120.000000   6   5  54123   0
  17        234    0.000000  140.000000   6   5  55120   0
  18        235    0.000000  140.000000   6   5  55120   5
  19        236    0.000000  130.000000   6   5  55121   0
  20        237    0.000000  130.000000   6   5  55121   1
  21        238    0.000000  120.000000   6   5  55122   0
  22        239    0.000000  120.000000   6   5  55122   8
  23        240    0.000000  120.000000   6   5  55123   0
  24        241    0.000000  120.000000   6   5  55123   5
  25        242    0.000000  120.000000   6   5  55124   0
  26        243    0.000000  120.000000   6   5  55124  25
  27        244    0.000000  120.000000   6   5  55125   0
  28        245    0.000000  120.000000   6   5  55126   0
  29        246    0.000000  140.000000   6   5  56121   0
  30        247    0.000000  130.000000   6   5  56122   0
  31        248    0.000000  120.000000   6   5  56123   0
  32        249    0.000000  120.000000   6   5  56124   0
  33        250    0.000000  110.000000   6   5  56125   0
  34        251    0.000000  110.000000   6   5  56126   0
  35        252    0.000000  110.000000   6   5  56127   0
  36        253    0.000000  110.000000   6   5  56127   2
  37        254    0.000000  100.000000   6   5  56128   0
  38        255    0.000000  110.000000   6   5  56129   0
  39        256    0.000000  110.000000   6   5  56129   1
  40        257    0.000000  170.000000   6   5  57122   0
  41        258    0.000000  150.000000   6   5  57123   0
  42        259    0.000000  140.000000   6   5  57124   0
  43        260    0.000000  140.000000   6   5  57124   1
  44        261    0.000000  130.000000   6   5  57125   0
  45        262    0.000000  120.000000   6   5  57126   0
  46        263    0.000000  120.000000   6   5  57126   1
  47        264    0.000000  110.000000   6   5  57127   0
  48        265    0.000000  110.000000   6   5  57127   1
  49        266    0.000000  100.000000   6   5  57128   0
  50        267    0.000000  100.000000   6   5  57128   6
  51        268    0.000000   95.000000   6   5  57129   0
  52        269    0.000000   95.000000   6   5  57130   0
  53        270    0.000000   90.000000   6   5  57131   0
  54        271    0.000000   85.000000   6   5  57132   0
  55        272    0.000000   85.000000   6   5  57132   4
  56        273    0.000000   80.000000   6   5  57133   0
  57        274    0.000000   78.000000   6   5  57134   0
  58        275    0.000000   76.000000   6   5  57135   0
  59        276    0.000000   76.000000   6   5  57136   0
  60        277    0.000000   76.000000   6   5  57137   0
  61        278    0.000000   76.000000   6   5  57138   0
  62        279    0.000000   95.000000   6   5  57139   0
  63        280    0.000000   95.000000   6   5  57140   0
  64        281    0.000000  150.000000   6   5  58125   0
  65        282    0.000000  130.000000   6   5  58126   0
  66        283    0.000000  120.000000   6   5  58127   0
  67        284    0.000000  120.000000   6   5  58127   1
  68        285    0.000000  110.000000   6   5  58128   0
  69        286    0.000000  110.000000   6   5  58129   0
  70        287    0.000000  100.000000   6   5  58130   0
  71        288    0.000000   90.000000   6   5  58131   0
  72        289    0.000000   90.000000   6   5  58131   1
  73        290    0.000000   80.000000   6   5  58132   0
  74        291    0.000000   76.000000   6   5  58133   0
  75        292    0.000000   76.000000   6   5  58133   1
  76        293    0.000000   70.000000   6   5  58134   0
  77        294    0.000000   62.000000   6   5  58135   0
  78        295    0.000000   62.000000   6   5  58135   4
  79        296    0.000000   52.000000   6   5  58136   0
  80        297    0.000000   44.000000   6   5  58137   0
  81        298    0.000000   44.000000   6   5  58137   2
  82        299    0.000000   34.000000   6   5  58138   0
  83        300    0.000000   24.000000   6   5  58139   0
  84        301    0.000000   24.000000   6   5  58139   2
  85        302    0.000000   12.000000   6   5  58140   0
  86        303    0.000000    1.000000   6   5  58141   0
  87        304    0.000000   40.000000   6   5  58142   0
  88        305    0.000000   40.000000   6   5  58143   0
  89        306    0.000000  170.000000   6   5  59127   0
  90        307    0.000000  140.000000   6   5  59128   0
  91        308    0.000000  130.000000   6   5  59129   0
  92        309    0.000000  120.000000   6   5  59130   0
  93        310    0.000000  110.000000   6   5  59131   0
  94        311    0.000000  110.000000   6   5  59131   2
  95        312    0.000000  100.000000   6   5  59132   0
  96        313    0.000000   90.000000   6   5  59133   0
  97        314    0.000000   90.000000   6   5  59133   3
  98        315    0.000000   85.000000   6   5  59134   0
  99        316    0.000000   85.000000   6   5  59134   1
 100        317    0.000000   76.000000   6   5  59135   0
 101        318    0.000000   70.000000   6   5  59136   0
 102        319    0.000000   62.000000   6   5  59137   0
 103        320    0.000000   56.000000   6   5  59138   0
 104        321    0.000000   56.000000   6   5  59138   5
 105        322    0.000000   48.000000   6   5  59139   0
 106        323    0.000000   38.000000   6   5  59140   0
 107        324    0.000000   30.000000   6   5  59141   0
 108        325    0.000000   25.000000   6   5  59142   0
 109        326    0.000000   25.000000   6   5  59142   1
 110        327    0.000000   17.500000   6   5  59143   0
 111        328    0.000000   13.000000   6   5  59144   0
 112        329    0.000000   13.000000   6   5  59144   1
 113        330    0.000000  140.000000   6   5  60130   0
 114        331    0.000000  120.000000   6   5  60131   0
 115        332    0.000000  110.000000   6   5  60132   0
 116        333    0.000000  100.000000   6   5  60133   0
 117        334    0.000000  100.000000   6   5  60133   1
 118        335    0.000000   95.000000   6   5  60134   0
 119        336    0.000000   85.000000   6   5  60135   0
 120        337    0.000000   76.000000   6   5  60136   0
 121        338    0.000000   66.000000   6   5  60137   0
 122        339    0.000000   66.000000   6   5  60137   4
 123        340    0.000000   56.000000   6   5  60138   0
 124        341    0.000000   48.000000   6   5  60139   0
 125        342    0.000000   48.000000   6   5  60139   2
 126        343    0.000000   38.000000   6   5  60140   0
 127        344    0.000000   29.000000   6   5  60141   0
 128        345    0.000000   30.000000   6   5  60141   2
 129        346    0.000000   19.500000   6   5  60142   0
 130        347    0.000000   13.500000   6   5  60143   0
 131        348    0.000000    5.500000   6   5  60144   0
 132        349    0.000000    1.000000   6   5  60145   0
 
   p   ZAP IP   NR    Tp [MeV]
   1     1  1    1    5.500000
   2     0  2    1    1.000000
   3  1001  9    1    9.500000
   4  1002 31    1   13.500000
   5  1003 32    1   15.000000
   6  2003 33    1   18.000000
   7  2004 34    1    5.000000
--------------------------------------------------------------------------------
 
