 
--------------------------------------------------------------------------------
 60-Nd-148   T= 0.00 K from IAEA/PD-2019       (ACEMAKER)
 ZAID= 60148.38u  MAT=6043  ZA= 60148
 AWR= 146.646200  STA=  0  ELIS=   0.000 MeV  LIS=  0  LISO=  0
--------------------------------------------------------------------------------
 NTOTR= 127 NTRAN=   1 NPROD= 126 NE=      88 EMAX= 200.000 MeV
   i     MT/MTD     Q [MeV]     T [MeV] LMF  MT    ZAP LFS
   1          5    0.000000    1.000000   3   5
   2        219    0.000000  110.000000   6   5  52120   0
   3        220    0.000000  110.000000   6   5  53121   0
   4        221    0.000000  110.000000   6   5  53122   0
   5        222    0.000000  110.000000   6   5  54122   0
   6        223    0.000000  110.000000   6   5  54123   0
   7        224    0.000000  100.000000   6   5  54124   0
   8        225    0.000000  100.000000   6   5  54125   0
   9        226    0.000000  100.000000   6   5  54125   2
  10        227    0.000000  100.000000   6   5  54126   0
  11        228    0.000000  100.000000   6   5  54128   0
  12        229    0.000000  130.000000   6   5  55123   0
  13        230    0.000000  130.000000   6   5  55123   5
  14        231    0.000000  120.000000   6   5  55124   0
  15        232    0.000000  120.000000   6   5  55124  25
  16        233    0.000000  110.000000   6   5  55125   0
  17        234    0.000000  100.000000   6   5  55126   0
  18        235    0.000000  100.000000   6   5  55127   0
  19        236    0.000000  130.000000   6   5  56124   0
  20        237    0.000000  120.000000   6   5  56125   0
  21        238    0.000000  110.000000   6   5  56126   0
  22        239    0.000000  100.000000   6   5  56127   0
  23        240    0.000000  100.000000   6   5  56127   2
  24        241    0.000000  100.000000   6   5  56128   0
  25        242    0.000000  100.000000   6   5  56129   0
  26        243    0.000000  100.000000   6   5  56129   1
  27        244    0.000000  100.000000   6   5  56130   0
  28        245    0.000000  100.000000   6   5  56131   0
  29        246    0.000000  100.000000   6   5  56131   2
  30        247    0.000000  150.000000   6   5  57125   0
  31        248    0.000000  140.000000   6   5  57126   0
  32        249    0.000000  140.000000   6   5  57126   1
  33        250    0.000000  130.000000   6   5  57127   0
  34        251    0.000000  130.000000   6   5  57127   1
  35        252    0.000000  120.000000   6   5  57128   0
  36        253    0.000000  120.000000   6   5  57128   6
  37        254    0.000000  110.000000   6   5  57129   0
  38        255    0.000000  100.000000   6   5  57130   0
  39        256    0.000000   90.000000   6   5  57131   0
  40        257    0.000000   85.000000   6   5  57132   0
  41        258    0.000000   85.000000   6   5  57132   4
  42        259    0.000000   80.000000   6   5  57133   0
  43        260    0.000000   80.000000   6   5  57134   0
  44        261    0.000000   78.000000   6   5  57135   0
  45        262    0.000000   74.000000   6   5  57136   0
  46        263    0.000000   72.000000   6   5  57137   0
  47        264    0.000000   72.000000   6   5  57138   0
  48        265    0.000000   72.000000   6   5  57139   0
  49        266    0.000000   72.000000   6   5  57140   0
  50        267    0.000000   72.000000   6   5  57141   0
  51        268    0.000000  150.000000   6   5  58126   0
  52        269    0.000000  140.000000   6   5  58127   0
  53        270    0.000000  140.000000   6   5  58127   1
  54        271    0.000000  130.000000   6   5  58128   0
  55        272    0.000000  120.000000   6   5  58129   0
  56        273    0.000000  110.000000   6   5  58130   0
  57        274    0.000000  100.000000   6   5  58131   0
  58        275    0.000000  100.000000   6   5  58131   1
  59        276    0.000000   90.000000   6   5  58132   0
  60        277    0.000000   85.000000   6   5  58133   0
  61        278    0.000000   85.000000   6   5  58133   1
  62        279    0.000000   78.000000   6   5  58134   0
  63        280    0.000000   72.000000   6   5  58135   0
  64        281    0.000000   72.000000   6   5  58135   4
  65        282    0.000000   64.000000   6   5  58136   0
  66        283    0.000000   58.000000   6   5  58137   0
  67        284    0.000000   58.000000   6   5  58137   2
  68        285    0.000000   52.000000   6   5  58138   0
  69        286    0.000000   46.000000   6   5  58139   0
  70        287    0.000000   46.000000   6   5  58139   2
  71        288    0.000000   36.000000   6   5  58140   0
  72        289    0.000000   30.000000   6   5  58141   0
  73        290    0.000000   23.000000   6   5  58142   0
  74        291    0.000000   17.000000   6   5  58143   0
  75        292    0.000000    1.000000   6   5  58144   0
  76        293    0.000000   44.000000   6   5  58145   0
  77        294    0.000000   44.000000   6   5  58146   0
  78        295    0.000000  190.000000   6   5  59127   0
  79        296    0.000000  170.000000   6   5  59128   0
  80        297    0.000000  150.000000   6   5  59129   0
  81        298    0.000000  140.000000   6   5  59130   0
  82        299    0.000000  130.000000   6   5  59131   0
  83        300    0.000000  130.000000   6   5  59131   2
  84        301    0.000000  120.000000   6   5  59132   0
  85        302    0.000000  110.000000   6   5  59133   0
  86        303    0.000000  110.000000   6   5  59133   3
  87        304    0.000000  100.000000   6   5  59134   0
  88        305    0.000000  100.000000   6   5  59134   1
  89        306    0.000000   90.000000   6   5  59135   0
  90        307    0.000000   80.000000   6   5  59136   0
  91        308    0.000000   74.000000   6   5  59137   0
  92        309    0.000000   66.000000   6   5  59138   0
  93        310    0.000000   66.000000   6   5  59138   5
  94        311    0.000000   60.000000   6   5  59139   0
  95        312    0.000000   54.000000   6   5  59140   0
  96        313    0.000000   48.000000   6   5  59141   0
  97        314    0.000000   42.000000   6   5  59142   0
  98        315    0.000000   42.000000   6   5  59142   1
  99        316    0.000000   36.000000   6   5  59143   0
 100        317    0.000000   32.000000   6   5  59144   0
 101        318    0.000000   32.000000   6   5  59144   1
 102        319    0.000000   26.000000   6   5  59145   0
 103        320    0.000000   21.000000   6   5  59146   0
 104        321    0.000000   14.500000   6   5  59147   0
 105        322    0.000000  160.000000   6   5  60130   0
 106        323    0.000000  150.000000   6   5  60131   0
 107        324    0.000000  130.000000   6   5  60132   0
 108        325    0.000000  120.000000   6   5  60133   0
 109        326    0.000000  120.000000   6   5  60133   1
 110        327    0.000000  110.000000   6   5  60134   0
 111        328    0.000000  100.000000   6   5  60135   0
 112        329    0.000000   95.000000   6   5  60136   0
 113        330    0.000000   85.000000   6   5  60137   0
 114        331    0.000000   85.000000   6   5  60137   4
 115        332    0.000000   76.000000   6   5  60138   0
 116        333    0.000000   68.000000   6   5  60139   0
 117        334    0.000000   68.000000   6   5  60139   2
 118        335    0.000000   58.000000   6   5  60140   0
 119        336    0.000000   50.000000   6   5  60141   0
 120        337    0.000000   50.000000   6   5  60141   2
 121        338    0.000000   40.000000   6   5  60142   0
 122        339    0.000000   32.000000   6   5  60143   0
 123        340    0.000000   25.000000   6   5  60144   0
 124        341    0.000000   20.000000   6   5  60145   0
 125        342    0.000000   12.500000   6   5  60146   0
 126        343    0.000000    7.000000   6   5  60147   0
 127        344    0.000000    1.000000   6   5  60148   0
 
   p   ZAP IP   NR    Tp [MeV]
   1     1  1    1    7.000000
   2     0  2    1    1.000000
   3  1001  9    1   10.500000
   4  1002 31    1   15.500000
   5  1003 32    1   15.000000
   6  2003 33    1   22.000000
   7  2004 34    1    5.000000
--------------------------------------------------------------------------------
 
