 
--------------------------------------------------------------------------------
 62-Sm-147   T= 0.00 K from IAEA/PD-2019       (ACEMAKER)
 ZAID= 62147.38u  MAT=6234  ZA= 62147
 AWR= 145.652800  STA=  0  ELIS=   0.000 MeV  LIS=  0  LISO=  0
--------------------------------------------------------------------------------
 NTOTR= 389 NTRAN=   1 NPROD= 388 NE=     130 EMAX= 200.000 MeV
   i     MT/MTD     Q [MeV]     T [MeV] LMF  MT    ZAP LFS
   1          5    0.000000    1.000000   3   5
   2        219    0.000000  140.000000   6   5  47114   0
   3        220    0.000000  130.000000   6   5  47115   0
   4        221    0.000000  130.000000   6   5  47115   1
   5        222    0.000000  130.000000   6   5  47116   0
   6        223    0.000000  130.000000   6   5  47116   1
   7        224    0.000000  130.000000   6   5  47117   0
   8        225    0.000000  130.000000   6   5  47117   1
   9        226    0.000000  130.000000   6   5  47118   0
  10        227    0.000000  130.000000   6   5  47119   0
  11        228    0.000000  130.000000   6   5  47119   1
  12        229    0.000000  150.000000   6   5  47120   0
  13        230    0.000000  150.000000   6   5  47121   0
  14        231    0.000000  180.000000   6   5  47122   0
  15        232    0.000000  180.000000   6   5  47122   1
  16        233    0.000000  180.000000   6   5  47123   0
  17        234    0.000000  130.000000   6   5  48115   0
  18        235    0.000000  130.000000   6   5  48115   1
  19        236    0.000000  120.000000   6   5  48116   0
  20        237    0.000000  110.000000   6   5  48117   0
  21        238    0.000000  110.000000   6   5  48117   1
  22        239    0.000000  110.000000   6   5  48118   0
  23        240    0.000000  100.000000   6   5  48119   0
  24        241    0.000000  100.000000   6   5  48119   1
  25        242    0.000000  100.000000   6   5  48120   0
  26        243    0.000000  120.000000   6   5  48121   0
  27        244    0.000000  120.000000   6   5  48121   1
  28        245    0.000000  120.000000   6   5  48122   0
  29        246    0.000000  150.000000   6   5  48123   0
  30        247    0.000000  150.000000   6   5  48123   1
  31        248    0.000000  150.000000   6   5  48124   0
  32        249    0.000000  180.000000   6   5  48125   0
  33        250    0.000000  180.000000   6   5  48125   1
  34        251    0.000000  180.000000   6   5  48126   0
  35        252    0.000000  130.000000   6   5  49116   0
  36        253    0.000000  130.000000   6   5  49116   1
  37        254    0.000000  130.000000   6   5  49116   2
  38        255    0.000000  120.000000   6   5  49117   0
  39        256    0.000000  120.000000   6   5  49117   1
  40        257    0.000000  110.000000   6   5  49118   0
  41        258    0.000000  110.000000   6   5  49118   1
  42        259    0.000000  110.000000   6   5  49119   0
  43        260    0.000000  110.000000   6   5  49119   1
  44        261    0.000000  100.000000   6   5  49120   0
  45        262    0.000000  100.000000   6   5  49120   1
  46        263    0.000000  100.000000   6   5  49121   0
  47        264    0.000000  100.000000   6   5  49121   1
  48        265    0.000000  100.000000   6   5  49122   0
  49        266    0.000000  100.000000   6   5  49122   1
  50        267    0.000000  100.000000   6   5  49123   0
  51        268    0.000000  100.000000   6   5  49123   1
  52        269    0.000000  120.000000   6   5  49124   0
  53        270    0.000000  120.000000   6   5  49125   0
  54        271    0.000000  120.000000   6   5  49125   1
  55        272    0.000000  150.000000   6   5  49126   0
  56        273    0.000000  150.000000   6   5  49126   1
  57        274    0.000000  150.000000   6   5  49127   0
  58        275    0.000000  150.000000   6   5  49127   1
  59        276    0.000000  150.000000   6   5  49127   2
  60        277    0.000000  180.000000   6   5  49128   0
  61        278    0.000000  190.000000   6   5  49129   0
  62        279    0.000000  190.000000   6   5  49129   1
  63        280    0.000000  130.000000   6   5  50117   0
  64        281    0.000000  130.000000   6   5  50117   1
  65        282    0.000000  120.000000   6   5  50118   0
  66        283    0.000000  110.000000   6   5  50119   0
  67        284    0.000000  110.000000   6   5  50119   1
  68        285    0.000000  100.000000   6   5  50120   0
  69        286    0.000000   90.000000   6   5  50121   0
  70        287    0.000000   90.000000   6   5  50121   1
  71        288    0.000000   85.000000   6   5  50122   0
  72        289    0.000000   78.000000   6   5  50123   0
  73        290    0.000000   78.000000   6   5  50123   1
  74        291    0.000000   78.000000   6   5  50124   0
  75        292    0.000000   95.000000   6   5  50125   0
  76        293    0.000000   95.000000   6   5  50125   1
  77        294    0.000000   95.000000   6   5  50126   0
  78        295    0.000000  120.000000   6   5  50127   0
  79        296    0.000000  120.000000   6   5  50127   1
  80        297    0.000000  120.000000   6   5  50128   0
  81        298    0.000000  120.000000   6   5  50128   1
  82        299    0.000000  150.000000   6   5  50129   0
  83        300    0.000000  150.000000   6   5  50129   1
  84        301    0.000000  150.000000   6   5  50130   0
  85        302    0.000000  150.000000   6   5  50130   1
  86        303    0.000000  190.000000   6   5  50131   0
  87        304    0.000000  190.000000   6   5  50131   1
  88        305    0.000000  190.000000   6   5  50132   0
  89        306    0.000000  130.000000   6   5  51118   0
  90        307    0.000000  130.000000   6   5  51118   1
  91        308    0.000000  120.000000   6   5  51119   0
  92        309    0.000000  110.000000   6   5  51120   0
  93        310    0.000000  110.000000   6   5  51120   1
  94        311    0.000000  100.000000   6   5  51121   0
  95        312    0.000000   90.000000   6   5  51122   0
  96        313    0.000000   90.000000   6   5  51122   1
  97        314    0.000000   85.000000   6   5  51123   0
  98        315    0.000000   78.000000   6   5  51124   0
  99        316    0.000000   78.000000   6   5  51124   1
 100        317    0.000000   78.000000   6   5  51124   2
 101        318    0.000000   78.000000   6   5  51125   0
 102        319    0.000000   74.000000   6   5  51126   0
 103        320    0.000000   74.000000   6   5  51126   1
 104        321    0.000000   74.000000   6   5  51127   0
 105        322    0.000000   90.000000   6   5  51128   0
 106        323    0.000000   90.000000   6   5  51128   1
 107        324    0.000000   90.000000   6   5  51129   0
 108        325    0.000000   90.000000   6   5  51129   1
 109        326    0.000000  120.000000   6   5  51130   0
 110        327    0.000000  120.000000   6   5  51130   1
 111        328    0.000000  120.000000   6   5  51131   0
 112        329    0.000000  150.000000   6   5  51132   0
 113        330    0.000000  150.000000   6   5  51132   1
 114        331    0.000000  160.000000   6   5  51133   0
 115        332    0.000000  190.000000   6   5  51134   0
 116        333    0.000000  190.000000   6   5  51134   1
 117        334    0.000000  140.000000   6   5  52119   0
 118        335    0.000000  140.000000   6   5  52119   1
 119        336    0.000000  120.000000   6   5  52120   0
 120        337    0.000000  110.000000   6   5  52121   0
 121        338    0.000000  110.000000   6   5  52121   1
 122        339    0.000000  100.000000   6   5  52122   0
 123        340    0.000000   90.000000   6   5  52123   0
 124        341    0.000000   90.000000   6   5  52123   1
 125        342    0.000000   80.000000   6   5  52124   0
 126        343    0.000000   70.000000   6   5  52125   0
 127        344    0.000000   70.000000   6   5  52125   1
 128        345    0.000000   62.000000   6   5  52126   0
 129        346    0.000000   56.000000   6   5  52127   0
 130        347    0.000000   56.000000   6   5  52127   1
 131        348    0.000000   58.000000   6   5  52128   0
 132        349    0.000000   72.000000   6   5  52129   0
 133        350    0.000000   72.000000   6   5  52129   1
 134        351    0.000000   72.000000   6   5  52130   0
 135        352    0.000000   90.000000   6   5  52131   0
 136        353    0.000000   90.000000   6   5  52131   1
 137        354    0.000000   95.000000   6   5  52132   0
 138        355    0.000000  120.000000   6   5  52133   0
 139        356    0.000000  120.000000   6   5  52133   1
 140        357    0.000000  130.000000   6   5  52134   0
 141        358    0.000000  160.000000   6   5  52135   0
 142        359    0.000000  170.000000   6   5  52136   0
 143        360    0.000000  140.000000   6   5  53120   0
 144        361    0.000000  140.000000   6   5  53120   1
 145        362    0.000000  120.000000   6   5  53121   0
 146        363    0.000000  110.000000   6   5  53122   0
 147        364    0.000000  100.000000   6   5  53123   0
 148        365    0.000000   90.000000   6   5  53124   0
 149        366    0.000000   80.000000   6   5  53125   0
 150        367    0.000000   72.000000   6   5  53126   0
 151        368    0.000000   62.000000   6   5  53127   0
 152        369    0.000000   56.000000   6   5  53128   0
 153        370    0.000000   56.000000   6   5  53129   0
 154        371    0.000000   54.000000   6   5  53130   0
 155        372    0.000000   54.000000   6   5  53130   1
 156        373    0.000000   58.000000   6   5  53131   0
 157        374    0.000000   70.000000   6   5  53132   0
 158        375    0.000000   72.000000   6   5  53133   0
 159        376    0.000000   74.000000   6   5  53133   1
 160        377    0.000000   95.000000   6   5  53134   0
 161        378    0.000000   95.000000   6   5  53135   0
 162        379    0.000000  130.000000   6   5  53136   0
 163        380    0.000000  140.000000   6   5  53137   0
 164        381    0.000000  170.000000   6   5  53138   0
 165        382    0.000000  140.000000   6   5  54121   0
 166        383    0.000000  130.000000   6   5  54122   0
 167        384    0.000000  120.000000   6   5  54123   0
 168        385    0.000000  110.000000   6   5  54124   0
 169        386    0.000000   95.000000   6   5  54125   0
 170        387    0.000000   95.000000   6   5  54125   1
 171        388    0.000000   85.000000   6   5  54126   0
 172        389    0.000000   72.000000   6   5  54127   0
 173        390    0.000000   72.000000   6   5  54127   1
 174        391    0.000000   62.000000   6   5  54128   0
 175        392    0.000000   54.000000   6   5  54129   0
 176        393    0.000000   54.000000   6   5  54129   1
 177        394    0.000000   44.000000   6   5  54130   0
 178        395    0.000000   38.000000   6   5  54131   0
 179        396    0.000000   38.000000   6   5  54131   1
 180        397    0.000000   42.000000   6   5  54132   0
 181        398    0.000000   52.000000   6   5  54133   0
 182        399    0.000000   52.000000   6   5  54133   1
 183        400    0.000000   54.000000   6   5  54134   0
 184        401    0.000000   56.000000   6   5  54134   1
 185        402    0.000000   70.000000   6   5  54135   0
 186        403    0.000000   70.000000   6   5  54135   1
 187        404    0.000000   72.000000   6   5  54136   0
 188        405    0.000000   95.000000   6   5  54137   0
 189        406    0.000000  100.000000   6   5  54138   0
 190        407    0.000000  140.000000   6   5  54139   0
 191        408    0.000000  140.000000   6   5  55122   0
 192        409    0.000000  140.000000   6   5  55122   1
 193        410    0.000000  140.000000   6   5  55122   2
 194        411    0.000000  130.000000   6   5  55123   0
 195        412    0.000000  130.000000   6   5  55123   1
 196        413    0.000000  120.000000   6   5  55124   0
 197        414    0.000000  120.000000   6   5  55124   1
 198        415    0.000000  110.000000   6   5  55125   0
 199        416    0.000000   95.000000   6   5  55126   0
 200        417    0.000000   85.000000   6   5  55127   0
 201        418    0.000000   78.000000   6   5  55128   0
 202        419    0.000000   66.000000   6   5  55129   0
 203        420    0.000000   58.000000   6   5  55130   0
 204        421    0.000000   58.000000   6   5  55130   1
 205        422    0.000000   48.000000   6   5  55131   0
 206        423    0.000000   40.000000   6   5  55132   0
 207        424    0.000000   38.000000   6   5  55133   0
 208        425    0.000000   34.000000   6   5  55134   0
 209        426    0.000000   34.000000   6   5  55134   1
 210        427    0.000000   42.000000   6   5  55135   0
 211        428    0.000000   52.000000   6   5  55136   0
 212        429    0.000000   52.000000   6   5  55136   1
 213        430    0.000000   54.000000   6   5  55137   0
 214        431    0.000000   72.000000   6   5  55138   0
 215        432    0.000000   72.000000   6   5  55138   1
 216        433    0.000000   76.000000   6   5  55139   0
 217        434    0.000000  100.000000   6   5  55140   0
 218        435    0.000000  150.000000   6   5  56123   0
 219        436    0.000000  140.000000   6   5  56124   0
 220        437    0.000000  130.000000   6   5  56125   0
 221        438    0.000000  120.000000   6   5  56126   0
 222        439    0.000000  100.000000   6   5  56127   0
 223        440    0.000000  100.000000   6   5  56127   1
 224        441    0.000000   90.000000   6   5  56128   0
 225        442    0.000000   78.000000   6   5  56129   0
 226        443    0.000000   78.000000   6   5  56129   1
 227        444    0.000000   66.000000   6   5  56130   0
 228        445    0.000000   56.000000   6   5  56131   0
 229        446    0.000000   56.000000   6   5  56131   1
 230        447    0.000000   48.000000   6   5  56132   0
 231        448    0.000000   38.000000   6   5  56133   0
 232        449    0.000000   38.000000   6   5  56133   1
 233        450    0.000000   27.000000   6   5  56134   0
 234        461    0.000000   17.000000   6   5  56135   0
 235        462    0.000000   17.000000   6   5  56135   1
 236        463    0.000000   28.000000   6   5  56136   0
 237        464    0.000000   30.000000   6   5  56136   1
 238        465    0.000000   34.000000   6   5  56137   0
 239        466    0.000000   34.000000   6   5  56137   1
 240        467    0.000000   40.000000   6   5  56138   0
 241        468    0.000000   52.000000   6   5  56139   0
 242        469    0.000000   58.000000   6   5  56140   0
 243        470    0.000000   76.000000   6   5  56141   0
 244        471    0.000000  160.000000   6   5  57124   0
 245        472    0.000000  160.000000   6   5  57124   1
 246        473    0.000000  140.000000   6   5  57125   0
 247        474    0.000000  140.000000   6   5  57125   1
 248        475    0.000000  130.000000   6   5  57126   0
 249        476    0.000000  120.000000   6   5  57127   0
 250        477    0.000000  120.000000   6   5  57127   1
 251        478    0.000000  110.000000   6   5  57128   0
 252        479    0.000000  110.000000   6   5  57128   1
 253        480    0.000000   95.000000   6   5  57129   0
 254        481    0.000000   95.000000   6   5  57129   1
 255        482    0.000000   85.000000   6   5  57130   0
 256        483    0.000000   74.000000   6   5  57131   0
 257        484    0.000000   66.000000   6   5  57132   0
 258        485    0.000000   66.000000   6   5  57132   1
 259        486    0.000000   54.000000   6   5  57133   0
 260        487    0.000000   46.000000   6   5  57134   0
 261        488    0.000000   36.000000   6   5  57135   0
 262        489    0.000000   27.000000   6   5  57136   0
 263        490    0.000000   27.000000   6   5  57136   1
 264        491    0.000000   22.000000   6   5  57137   0
 265        492    0.000000   16.500000   6   5  57138   0
 266        493    0.000000   29.000000   6   5  57139   0
 267        494    0.000000   34.000000   6   5  57140   0
 268        495    0.000000   46.000000   6   5  57141   0
 269        496    0.000000   54.000000   6   5  57142   0
 270        497    0.000000  170.000000   6   5  58125   0
 271        498    0.000000  150.000000   6   5  58126   0
 272        499    0.000000  140.000000   6   5  58127   0
 273        500    0.000000  140.000000   6   5  58127   1
 274        501    0.000000  130.000000   6   5  58128   0
 275        502    0.000000  110.000000   6   5  58129   0
 276        503    0.000000  100.000000   6   5  58130   0
 277        504    0.000000   90.000000   6   5  58131   0
 278        505    0.000000   90.000000   6   5  58131   1
 279        506    0.000000   76.000000   6   5  58132   0
 280        507    0.000000   64.000000   6   5  58133   0
 281        508    0.000000   64.000000   6   5  58133   1
 282        509    0.000000   54.000000   6   5  58134   0
 283        510    0.000000   44.000000   6   5  58135   0
 284        511    0.000000   44.000000   6   5  58135   1
 285        512    0.000000   34.000000   6   5  58136   0
 286        513    0.000000   23.000000   6   5  58137   0
 287        514    0.000000   23.000000   6   5  58137   1
 288        515    0.000000   12.500000   6   5  58138   0
 289        516    0.000000    5.500000   6   5  58139   0
 290        517    0.000000    5.500000   6   5  58139   1
 291        518    0.000000   17.000000   6   5  58140   0
 292        519    0.000000   18.500000   6   5  58141   0
 293        520    0.000000   32.000000   6   5  58142   0
 294        521    0.000000   36.000000   6   5  58143   0
 295        522    0.000000  180.000000   6   5  59126   0
 296        523    0.000000  160.000000   6   5  59127   0
 297        524    0.000000  150.000000   6   5  59128   0
 298        525    0.000000  140.000000   6   5  59129   0
 299        526    0.000000  130.000000   6   5  59130   0
 300        527    0.000000  110.000000   6   5  59131   0
 301        528    0.000000  110.000000   6   5  59131   1
 302        529    0.000000  100.000000   6   5  59132   0
 303        530    0.000000   85.000000   6   5  59133   0
 304        531    0.000000   85.000000   6   5  59133   1
 305        532    0.000000   76.000000   6   5  59134   0
 306        533    0.000000   76.000000   6   5  59134   1
 307        534    0.000000   64.000000   6   5  59135   0
 308        535    0.000000   56.000000   6   5  59136   0
 309        536    0.000000   44.000000   6   5  59137   0
 310        537    0.000000   36.000000   6   5  59138   0
 311        538    0.000000   36.000000   6   5  59138   1
 312        539    0.000000   25.000000   6   5  59139   0
 313        540    0.000000   17.000000   6   5  59140   0
 314        541    0.000000   14.000000   6   5  59141   0
 315        542    0.000000    9.000000   6   5  59142   0
 316        543    0.000000    9.000000   6   5  59142   1
 317        544    0.000000   22.000000   6   5  59143   0
 318        545    0.000000   24.000000   6   5  59144   0
 319        546    0.000000   24.000000   6   5  59144   1
 320        547    0.000000  180.000000   6   5  60127   0
 321        548    0.000000  170.000000   6   5  60128   0
 322        549    0.000000  160.000000   6   5  60129   0
 323        550    0.000000  140.000000   6   5  60130   0
 324        551    0.000000  130.000000   6   5  60131   0
 325        552    0.000000  110.000000   6   5  60132   0
 326        553    0.000000  100.000000   6   5  60133   0
 327        554    0.000000  100.000000   6   5  60133   1
 328        555    0.000000   90.000000   6   5  60134   0
 329        556    0.000000   76.000000   6   5  60135   0
 330        557    0.000000   64.000000   6   5  60136   0
 331        558    0.000000   56.000000   6   5  60137   0
 332        559    0.000000   56.000000   6   5  60137   1
 333        560    0.000000   44.000000   6   5  60138   0
 334        561    0.000000   36.000000   6   5  60139   0
 335        562    0.000000   36.000000   6   5  60139   1
 336        563    0.000000   24.000000   6   5  60140   0
 337        564    0.000000   15.500000   6   5  60141   0
 338        565    0.000000   16.500000   6   5  60141   1
 339        566    0.000000    5.500000   6   5  60142   0
 340        567    0.000000    1.000000   6   5  60143   0
 341        568    0.000000   12.000000   6   5  60144   0
 342        569    0.000000   13.500000   6   5  60145   0
 343        570    0.000000  190.000000   6   5  61129   0
 344        571    0.000000  170.000000   6   5  61130   0
 345        572    0.000000  160.000000   6   5  61131   0
 346        573    0.000000  150.000000   6   5  61132   0
 347        574    0.000000  130.000000   6   5  61133   0
 348        575    0.000000  130.000000   6   5  61133   1
 349        576    0.000000  120.000000   6   5  61134   0
 350        577    0.000000  120.000000   6   5  61134   1
 351        578    0.000000  110.000000   6   5  61135   0
 352        579    0.000000  110.000000   6   5  61135   1
 353        580    0.000000   95.000000   6   5  61136   0
 354        581    0.000000   95.000000   6   5  61136   1
 355        582    0.000000   85.000000   6   5  61137   0
 356        583    0.000000   72.000000   6   5  61138   0
 357        584    0.000000   72.000000   6   5  61138   1
 358        585    0.000000   60.000000   6   5  61139   0
 359        586    0.000000   60.000000   6   5  61139   1
 360        587    0.000000   52.000000   6   5  61140   0
 361        588    0.000000   52.000000   6   5  61140   1
 362        589    0.000000   40.000000   6   5  61141   0
 363        590    0.000000   30.000000   6   5  61142   0
 364        591    0.000000   20.000000   6   5  61143   0
 365        592    0.000000   13.500000   6   5  61144   0
 366        593    0.000000   11.500000   6   5  61145   0
 367        594    0.000000    7.500000   6   5  61146   0
 368        595    0.000000  190.000000   6   5  62130   0
 369        596    0.000000  180.000000   6   5  62131   0
 370        597    0.000000  170.000000   6   5  62132   0
 371        598    0.000000  150.000000   6   5  62133   0
 372        599    0.000000  150.000000   6   5  62133   1
 373        850    0.000000  140.000000   6   5  62134   0
 374        851    0.000000  130.000000   6   5  62135   0
 375        852    0.000000  110.000000   6   5  62136   0
 376        853    0.000000  100.000000   6   5  62137   0
 377        854    0.000000   85.000000   6   5  62138   0
 378        855    0.000000   76.000000   6   5  62139   0
 379        856    0.000000   76.000000   6   5  62139   1
 380        857    0.000000   64.000000   6   5  62140   0
 381        858    0.000000   54.000000   6   5  62141   0
 382        859    0.000000   54.000000   6   5  62141   1
 383        860    0.000000   42.000000   6   5  62142   0
 384        861    0.000000   34.000000   6   5  62143   0
 385        862    0.000000   34.000000   6   5  62143   1
 386        863    0.000000   22.000000   6   5  62144   0
 387        864    0.000000   15.000000   6   5  62145   0
 388        865    0.000000    6.500000   6   5  62146   0
 389        866    0.000000    1.000000   6   5  62147   0
 
   p   ZAP IP   NR    Tp [MeV]
   1     1  1    1    5.500000
   2     0  2    1    1.000000
   3  1001  9    1    7.000000
   4  1002 31    1   11.500000
   5  1003 32    1   13.500000
   6  2003 33    1   12.000000
   7  2004 34    1    1.000000
--------------------------------------------------------------------------------
 
