 
--------------------------------------------------------------------------------
 62-Sm-154   T= 0.00 K from IAEA/PD-2019       (ACEMAKER)
 ZAID= 62154.38u  MAT=6255  ZA= 62154
 AWR= 152.600000  STA=  0  ELIS=   0.000 MeV  LIS=  0  LISO=  0
--------------------------------------------------------------------------------
 NTOTR= 315 NTRAN=   1 NPROD= 314 NE=     135 EMAX= 200.000 MeV
   i     MT/MTD     Q [MeV]     T [MeV] LMF  MT    ZAP LFS
   1          5    0.000000    1.000000   3   5
   2        219    0.000000  180.000000   6   5  47121   0
   3        220    0.000000  180.000000   6   5  47122   0
   4        221    0.000000  180.000000   6   5  47122   1
   5        222    0.000000  180.000000   6   5  47123   0
   6        223    0.000000  180.000000   6   5  47124   0
   7        224    0.000000  180.000000   6   5  47125   0
   8        225    0.000000  150.000000   6   5  48122   0
   9        226    0.000000  140.000000   6   5  48123   0
  10        227    0.000000  140.000000   6   5  48123   1
  11        228    0.000000  140.000000   6   5  48124   0
  12        229    0.000000  140.000000   6   5  48125   0
  13        230    0.000000  140.000000   6   5  48125   1
  14        231    0.000000  140.000000   6   5  48126   0
  15        232    0.000000  170.000000   6   5  48127   0
  16        233    0.000000  170.000000   6   5  48128   0
  17        234    0.000000  150.000000   6   5  49123   0
  18        235    0.000000  150.000000   6   5  49123   1
  19        236    0.000000  140.000000   6   5  49124   0
  20        237    0.000000  140.000000   6   5  49125   0
  21        238    0.000000  140.000000   6   5  49125   1
  22        239    0.000000  140.000000   6   5  49126   0
  23        240    0.000000  140.000000   6   5  49126   1
  24        241    0.000000  140.000000   6   5  49127   0
  25        242    0.000000  140.000000   6   5  49127   1
  26        243    0.000000  140.000000   6   5  49127   2
  27        244    0.000000  140.000000   6   5  49128   0
  28        245    0.000000  140.000000   6   5  49129   0
  29        246    0.000000  140.000000   6   5  49129   1
  30        247    0.000000  170.000000   6   5  49130   0
  31        248    0.000000  170.000000   6   5  49130   1
  32        249    0.000000  170.000000   6   5  49131   0
  33        250    0.000000  170.000000   6   5  49131   1
  34        251    0.000000  130.000000   6   5  50124   0
  35        252    0.000000  130.000000   6   5  50125   0
  36        253    0.000000  130.000000   6   5  50125   1
  37        254    0.000000  120.000000   6   5  50126   0
  38        255    0.000000  110.000000   6   5  50127   0
  39        256    0.000000  110.000000   6   5  50127   1
  40        257    0.000000  110.000000   6   5  50128   0
  41        258    0.000000  110.000000   6   5  50128   1
  42        259    0.000000  110.000000   6   5  50129   0
  43        260    0.000000  110.000000   6   5  50129   1
  44        261    0.000000  110.000000   6   5  50130   0
  45        262    0.000000  110.000000   6   5  50130   1
  46        263    0.000000  130.000000   6   5  50131   0
  47        264    0.000000  130.000000   6   5  50131   1
  48        265    0.000000  130.000000   6   5  50132   0
  49        266    0.000000  160.000000   6   5  50133   0
  50        267    0.000000  160.000000   6   5  50134   0
  51        268    0.000000  130.000000   6   5  51125   0
  52        269    0.000000  130.000000   6   5  51126   0
  53        270    0.000000  130.000000   6   5  51126   1
  54        271    0.000000  120.000000   6   5  51127   0
  55        272    0.000000  110.000000   6   5  51128   0
  56        273    0.000000  110.000000   6   5  51128   1
  57        274    0.000000  110.000000   6   5  51129   0
  58        275    0.000000  110.000000   6   5  51129   1
  59        276    0.000000  110.000000   6   5  51130   0
  60        277    0.000000  110.000000   6   5  51130   1
  61        278    0.000000  110.000000   6   5  51131   0
  62        279    0.000000  100.000000   6   5  51132   0
  63        280    0.000000  100.000000   6   5  51132   1
  64        281    0.000000  100.000000   6   5  51133   0
  65        282    0.000000  130.000000   6   5  51134   0
  66        283    0.000000  130.000000   6   5  51134   1
  67        284    0.000000  130.000000   6   5  51135   0
  68        285    0.000000  160.000000   6   5  51136   0
  69        286    0.000000  170.000000   6   5  51137   0
  70        287    0.000000  130.000000   6   5  52126   0
  71        288    0.000000  120.000000   6   5  52127   0
  72        289    0.000000  120.000000   6   5  52127   1
  73        290    0.000000  110.000000   6   5  52128   0
  74        291    0.000000  100.000000   6   5  52129   0
  75        292    0.000000  100.000000   6   5  52129   1
  76        293    0.000000   95.000000   6   5  52130   0
  77        294    0.000000   85.000000   6   5  52131   0
  78        295    0.000000   85.000000   6   5  52131   1
  79        296    0.000000   78.000000   6   5  52132   0
  80        297    0.000000   76.000000   6   5  52133   0
  81        298    0.000000   76.000000   6   5  52133   1
  82        299    0.000000   76.000000   6   5  52134   0
  83        300    0.000000   90.000000   6   5  52135   0
  84        301    0.000000   95.000000   6   5  52136   0
  85        302    0.000000  130.000000   6   5  52137   0
  86        303    0.000000  130.000000   6   5  52138   0
  87        304    0.000000  170.000000   6   5  52139   0
  88        305    0.000000  170.000000   6   5  52140   0
  89        306    0.000000  130.000000   6   5  53127   0
  90        307    0.000000  120.000000   6   5  53128   0
  91        308    0.000000  110.000000   6   5  53129   0
  92        309    0.000000  100.000000   6   5  53130   0
  93        310    0.000000  100.000000   6   5  53130   1
  94        311    0.000000   95.000000   6   5  53131   0
  95        312    0.000000   85.000000   6   5  53132   0
  96        313    0.000000   78.000000   6   5  53133   0
  97        314    0.000000   78.000000   6   5  53133   1
  98        315    0.000000   76.000000   6   5  53134   0
  99        316    0.000000   76.000000   6   5  53135   0
 100        317    0.000000   74.000000   6   5  53136   0
 101        318    0.000000   74.000000   6   5  53137   0
 102        319    0.000000   80.000000   6   5  53138   0
 103        320    0.000000   95.000000   6   5  53139   0
 104        321    0.000000  130.000000   6   5  53140   0
 105        322    0.000000  130.000000   6   5  53141   0
 106        323    0.000000  170.000000   6   5  53142   0
 107        324    0.000000  180.000000   6   5  53143   0
 108        325    0.000000  130.000000   6   5  54128   0
 109        326    0.000000  120.000000   6   5  54129   0
 110        327    0.000000  120.000000   6   5  54129   1
 111        328    0.000000  110.000000   6   5  54130   0
 112        329    0.000000  100.000000   6   5  54131   0
 113        330    0.000000  100.000000   6   5  54131   1
 114        331    0.000000   90.000000   6   5  54132   0
 115        332    0.000000   80.000000   6   5  54133   0
 116        333    0.000000   80.000000   6   5  54133   1
 117        334    0.000000   70.000000   6   5  54134   0
 118        335    0.000000   70.000000   6   5  54134   1
 119        336    0.000000   64.000000   6   5  54135   0
 120        337    0.000000   64.000000   6   5  54135   1
 121        338    0.000000   58.000000   6   5  54136   0
 122        339    0.000000   54.000000   6   5  54137   0
 123        340    0.000000   50.000000   6   5  54138   0
 124        341    0.000000   54.000000   6   5  54139   0
 125        342    0.000000   68.000000   6   5  54140   0
 126        343    0.000000   78.000000   6   5  54141   0
 127        344    0.000000   95.000000   6   5  54142   0
 128        345    0.000000  130.000000   6   5  54143   0
 129        346    0.000000  140.000000   6   5  54144   0
 130        347    0.000000  180.000000   6   5  54145   0
 131        348    0.000000  130.000000   6   5  55129   0
 132        349    0.000000  120.000000   6   5  55130   0
 133        350    0.000000  120.000000   6   5  55130   1
 134        351    0.000000  110.000000   6   5  55131   0
 135        352    0.000000  100.000000   6   5  55132   0
 136        353    0.000000   90.000000   6   5  55133   0
 137        354    0.000000   80.000000   6   5  55134   0
 138        355    0.000000   80.000000   6   5  55134   1
 139        356    0.000000   70.000000   6   5  55135   0
 140        357    0.000000   64.000000   6   5  55136   0
 141        358    0.000000   64.000000   6   5  55136   1
 142        359    0.000000   58.000000   6   5  55137   0
 143        360    0.000000   54.000000   6   5  55138   0
 144        361    0.000000   54.000000   6   5  55138   1
 145        362    0.000000   50.000000   6   5  55139   0
 146        363    0.000000   50.000000   6   5  55140   0
 147        364    0.000000   50.000000   6   5  55141   0
 148        365    0.000000   58.000000   6   5  55142   0
 149        366    0.000000   72.000000   6   5  55143   0
 150        367    0.000000   85.000000   6   5  55144   0
 151        368    0.000000  100.000000   6   5  55145   0
 152        369    0.000000  140.000000   6   5  55146   0
 153        370    0.000000  140.000000   6   5  56130   0
 154        371    0.000000  120.000000   6   5  56131   0
 155        372    0.000000  120.000000   6   5  56131   1
 156        373    0.000000  110.000000   6   5  56132   0
 157        374    0.000000  100.000000   6   5  56133   0
 158        375    0.000000  100.000000   6   5  56133   1
 159        376    0.000000   90.000000   6   5  56134   0
 160        377    0.000000   80.000000   6   5  56135   0
 161        378    0.000000   80.000000   6   5  56135   1
 162        379    0.000000   68.000000   6   5  56136   0
 163        380    0.000000   68.000000   6   5  56136   1
 164        381    0.000000   62.000000   6   5  56137   0
 165        382    0.000000   62.000000   6   5  56137   1
 166        383    0.000000   54.000000   6   5  56138   0
 167        384    0.000000   46.000000   6   5  56139   0
 168        385    0.000000   40.000000   6   5  56140   0
 169        386    0.000000   32.000000   6   5  56141   0
 170        387    0.000000   27.000000   6   5  56142   0
 171        388    0.000000   40.000000   6   5  56143   0
 172        389    0.000000   50.000000   6   5  56144   0
 173        390    0.000000   58.000000   6   5  56145   0
 174        391    0.000000   72.000000   6   5  56146   0
 175        392    0.000000   85.000000   6   5  56147   0
 176        393    0.000000  150.000000   6   5  56148   0
 177        394    0.000000  140.000000   6   5  57131   0
 178        395    0.000000  130.000000   6   5  57132   0
 179        396    0.000000  130.000000   6   5  57132   1
 180        397    0.000000  110.000000   6   5  57133   0
 181        398    0.000000  110.000000   6   5  57134   0
 182        399    0.000000   90.000000   6   5  57135   0
 183        400    0.000000   85.000000   6   5  57136   0
 184        401    0.000000   85.000000   6   5  57136   1
 185        402    0.000000   74.000000   6   5  57137   0
 186        403    0.000000   64.000000   6   5  57138   0
 187        404    0.000000   54.000000   6   5  57139   0
 188        405    0.000000   48.000000   6   5  57140   0
 189        406    0.000000   42.000000   6   5  57141   0
 190        407    0.000000   36.000000   6   5  57142   0
 191        408    0.000000   30.000000   6   5  57143   0
 192        409    0.000000   30.000000   6   5  57144   0
 193        410    0.000000   27.000000   6   5  57145   0
 194        411    0.000000   42.000000   6   5  57146   0
 195        412    0.000000   42.000000   6   5  57146   1
 196        413    0.000000   50.000000   6   5  57147   0
 197        414    0.000000   62.000000   6   5  57148   0
 198        415    0.000000   85.000000   6   5  57149   0
 199        416    0.000000  140.000000   6   5  58132   0
 200        417    0.000000  130.000000   6   5  58133   0
 201        418    0.000000  130.000000   6   5  58133   1
 202        419    0.000000  120.000000   6   5  58134   0
 203        420    0.000000  110.000000   6   5  58135   0
 204        421    0.000000  110.000000   6   5  58135   1
 205        422    0.000000   95.000000   6   5  58136   0
 206        423    0.000000   85.000000   6   5  58137   0
 207        424    0.000000   85.000000   6   5  58137   1
 208        425    0.000000   70.000000   6   5  58138   0
 209        426    0.000000   62.000000   6   5  58139   0
 210        427    0.000000   62.000000   6   5  58139   1
 211        428    0.000000   54.000000   6   5  58140   0
 212        429    0.000000   46.000000   6   5  58141   0
 213        430    0.000000   38.000000   6   5  58142   0
 214        431    0.000000   30.000000   6   5  58143   0
 215        432    0.000000   22.000000   6   5  58144   0
 216        433    0.000000   16.500000   6   5  58145   0
 217        434    0.000000    9.500000   6   5  58146   0
 218        435    0.000000   25.000000   6   5  58147   0
 219        436    0.000000   27.000000   6   5  58148   0
 220        437    0.000000   44.000000   6   5  58149   0
 221        438    0.000000   50.000000   6   5  58150   0
 222        439    0.000000  150.000000   6   5  59133   0
 223        440    0.000000  150.000000   6   5  59133   1
 224        441    0.000000  140.000000   6   5  59134   0
 225        442    0.000000  140.000000   6   5  59134   1
 226        443    0.000000  130.000000   6   5  59135   0
 227        444    0.000000  120.000000   6   5  59136   0
 228        445    0.000000  110.000000   6   5  59137   0
 229        446    0.000000   95.000000   6   5  59138   0
 230        447    0.000000   95.000000   6   5  59138   1
 231        448    0.000000   80.000000   6   5  59139   0
 232        449    0.000000   72.000000   6   5  59140   0
 233        450    0.000000   62.000000   6   5  59141   0
 234        461    0.000000   54.000000   6   5  59142   0
 235        462    0.000000   54.000000   6   5  59142   1
 236        463    0.000000   46.000000   6   5  59143   0
 237        464    0.000000   40.000000   6   5  59144   0
 238        465    0.000000   40.000000   6   5  59144   1
 239        466    0.000000   34.000000   6   5  59145   0
 240        467    0.000000   27.000000   6   5  59146   0
 241        468    0.000000   20.000000   6   5  59147   0
 242        469    0.000000   20.000000   6   5  59148   0
 243        470    0.000000   20.000000   6   5  59148   1
 244        471    0.000000   15.500000   6   5  59149   0
 245        472    0.000000   30.000000   6   5  59150   0
 246        473    0.000000   32.000000   6   5  59151   0
 247        474    0.000000  160.000000   6   5  60134   0
 248        475    0.000000  140.000000   6   5  60135   0
 249        476    0.000000  130.000000   6   5  60136   0
 250        477    0.000000  120.000000   6   5  60137   0
 251        478    0.000000  120.000000   6   5  60137   1
 252        479    0.000000  110.000000   6   5  60138   0
 253        480    0.000000   95.000000   6   5  60139   0
 254        481    0.000000   95.000000   6   5  60139   1
 255        482    0.000000   80.000000   6   5  60140   0
 256        483    0.000000   70.000000   6   5  60141   0
 257        484    0.000000   72.000000   6   5  60141   1
 258        485    0.000000   62.000000   6   5  60142   0
 259        486    0.000000   54.000000   6   5  60143   0
 260        487    0.000000   46.000000   6   5  60144   0
 261        488    0.000000   38.000000   6   5  60145   0
 262        489    0.000000   30.000000   6   5  60146   0
 263        490    0.000000   24.000000   6   5  60147   0
 264        491    0.000000   16.000000   6   5  60148   0
 265        492    0.000000   10.500000   6   5  60149   0
 266        493    0.000000    3.000000   6   5  60150   0
 267        494    0.000000   18.500000   6   5  60151   0
 268        495    0.000000   18.500000   6   5  60152   0
 269        496    0.000000  170.000000   6   5  61135   0
 270        497    0.000000  170.000000   6   5  61135   1
 271        498    0.000000  160.000000   6   5  61136   0
 272        499    0.000000  160.000000   6   5  61136   1
 273        500    0.000000  140.000000   6   5  61137   0
 274        501    0.000000  130.000000   6   5  61138   0
 275        502    0.000000  130.000000   6   5  61138   1
 276        503    0.000000  120.000000   6   5  61139   0
 277        504    0.000000  120.000000   6   5  61139   1
 278        505    0.000000  110.000000   6   5  61140   0
 279        506    0.000000  110.000000   6   5  61140   1
 280        507    0.000000   95.000000   6   5  61141   0
 281        508    0.000000   85.000000   6   5  61142   0
 282        509    0.000000   74.000000   6   5  61143   0
 283        510    0.000000   66.000000   6   5  61144   0
 284        511    0.000000   58.000000   6   5  61145   0
 285        512    0.000000   52.000000   6   5  61146   0
 286        513    0.000000   44.000000   6   5  61147   0
 287        514    0.000000   36.000000   6   5  61148   0
 288        515    0.000000   38.000000   6   5  61148   1
 289        516    0.000000   29.000000   6   5  61149   0
 290        517    0.000000   23.000000   6   5  61150   0
 291        518    0.000000   15.000000   6   5  61151   0
 292        519    0.000000   15.000000   6   5  61152   0
 293        520    0.000000    9.500000   6   5  61153   0
 294        521    0.000000  170.000000   6   5  62136   0
 295        522    0.000000  160.000000   6   5  62137   0
 296        523    0.000000  150.000000   6   5  62138   0
 297        524    0.000000  140.000000   6   5  62139   0
 298        525    0.000000  140.000000   6   5  62139   1
 299        526    0.000000  130.000000   6   5  62140   0
 300        527    0.000000  120.000000   6   5  62141   0
 301        528    0.000000  120.000000   6   5  62141   1
 302        529    0.000000  100.000000   6   5  62142   0
 303        530    0.000000   90.000000   6   5  62143   0
 304        531    0.000000   90.000000   6   5  62143   1
 305        532    0.000000   76.000000   6   5  62144   0
 306        533    0.000000   70.000000   6   5  62145   0
 307        534    0.000000   60.000000   6   5  62146   0
 308        535    0.000000   52.000000   6   5  62147   0
 309        536    0.000000   44.000000   6   5  62148   0
 310        537    0.000000   38.000000   6   5  62149   0
 311        538    0.000000   29.000000   6   5  62150   0
 312        539    0.000000   23.000000   6   5  62151   0
 313        540    0.000000   14.000000   6   5  62152   0
 314        541    0.000000    8.000000   6   5  62153   0
 315        542    0.000000    1.000000   6   5  62154   0
 
   p   ZAP IP   NR    Tp [MeV]
   1     1  1    1    7.966807
   2     0  2    1    1.000000
   3  1001  9    1    9.096323
   4  1002 31    1   14.336710
   5  1003 32    1   14.500000
   6  2003 33    1   18.500000
   7  2004 34    1    3.000000
--------------------------------------------------------------------------------
 
