 
--------------------------------------------------------------------------------
 63-Eu-153   T= 0.00 K from IAEA/PD-2019       (ACEMAKER)
 ZAID= 63153.38u  MAT=6331  ZA= 63153
 AWR= 151.607600  STA=  0  ELIS=   0.000 MeV  LIS=  0  LISO=  0
--------------------------------------------------------------------------------
 NTOTR= 132 NTRAN=   1 NPROD= 131 NE=      88 EMAX= 200.000 MeV
   i     MT/MTD     Q [MeV]     T [MeV] LMF  MT    ZAP LFS
   1          5    0.000000    1.000000   3   5
   2        219    0.000000  110.000000   6   5  54124   0
   3        220    0.000000  110.000000   6   5  54125   0
   4        221    0.000000  110.000000   6   5  54125   2
   5        222    0.000000  110.000000   6   5  54126   0
   6        223    0.000000  110.000000   6   5  54128   0
   7        224    0.000000  110.000000   6   5  56126   0
   8        225    0.000000  110.000000   6   5  56127   0
   9        226    0.000000  110.000000   6   5  56127   2
  10        227    0.000000  110.000000   6   5  56128   0
  11        228    0.000000  110.000000   6   5  57127   0
  12        229    0.000000  110.000000   6   5  57127   1
  13        230    0.000000  110.000000   6   5  57128   0
  14        231    0.000000  110.000000   6   5  57128   6
  15        232    0.000000  100.000000   6   5  57129   0
  16        233    0.000000  100.000000   6   5  57130   0
  17        234    0.000000  100.000000   6   5  57131   0
  18        235    0.000000  100.000000   6   5  57132   0
  19        236    0.000000  100.000000   6   5  57132   4
  20        237    0.000000  130.000000   6   5  58128   0
  21        238    0.000000  120.000000   6   5  58129   0
  22        239    0.000000  110.000000   6   5  58130   0
  23        240    0.000000  100.000000   6   5  58131   0
  24        241    0.000000  100.000000   6   5  58131   1
  25        242    0.000000  100.000000   6   5  58132   0
  26        243    0.000000   95.000000   6   5  58133   0
  27        244    0.000000   95.000000   6   5  58133   1
  28        245    0.000000   90.000000   6   5  58134   0
  29        246    0.000000   90.000000   6   5  58135   0
  30        247    0.000000   90.000000   6   5  58135   4
  31        248    0.000000  140.000000   6   5  59129   0
  32        249    0.000000  120.000000   6   5  59130   0
  33        250    0.000000  110.000000   6   5  59131   0
  34        251    0.000000  110.000000   6   5  59131   2
  35        252    0.000000  100.000000   6   5  59132   0
  36        253    0.000000   95.000000   6   5  59133   0
  37        254    0.000000   95.000000   6   5  59133   3
  38        255    0.000000   90.000000   6   5  59134   0
  39        256    0.000000   90.000000   6   5  59134   1
  40        257    0.000000   85.000000   6   5  59135   0
  41        258    0.000000   80.000000   6   5  59136   0
  42        259    0.000000   78.000000   6   5  59137   0
  43        260    0.000000   78.000000   6   5  59138   0
  44        261    0.000000   78.000000   6   5  59138   5
  45        262    0.000000   78.000000   6   5  59139   0
  46        263    0.000000  160.000000   6   5  60130   0
  47        264    0.000000  150.000000   6   5  60131   0
  48        265    0.000000  140.000000   6   5  60132   0
  49        266    0.000000  120.000000   6   5  60133   0
  50        267    0.000000  120.000000   6   5  60133   1
  51        268    0.000000  110.000000   6   5  60134   0
  52        269    0.000000  100.000000   6   5  60135   0
  53        270    0.000000   95.000000   6   5  60136   0
  54        271    0.000000   85.000000   6   5  60137   0
  55        272    0.000000   85.000000   6   5  60137   4
  56        273    0.000000   80.000000   6   5  60138   0
  57        274    0.000000   80.000000   6   5  60139   0
  58        275    0.000000   80.000000   6   5  60139   2
  59        276    0.000000   74.000000   6   5  60140   0
  60        277    0.000000   70.000000   6   5  60141   0
  61        278    0.000000   70.000000   6   5  60141   2
  62        279    0.000000   66.000000   6   5  60142   0
  63        280    0.000000   62.000000   6   5  60143   0
  64        281    0.000000   56.000000   6   5  60144   0
  65        282    0.000000   54.000000   6   5  60145   0
  66        283    0.000000  140.000000   6   5  61133   0
  67        284    0.000000  140.000000   6   5  61133   2
  68        285    0.000000  130.000000   6   5  61134   0
  69        286    0.000000  130.000000   6   5  61134   1
  70        287    0.000000  120.000000   6   5  61135   0
  71        288    0.000000  120.000000   6   5  61135   1
  72        289    0.000000  110.000000   6   5  61136   0
  73        290    0.000000  110.000000   6   5  61136   1
  74        291    0.000000   95.000000   6   5  61137   0
  75        292    0.000000   90.000000   6   5  61138   0
  76        293    0.000000   90.000000   6   5  61138   1
  77        294    0.000000   80.000000   6   5  61139   0
  78        295    0.000000   70.000000   6   5  61140   0
  79        296    0.000000   70.000000   6   5  61140  10
  80        297    0.000000   64.000000   6   5  61141   0
  81        298    0.000000   56.000000   6   5  61142   0
  82        299    0.000000   50.000000   6   5  61143   0
  83        300    0.000000   46.000000   6   5  61144   0
  84        301    0.000000   38.000000   6   5  61145   0
  85        302    0.000000   32.000000   6   5  61146   0
  86        303    0.000000   24.000000   6   5  61147   0
  87        304    0.000000   19.500000   6   5  61148   0
  88        305    0.000000   19.500000   6   5  61148   3
  89        306    0.000000    1.000000   6   5  61149   0
  90        307    0.000000   44.000000   6   5  61150   0
  91        308    0.000000  150.000000   6   5  62135   0
  92        309    0.000000  140.000000   6   5  62136   0
  93        310    0.000000  130.000000   6   5  62137   0
  94        311    0.000000  120.000000   6   5  62138   0
  95        312    0.000000  100.000000   6   5  62139   0
  96        313    0.000000  100.000000   6   5  62139   4
  97        314    0.000000   95.000000   6   5  62140   0
  98        315    0.000000   85.000000   6   5  62141   0
  99        316    0.000000   85.000000   6   5  62141   2
 100        317    0.000000   80.000000   6   5  62142   0
 101        318    0.000000   74.000000   6   5  62143   0
 102        319    0.000000   74.000000   6   5  62143   2
 103        320    0.000000   66.000000   6   5  62144   0
 104        321    0.000000   58.000000   6   5  62145   0
 105        322    0.000000   52.000000   6   5  62146   0
 106        323    0.000000   44.000000   6   5  62147   0
 107        324    0.000000   38.000000   6   5  62148   0
 108        325    0.000000   32.000000   6   5  62149   0
 109        326    0.000000   25.000000   6   5  62150   0
 110        327    0.000000   18.000000   6   5  62151   0
 111        328    0.000000   11.500000   6   5  62152   0
 112        329    0.000000  130.000000   6   5  63138   0
 113        330    0.000000  120.000000   6   5  63139   0
 114        331    0.000000  110.000000   6   5  63140   0
 115        332    0.000000  100.000000   6   5  63141   0
 116        333    0.000000  100.000000   6   5  63141   1
 117        334    0.000000   90.000000   6   5  63142   0
 118        335    0.000000   90.000000   6   5  63142   9
 119        336    0.000000   80.000000   6   5  63143   0
 120        337    0.000000   70.000000   6   5  63144   0
 121        338    0.000000   60.000000   6   5  63145   0
 122        339    0.000000   52.000000   6   5  63146   0
 123        340    0.000000   44.000000   6   5  63147   0
 124        341    0.000000   36.000000   6   5  63148   0
 125        342    0.000000   29.000000   6   5  63149   0
 126        343    0.000000   22.000000   6   5  63150   0
 127        344    0.000000   22.000000   6   5  63150   1
 128        345    0.000000   14.500000   6   5  63151   0
 129        346    0.000000    8.500000   6   5  63152   0
 130        347    0.000000    8.500000   6   5  63152   1
 131        348    0.000000    8.500000   6   5  63152  16
 132        349    0.000000    1.000000   6   5  63153   0
 
   p   ZAP IP   NR    Tp [MeV]
   1     1  1    1    8.500000
   2     0  2    1    1.000000
   3  1001  9    1    8.000000
   4  1002 31    1   13.500000
   5  1003 32    1   14.000000
   6  2003 33    1   21.000000
   7  2004 34    1    7.000000
--------------------------------------------------------------------------------
 
