 
--------------------------------------------------------------------------------
 67-Ho-165   T= 0.00 K from IAEA/PD-2019       (ACEMAKER)
 ZAID= 67165.38u  MAT=6725  ZA= 67165
 AWR= 163.513500  STA=  0  ELIS=   0.000 MeV  LIS=  0  LISO=  0
--------------------------------------------------------------------------------
 NTOTR= 183 NTRAN=  81 NPROD= 102 NE=     145 EMAX= 200.100 MeV
   i     MT/MTD     Q [MeV]     T [MeV] LMF  MT    ZAP LFS
   1          5   -0.243000    8.000000   3   5
   2         11  -19.863370   27.400000   3  11
   3         16  -14.662000   14.662000   3  16
   4         17  -23.070000   23.070000   3  17
   5         22   -7.557000   11.400000   3  22
   6         28  -13.877000   15.610000   3  28
   7         32  -17.924000   19.000000   3  32
   8         33  -19.863000   21.000000   3  33
   9         34  -20.437000   24.000000   3  34
  10         41  -20.148000   22.000000   3  41
  11         42  -28.344000   30.000000   3  42
  12         44  -21.872000   26.400000   3  44
  13         50   -7.988430    7.988430   3  50
  14         51   -8.025770    8.025770   3  51
  15         52   -8.082410    8.082410   3  52
  16         53   -8.128200    8.128200   3  53
  17         54   -8.154430    8.154430   3  54
  18         55   -8.177030    8.177030   3  55
  19         56   -8.179430    8.179430   3  56
  20         57   -8.192230    8.192230   3  57
  21         58   -8.222930    8.222930   3  58
  22         59   -8.249430    8.249430   3  59
  23         60   -8.263430    8.263430   3  60
  24         61   -8.282430    8.282430   3  61
  25         62   -8.285730    8.285730   3  62
  26         63   -8.306430    8.306430   3  63
  27         64   -8.331230    8.331230   3  64
  28         65   -8.355430    8.355430   3  65
  29         66   -8.382430    8.382430   3  66
  30         67   -8.409430    8.409430   3  67
  31         68   -8.418330    8.418330   3  68
  32         69   -8.441030    8.441030   3  69
  33         70   -8.474430    8.474430   3  70
  34         71   -8.487430    8.487430   3  71
  35         72   -8.546430    8.546430   3  72
  36         73   -8.569430    8.569430   3  73
  37         91   -8.569000    8.569000   3  91
  38        102    0.000000    5.000000   3 102
  39        104  -11.653000   13.100000   3 104
  40        105  -11.667000   13.100000   3 105
  41        106  -14.154000   17.600000   3 106
  42        111  -14.880000   19.000000   3 111
  43        112   -6.669000   12.400000   3 112
  44        115  -19.648000   24.000000   3 115
  45        116  -19.674000   24.000000   3 116
  46        600   -6.219030    8.000000   3 600
  47        601   -6.292422    7.000000   3 601
  48        602   -6.461261    8.000000   3 602
  49        603   -6.720352    8.400000   3 603
  50        604   -6.980850    8.400000   3 604
  51        605   -7.047220    8.400000   3 605
  52        606   -7.062710    9.000000   3 606
  53        607   -7.135030    8.400000   3 607
  54        608   -7.195920    8.400000   3 608
  55        609   -7.243670    8.400000   3 609
  56        610   -7.258330    8.400000   3 610
  57        611   -7.341800    9.000000   3 611
  58        612   -7.374780    9.000000   3 612
  59        613   -7.385030    9.000000   3 613
  60        614   -7.444170    9.000000   3 614
  61        615   -7.480330    9.400000   3 615
  62        616   -7.521630    9.400000   3 616
  63        649   -7.521600    8.400000   3 649
  64        800    0.140070    5.000000   3 800
  65        801    0.083781    5.000000   3 801
  66        802    0.006389    5.000000   3 802
  67        803   -0.090650    5.000000   3 803
  68        804   -0.174844    5.000000   3 804
  69        805   -0.254294    5.000000   3 805
  70        806   -0.277158    5.000000   3 806
  71        807   -0.340060    5.000000   3 807
  72        808   -0.348710    5.000000   3 808
  73        809   -0.358930    5.000000   3 809
  74        810   -0.379930    5.000000   3 810
  75        811   -0.417930    5.000000   3 811
  76        812   -0.443930    5.000000   3 812
  77        813   -0.445706    5.000000   3 813
  78        814   -0.461930    5.000000   3 814
  79        815   -0.497930    5.000000   3 815
  80        816   -0.557930    5.000000   3 816
  81        849   -0.558000    5.000000   3 849
  82        219   -7.988430    8.000000  10   4  67164   0
  83        220   -8.128200    8.128200  10   4  67164   1
  84        221  -44.611740  140.000000  10   5  56137   0
  85        222  -36.000310  100.100000  10   5  56138   0
  86        223  -38.224230  100.100000  10   5  57139   0
  87        224  -33.062800  120.000000  10   5  57140   0
  88        225  -26.374370  100.100000  10   5  57141   0
  89        226  -21.206940  100.100000  10   5  57142   0
  90        227  -59.098670  140.000000  10   5  58139   0
  91        228  -49.897240  120.000000  10   5  58140   0
  92        229  -44.468810  120.000000  10   5  58141   0
  93        230  -37.299380   90.000000  10   5  58142   0
  94        231  -32.154950  100.100000  10   5  58143   0
  95        232  -25.258520  100.100000  10   5  58144   0
  96        233  -20.526090  100.100000  10   5  58145   0
  97        234  -53.152160  100.100000  10   5  59141   0
  98        235  -47.309730  100.100000  10   5  59142   0
  99        236  -39.957300  100.100000  10   5  59143   0
 100        237  -34.203870   90.000000  10   5  59144   0
 101        238  -27.256440   80.000000  10   5  59145   0
 102        239  -22.055010   80.000000  10   5  59146   0
 103        240  -15.278580   70.000000  10   5  59147   0
 104        241  -10.192150   70.000000  10   5  59148   0
 105        242  -59.619740  100.100000  10   5  60143   0
 106        243  -51.803310   90.000000  10   5  60144   0
 107        244  -46.046880   90.000000  10   5  60145   0
 108        245  -38.481450   90.000000  10   5  60146   0
 109        246  -33.190020   80.000000  10   5  60147   0
 110        247  -25.856590   70.000000  10   5  60148   0
 111        248  -20.818160   70.000000  10   5  60149   0
 112        249  -13.437730   70.000000  10   5  60150   0
 113        250  -14.360630   70.000000  10   5  60151   0
 114        251  -69.926090  140.000000  10   5  61143   0
 115        252  -63.398660  120.000000  10   5  61144   0
 116        253  -55.474230  100.100000  10   5  61145   0
 117        254  -49.217800   90.000000  10   5  61146   0
 118        255  -41.558370   80.000000  10   5  61147   0
 119        256  -35.660940   70.000000  10   5  61148   0
 120        257  -28.391510   60.000000  10   5  61149   0
 121        258  -22.789080   55.000000  10   5  61150   0
 122        259  -14.925650   45.000000  10   5  61151   0
 123        260  -68.272240  120.000000  10   5  62146   0
 124        261  -61.930810  100.100000  10   5  62147   0
 125        262  -53.788380   80.000000  10   5  62148   0
 126        263  -47.916950   80.000000  10   5  62149   0
 127        264  -39.931520   70.000000  10   5  62150   0
 128        265  -34.335090   60.000000  10   5  62151   0
 129        266  -26.076660   55.000000  10   5  62152   0
 130        267   -7.673890   43.000000  10   5  62156   0
 131        268  -72.916160  140.000000  10   5  63147   0
 132        269  -66.160730  100.100000  10   5  63148   0
 133        270  -57.877300   90.000000  10   5  63149   0
 134        271  -51.455870   80.000000  10   5  63150   0
 135        272  -43.522440   70.000000  10   5  63151   0
 136        273  -37.216010   60.000000  10   5  63152   0
 137        274  -28.665580   45.000000  10   5  63153   0
 138        275  -22.223150   41.000000  10   5  63154   0
 139        276  -15.048250   35.000000  10   5  63158   0
 140        277  -79.786740  120.000000  10   5  64149   0
 141        278  -71.081300  100.100000  10   5  64150   0
 142        279  -64.582880   90.000000  10   5  64151   0
 143        280  -55.993450   70.000000  10   5  64152   0
 144        281  -49.746020   60.000000  10   5  64153   0
 145        282  -40.851590   55.000000  10   5  64154   0
 146        283  -34.416160   45.000000  10   5  64155   0
 147        284  -25.879730   39.000000  10   5  64156   0
 148        285  -19.519300   33.000000  10   5  64157   0
 149        286  -11.581870   23.400000  10   5  64158   0
 150        287  -21.611350   37.000000  10   5  64161   0
 151        288  -76.412230  140.000000  10   5  65151   0
 152        289  -69.247800  120.000000  10   5  65152   0
 153        290  -60.579370   80.000000  10   5  65153   0
 154        291  -53.677940   60.000000  10   5  65154   0
 155        292  -44.501510   50.100000  10   5  65155   0
 156        293  -37.588080   44.000000  10   5  65156   0
 157        294  -28.843650   34.000000  10   5  65157   0
 158        295  -12.054000   12.054000  10   5  65161   0
 159        296  -74.028380  100.100000  10   5  66154   0
 160        297  -67.192940   80.000000  10   5  66155   0
 161        298  -57.751520   60.000000  10   5  66156   0
 162        299  -50.782090   60.000000  10   5  66157   0
 163        300  -41.725660   45.000000  10   5  66158   0
 164        301  -11.823000   40.000000  10   5  66159   0
 165        302  -11.655000   30.400000  10   5  66160   0
 166        303  -62.586440   70.000000  10   5  67157   0
 167        304  -55.220010   55.220010  10   5  67158   0
 168        305  -45.996580   45.996580  10   5  67159   0
 169        306  -38.872150   39.000000  10   5  67160   0
 170        307   -7.557000   35.000000  10  22  65160   0
 171        308   -8.985220   45.000000  10  23  61152   0
 172        309  -13.932000   18.000000  10  24  65159   0
 173        310  -13.657000   26.400000  10  25  65158   0
 174        311   -7.734290   25.410000  10  29  63156   0
 175        312  -14.071720   31.000000  10  30  63155   0
 176        313  -12.241800   45.000000  10  35  62154   0
 177        314  -20.209230   50.100000  10  36  62153   0
 178        315  -29.985000   29.985000  10  37  67161   0
 179        316   -0.243000   24.000000  10  45  64159   0
 180        317   -0.285860   18.000000  10 108  63157   0
 181        318   -1.493790   60.000000  10 109  61153   0
 182        319   -6.669000   42.000000  10 112  64160   0
 183        320  -12.691700   45.000000  10 114  62155   0
 
   p   ZAP IP   NR    Tp [MeV]
   1     1  1   37    7.988430
   2     0  2   77    5.000000
   3  1001  9   27    7.000000
   4  1002 31    5    8.000000
   5  1003 32    4    8.000000
   6  2003 33    3    8.000000
   7  2004 34   21    5.000000
--------------------------------------------------------------------------------
 
