 
--------------------------------------------------------------------------------
 69-Tm-169   T= 0.00 K from IAEA/PD-2019       (ACEMAKER)
 ZAID= 69169.38u  MAT=6925  ZA= 69169
 AWR= 167.483000  STA=  0  ELIS=   0.000 MeV  LIS=  0  LISO=  0
--------------------------------------------------------------------------------
 NTOTR= 219 NTRAN= 136 NPROD=  83 NE=     191 EMAX= 200.000 MeV
   i     MT/MTD     Q [MeV]     T [MeV] LMF  MT    ZAP LFS
   1          5    1.340140    5.000000   3   5
   2         11  -19.772370   27.000000   3  11
   3         16  -14.873000   14.873000   3  16
   4         17  -23.600000   23.600000   3  17
   5         22   -6.788000   10.400000   3  22
   6         28  -13.343000   15.000000   3  28
   7         32  -17.555000   19.000000   3  32
   8         33  -19.772000   21.000000   3  33
   9         34  -19.377000   23.000000   3  34
  10         41  -19.779000   21.000000   3  41
  11         42  -28.253000   30.000000   3  42
  12         44  -20.851000   25.400000   3  44
  13         50   -8.033430    8.033430   3  50
  14         51   -8.036430    8.036430   3  51
  15         52   -8.050430    8.050430   3  52
  16         53   -8.074430    8.074430   3  53
  17         54   -8.080430    8.080430   3  54
  18         55   -8.097740    8.097740   3  55
  19         56   -8.113430    8.113430   3  56
  20         57   -8.145430    8.145430   3  57
  21         58   -8.178180    8.178180   3  58
  22         59   -8.181880    8.181880   3  59
  23         60   -8.200430    8.200430   3  60
  24         61   -8.212160    8.212160   3  61
  25         62   -8.218430    8.218430   3  62
  26         63   -8.226710    8.226710   3  63
  27         64   -8.232630    8.232630   3  64
  28         65   -8.237080    8.237080   3  65
  29         66   -8.237430    8.237430   3  66
  30         67   -8.262500    8.262500   3  67
  31         68   -8.263430    8.263430   3  68
  32         69   -8.268430    8.268430   3  69
  33         70   -8.275390    8.275390   3  70
  34         71   -8.275530    8.275530   3  71
  35         72   -8.280430    8.280430   3  72
  36         73   -8.341130    8.341130   3  73
  37         74   -8.346430    8.346430   3  74
  38         75   -8.347490    8.347490   3  75
  39         76   -8.358430    8.358430   3  76
  40         77   -8.361190    8.361190   3  77
  41         78   -8.371280    8.371280   3  78
  42         79   -8.380430    8.380430   3  79
  43         80   -8.382390    8.382390   3  80
  44         81   -8.391430    8.391430   3  81
  45         82   -8.399430    8.399430   3  82
  46         83   -8.416430    8.416430   3  83
  47         84   -8.425080    8.425080   3  84
  48         85   -8.425480    8.425480   3  85
  49         86   -8.426230    8.426230   3  86
  50         87   -8.472430    8.472430   3  87
  51         88   -8.475700    8.475700   3  88
  52         89   -8.479770    8.479770   3  89
  53         91   -8.479340    8.479340   3  91
  54        102    0.000000    5.000000   3 102
  55        104  -11.119000   12.600000   3 104
  56        105  -11.298000   13.000000   3 105
  57        106  -13.133000   16.600000   3 106
  58        111  -13.567000   18.400000   3 111
  59        112   -5.019000   11.000000   3 112
  60        115  -18.627000   23.800000   3 115
  61        116  -18.614000   23.800000   3 116
  62        600   -5.572030    7.100000   3 600
  63        601   -5.651834    7.100000   3 601
  64        602   -5.836119    7.100000   3 602
  65        603   -6.120777    8.000000   3 603
  66        604   -6.393199    8.000000   3 604
  67        605   -6.467825    8.000000   3 605
  68        607   -6.566777    8.400000   3 607
  69        608   -6.666068    8.600000   3 608
  70        609   -6.689600    8.600000   3 609
  71        610   -6.765055    8.600000   3 610
  72        611   -6.789199    8.400000   3 611
  73        612   -6.835935    8.600000   3 612
  74        613   -6.838100    8.600000   3 613
  75        614   -6.848302    8.400000   3 614
  76        615   -6.883491    8.600000   3 615
  77        616   -6.930929    8.600000   3 616
  78        618   -6.975766    8.600000   3 618
  79        619   -6.983126    8.600000   3 619
  80        620   -6.994150    8.600000   3 620
  81        621   -7.003496    8.600000   3 621
  82        622   -7.004981    9.000000   3 622
  83        623   -7.020986    9.000000   3 623
  84        624   -7.065163    8.600000   3 624
  85        625   -7.113586    9.000000   3 625
  86        626   -7.113739    9.000000   3 626
  87        627   -7.141483    8.600000   3 627
  88        628   -7.146147    9.000000   3 628
  89        629   -7.177880    9.000000   3 629
  90        630   -7.187372    9.000000   3 630
  91        631   -7.188836    9.000000   3 631
  92        633   -7.201728    9.000000   3 633
  93        634   -7.205493    9.000000   3 634
  94        635   -7.225579    8.600000   3 635
  95        636   -7.228304    9.000000   3 636
  96        637   -7.280023    9.000000   3 637
  97        638   -7.291209    9.000000   3 638
  98        639   -7.308718    9.000000   3 639
  99        649   -7.308688    8.000000   3 649
 100        800    1.200070    5.000000   3 800
 101        801    1.105370    5.000000   3 801
 102        802    0.990266    5.000000   3 802
 103        803    0.855170    5.000000   3 803
 104        804    0.838395    5.000000   3 804
 105        805    0.780526    5.000000   3 805
 106        806    0.770682    5.000000   3 806
 107        807    0.750811    5.000000   3 807
 108        808    0.709023    5.000000   3 808
 109        809    0.700670    5.000000   3 809
 110        810    0.684594    5.000000   3 810
 111        811    0.661059    5.000000   3 811
 112        812    0.633270    5.000000   3 812
 113        813    0.610270    5.000000   3 813
 114        814    0.598470    5.000000   3 814
 115        815    0.561570    5.000000   3 815
 116        817    0.518870    5.000000   3 817
 117        818    0.511270    5.000000   3 818
 118        819    0.498070    5.000000   3 819
 119        820    0.496270    5.000000   3 820
 120        821    0.484740    5.000000   3 821
 121        822    0.469170    5.000000   3 822
 122        823    0.456070    5.000000   3 823
 123        824    0.409270    5.000000   3 824
 124        825    0.397770    5.000000   3 825
 125        826    0.380270    5.000000   3 826
 126        827    0.379960    5.000000   3 827
 127        828    0.372870    5.000000   3 828
 128        829    0.358270    5.000000   3 829
 129        831    0.329170    5.000000   3 831
 130        832    0.254370    5.000000   3 832
 131        833    0.244470    5.000000   3 833
 132        834    0.231370    5.000000   3 834
 133        835    0.228170    5.000000   3 835
 134        836    0.213970    5.000000   3 836
 135        837    0.204980    5.000000   3 837
 136        849    0.202200    5.000000   3 849
 137        219  -26.056370  120.000000  10   5  59145   0
 138        220  -44.846810  120.000000  10   5  60145   0
 139        221  -37.281380  100.000000  10   5  60146   0
 140        222  -31.989950  100.000000  10   5  60147   0
 141        223  -24.656520  100.000000  10   5  60148   0
 142        224  -19.618090  100.000000  10   5  60149   0
 143        225  -48.017730  120.000000  10   5  61146   0
 144        226  -40.358300  120.000000  10   5  61147   0
 145        227  -34.460870  100.000000  10   5  61148   0
 146        228  -27.191440  100.000000  10   5  61149   0
 147        229  -21.589010   90.000000  10   5  61150   0
 148        230  -13.725580   70.000000  10   5  61151   0
 149        231   -7.785150   70.000000  10   5  61152   0
 150        232   -0.293720   80.000000  10   5  61153   0
 151        233  -52.588310  100.000000  10   5  62148   0
 152        234  -46.716880  100.000000  10   5  62149   0
 153        235  -38.731450   90.000000  10   5  62150   0
 154        236  -33.135020   80.000000  10   5  62151   0
 155        237  -24.876590   70.000000  10   5  62152   0
 156        238  -19.009160   70.000000  10   5  62153   0
 157        239  -11.041730   60.000000  10   5  62154   0
 158        240  -11.491630   60.000000  10   5  62155   0
 159        241  -56.677230  120.000000  10   5  63149   0
 160        242  -50.255800  120.000000  10   5  63150   0
 161        243  -42.322370  100.000000  10   5  63151   0
 162        244  -36.015940   90.000000  10   5  63152   0
 163        245  -27.465510   60.000000  10   5  63153   0
 164        246  -21.023080   55.000000  10   5  63154   0
 165        247  -12.871650   45.000000  10   5  63155   0
 166        248  -13.848180   55.000000  10   5  63158   0
 167        249  -63.382810  100.000000  10   5  64151   0
 168        250  -54.793380   90.000000  10   5  64152   0
 169        251  -48.545950   80.000000  10   5  64153   0
 170        252  -39.651520   70.000000  10   5  64154   0
 171        253  -33.216090   60.000000  10   5  64155   0
 172        254  -24.679660   55.000000  10   5  64156   0
 173        255   -5.468890   42.000000  10   5  64160   0
 174        256  -20.411280   55.000000  10   5  64161   0
 175        257  -59.379300  100.000000  10   5  65153   0
 176        258  -52.477870  100.000000  10   5  65154   0
 177        259  -43.301440   60.000000  10   5  65155   0
 178        260  -36.388010   60.000000  10   5  65156   0
 179        261  -27.643580   45.000000  10   5  65157   0
 180        262  -20.866150   38.000000  10   5  65158   0
 181        263  -12.954250   32.000000  10   5  65162   0
 182        264  -13.679990   44.000000  10   5  65163   0
 183        265  -65.992880   90.000000  10   5  66155   0
 184        266  -56.551450   70.000000  10   5  66156   0
 185        267  -49.582020   60.000000  10   5  66157   0
 186        268  -40.525590   55.000000  10   5  66158   0
 187        269  -33.694160   45.000000  10   5  66159   0
 188        270  -25.117730   38.000000  10   5  66160   0
 189        271  -18.663300   31.000000  10   5  66161   0
 190        272  -10.466870   21.000000  10   5  66162   0
 191        273  -19.881350   35.000000  10   5  66165   0
 192        274  -54.019940   60.000000  10   5  67158   0
 193        275  -44.796510   50.000000  10   5  67159   0
 194        276  -37.672080   43.000000  10   5  67160   0
 195        277  -28.786650   34.000000  10   5  67161   0
 196        278  -11.528000   11.528000  10   5  67165   0
 197        279  -68.161950   80.000000  10   5  68159   0
 198        280  -58.597520   70.000000  10   5  68160   0
 199        281  -51.386090   60.000000  10   5  68161   0
 200        282  -42.171660   45.000000  10   5  68162   0
 201        283  -11.668000   40.000000  10   5  68163   0
 202        284  -11.548000   31.000000  10   5  68164   0
 203        285  -56.276010   56.276010  10   5  69162   0
 204        286  -46.972580   46.972580  10   5  69163   0
 205        287  -39.649150   40.000000  10   5  69164   0
 206        288   -6.788000   35.000000  10  22  67164   0
 207        289   -6.534220   44.000000  10  23  63156   0
 208        290  -13.462000   17.800000  10  24  67163   0
 209        291  -13.143000   26.000000  10  25  67162   0
 210        292   -6.357290   23.800000  10  29  65160   0
 211        293  -12.732720   30.000000  10  30  65159   0
 212        294  -10.381800   43.000000  10  35  64158   0
 213        295  -18.319230   45.000000  10  36  64157   0
 214        296  -30.627000   30.627000  10  37  69165   0
 215        297    0.666000   21.000000  10  45  66163   0
 216        298    1.340140   15.000000  10 108  65161   0
 217        299    0.914210   45.000000  10 109  63157   0
 218        300   -5.019000   40.000000  10 112  66164   0
 219        301  -10.695700   41.000000  10 114  64159   0
 
   p   ZAP IP   NR    Tp [MeV]
   1     1  1   53    5.000000
   2     0  2  127    5.000000
   3  1001  9   16    5.000000
   4  1002 31    5    5.000000
   5  1003 32    4    5.000000
   6  2003 33    3    5.000000
   7  2004 34   20    5.000000
--------------------------------------------------------------------------------
 
