 
--------------------------------------------------------------------------------
  7-N - 15   T= 0.00 K from IAEA/PD-2019       (ACEMAKER)
 ZAID=  7015.38u  MAT= 728  ZA=  7015
 AWR=  14.871250  STA=  0  ELIS=   0.000 MeV  LIS=  0  LISO=  0
--------------------------------------------------------------------------------
 NTOTR=  17 NTRAN=   1 NPROD=  16 NE=      86 EMAX= 140.000 MeV
   i     MT/MTD     Q [MeV]     T [MeV] LMF  MT    ZAP LFS
   1          5    0.000000   10.960000   3   5
   2        219    0.000000   50.000000   6   5   5008   0
   3        220    0.000000   38.000000   6   5   5009   0
   4        221    0.000000   23.000000   6   5   5010   0
   5        222    0.000000   11.500000   6   5   5011   0
   6        223    0.000000   36.000000   6   5   5012   0
   7        224    0.000000   31.039100   6   5   5013   0
   8        225    0.000000   68.000000   6   5   6009   0
   9        226    0.000000   46.690300   6   5   6010   0
  10        227    0.000000   42.000000   6   5   6011   0
  11        228    0.000000   15.000000   6   5   6012   0
  12        229    0.000000   16.500000   6   5   6013   0
  13        230    0.000000   10.960000   6   5   6014   0
  14        231    0.000000   57.074000   6   5   7011   0
  15        232    0.000000   41.450700   6   5   7012   0
  16        233    0.000000   21.386800   6   5   7013   0
  17        234    0.000000   10.960000   6   5   7014   0
 
   p   ZAP IP   NR    Tp [MeV]
   1     1  1    1   10.960000
   2     0  2    1   10.960000
   3  1001  9    1   10.960000
   4  1002 31    1   16.500000
   5  1003 32    1   15.000000
   6  2004 34    1   11.500000
--------------------------------------------------------------------------------
 
