 
--------------------------------------------------------------------------------
 71-Lu-175   T= 0.00 K from IAEA/PD-2019       (ACEMAKER)
 ZAID= 71175.38u  MAT=7125  ZA= 71175
 AWR= 173.438000  STA=  0  ELIS=   0.000 MeV  LIS=  0  LISO=  0
--------------------------------------------------------------------------------
 NTOTR= 131 NTRAN=   1 NPROD= 130 NE=      88 EMAX= 200.000 MeV
   i     MT/MTD     Q [MeV]     T [MeV] LMF  MT    ZAP LFS
   1          5    0.000000    1.000000   3   5
   2        219    0.000000  120.000000   6   5  64148   0
   3        220    0.000000  120.000000   6   5  64149   0
   4        221    0.000000  120.000000   6   5  65149   0
   5        222    0.000000  120.000000   6   5  65149   1
   6        223    0.000000  120.000000   6   5  65150   0
   7        224    0.000000  120.000000   6   5  65150   2
   8        225    0.000000  120.000000   6   5  65151   0
   9        226    0.000000  120.000000   6   5  65151   3
  10        227    0.000000  120.000000   6   5  66150   0
  11        228    0.000000  120.000000   6   5  66151   0
  12        229    0.000000  120.000000   6   5  66152   0
  13        230    0.000000  120.000000   6   5  66153   0
  14        231    0.000000  120.000000   6   5  66154   0
  15        232    0.000000  120.000000   6   5  66155   0
  16        233    0.000000  120.000000   6   5  67151   0
  17        234    0.000000  120.000000   6   5  67151   1
  18        235    0.000000  120.000000   6   5  67152   0
  19        236    0.000000  120.000000   6   5  67152   1
  20        237    0.000000  110.000000   6   5  67153   0
  21        238    0.000000  110.000000   6   5  67153   1
  22        239    0.000000  100.000000   6   5  67154   0
  23        240    0.000000  100.000000   6   5  67154   2
  24        241    0.000000  100.000000   6   5  67155   0
  25        242    0.000000  100.000000   6   5  67156   0
  26        243    0.000000  100.000000   6   5  67156   1
  27        244    0.000000  100.000000   6   5  67156   8
  28        245    0.000000  100.000000   6   5  67157   0
  29        246    0.000000  140.000000   6   5  68152   0
  30        247    0.000000  130.000000   6   5  68153   0
  31        248    0.000000  120.000000   6   5  68154   0
  32        249    0.000000  110.000000   6   5  68155   0
  33        250    0.000000  100.000000   6   5  68156   0
  34        251    0.000000  100.000000   6   5  68157   0
  35        252    0.000000   90.000000   6   5  68158   0
  36        253    0.000000   85.000000   6   5  68159   0
  37        254    0.000000   85.000000   6   5  68160   0
  38        255    0.000000   85.000000   6   5  68161   0
  39        256    0.000000   80.000000   6   5  68162   0
  40        257    0.000000   80.000000   6   5  68163   0
  41        258    0.000000   78.000000   6   5  68164   0
  42        259    0.000000   76.000000   6   5  68165   0
  43        260    0.000000   76.000000   6   5  68166   0
  44        261    0.000000   76.000000   6   5  68167   0
  45        262    0.000000   76.000000   6   5  68167   3
  46        263    0.000000   95.000000   6   5  68168   0
  47        264    0.000000   95.000000   6   5  68169   0
  48        265    0.000000   95.000000   6   5  68170   0
  49        266    0.000000  150.000000   6   5  69153   0
  50        267    0.000000  150.000000   6   5  69153   1
  51        268    0.000000  140.000000   6   5  69154   0
  52        269    0.000000  140.000000   6   5  69154   2
  53        270    0.000000  130.000000   6   5  69155   0
  54        271    0.000000  130.000000   6   5  69155   1
  55        272    0.000000  120.000000   6   5  69156   0
  56        273    0.000000  110.000000   6   5  69157   0
  57        274    0.000000  100.000000   6   5  69158   0
  58        275    0.000000  100.000000   6   5  69158   2
  59        276    0.000000   95.000000   6   5  69159   0
  60        277    0.000000   85.000000   6   5  69160   0
  61        278    0.000000   85.000000   6   5  69160   2
  62        279    0.000000   80.000000   6   5  69161   0
  63        280    0.000000   74.000000   6   5  69162   0
  64        281    0.000000   74.000000   6   5  69162   4
  65        282    0.000000   66.000000   6   5  69163   0
  66        283    0.000000   62.000000   6   5  69164   0
  67        284    0.000000   62.000000   6   5  69164   5
  68        285    0.000000   58.000000   6   5  69165   0
  69        286    0.000000   52.000000   6   5  69166   0
  70        287    0.000000   46.000000   6   5  69167   0
  71        288    0.000000   42.000000   6   5  69168   0
  72        289    0.000000   42.000000   6   5  69169   0
  73        290    0.000000   42.000000   6   5  69170   0
  74        291    0.000000    1.000000   6   5  69171   0
  75        292    0.000000   44.000000   6   5  69172   0
  76        293    0.000000   42.000000   6   5  69173   0
  77        294    0.000000  190.000000   6   5  70154   0
  78        295    0.000000  160.000000   6   5  70155   0
  79        296    0.000000  140.000000   6   5  70156   0
  80        297    0.000000  130.000000   6   5  70157   0
  81        298    0.000000  120.000000   6   5  70158   0
  82        299    0.000000  110.000000   6   5  70159   0
  83        300    0.000000  100.000000   6   5  70160   0
  84        301    0.000000  100.000000   6   5  70161   0
  85        302    0.000000   90.000000   6   5  70162   0
  86        303    0.000000   80.000000   6   5  70163   0
  87        304    0.000000   76.000000   6   5  70164   0
  88        305    0.000000   70.000000   6   5  70165   0
  89        306    0.000000   66.000000   6   5  70166   0
  90        307    0.000000   60.000000   6   5  70167   0
  91        308    0.000000   54.000000   6   5  70168   0
  92        309    0.000000   46.000000   6   5  70169   0
  93        310    0.000000   46.000000   6   5  70169   1
  94        311    0.000000   40.000000   6   5  70170   0
  95        312    0.000000   32.000000   6   5  70171   0
  96        313    0.000000   26.000000   6   5  70172   0
  97        314    0.000000   17.500000   6   5  70173   0
  98        315    0.000000   12.000000   6   5  70174   0
  99        316    0.000000  180.000000   6   5  71155   0
 100        317    0.000000  160.000000   6   5  71156   0
 101        318    0.000000  150.000000   6   5  71157   0
 102        319    0.000000  150.000000   6   5  71157   1
 103        320    0.000000  140.000000   6   5  71158   0
 104        321    0.000000  130.000000   6   5  71159   0
 105        322    0.000000  120.000000   6   5  71160   0
 106        323    0.000000  120.000000   6   5  71160   1
 107        324    0.000000  110.000000   6   5  71161   0
 108        325    0.000000  100.000000   6   5  71162   0
 109        326    0.000000  100.000000   6   5  71162   5
 110        327    0.000000  100.000000   6   5  71162   7
 111        328    0.000000   95.000000   6   5  71163   0
 112        329    0.000000   85.000000   6   5  71164   0
 113        330    0.000000   78.000000   6   5  71165   0
 114        331    0.000000   72.000000   6   5  71166   0
 115        332    0.000000   72.000000   6   5  71166   1
 116        333    0.000000   72.000000   6   5  71166   2
 117        334    0.000000   62.000000   6   5  71167   0
 118        335    0.000000   62.000000   6   5  71167   1
 119        336    0.000000   54.000000   6   5  71168   0
 120        337    0.000000   54.000000   6   5  71168   1
 121        338    0.000000   44.000000   6   5  71169   0
 122        339    0.000000   44.000000   6   5  71169   1
 123        340    0.000000   38.000000   6   5  71170   0
 124        341    0.000000   29.000000   6   5  71171   0
 125        342    0.000000   29.000000   6   5  71171   1
 126        343    0.000000   22.000000   6   5  71172   0
 127        344    0.000000   22.000000   6   5  71172   1
 128        345    0.000000   14.000000   6   5  71173   0
 129        346    0.000000    7.500000   6   5  71174   0
 130        347    0.000000    7.500000   6   5  71174   3
 131        348    0.000000    1.000000   6   5  71175   0
 
   p   ZAP IP   NR    Tp [MeV]
   1     1  1    1    7.500000
   2     0  2    1    1.000000
   3  1001  9    1    8.000000
   4  1002 31    1   13.000000
   5  1003 32    1   14.000000
   6  2003 33    1   20.000000
   7  2004 34    1    6.000000
--------------------------------------------------------------------------------
 
