 
--------------------------------------------------------------------------------
 72-Hf-177   T= 0.00 K from IAEA/PD-2019       (ACEMAKER)
 ZAID= 72177.38u  MAT=7234  ZA= 72177
 AWR= 175.423200  STA=  0  ELIS=   0.000 MeV  LIS=  0  LISO=  0
--------------------------------------------------------------------------------
 NTOTR= 312 NTRAN=   1 NPROD= 311 NE=     129 EMAX= 200.000 MeV
   i     MT/MTD     Q [MeV]     T [MeV] LMF  MT    ZAP LFS
   1          5    0.000000    1.000000   3   5
   2        219    0.000000  160.000000   6   5  57144   0
   3        220    0.000000  160.000000   6   5  57145   0
   4        221    0.000000  160.000000   6   5  57146   0
   5        222    0.000000  160.000000   6   5  57146   1
   6        223    0.000000  160.000000   6   5  57147   0
   7        224    0.000000  160.000000   6   5  57148   0
   8        225    0.000000  160.000000   6   5  57149   0
   9        226    0.000000  190.000000   6   5  57150   0
  10        227    0.000000  190.000000   6   5  57151   0
  11        228    0.000000  140.000000   6   5  58145   0
  12        229    0.000000  140.000000   6   5  58146   0
  13        230    0.000000  130.000000   6   5  58147   0
  14        231    0.000000  130.000000   6   5  58148   0
  15        232    0.000000  130.000000   6   5  58149   0
  16        233    0.000000  130.000000   6   5  58150   0
  17        234    0.000000  160.000000   6   5  58151   0
  18        235    0.000000  160.000000   6   5  58152   0
  19        236    0.000000  190.000000   6   5  58153   0
  20        237    0.000000  190.000000   6   5  58154   0
  21        238    0.000000  140.000000   6   5  59146   0
  22        239    0.000000  140.000000   6   5  59147   0
  23        240    0.000000  130.000000   6   5  59148   0
  24        241    0.000000  130.000000   6   5  59148   1
  25        242    0.000000  130.000000   6   5  59149   0
  26        243    0.000000  130.000000   6   5  59150   0
  27        244    0.000000  130.000000   6   5  59151   0
  28        245    0.000000  130.000000   6   5  59152   0
  29        246    0.000000  130.000000   6   5  59153   0
  30        247    0.000000  160.000000   6   5  59154   0
  31        248    0.000000  160.000000   6   5  59155   0
  32        249    0.000000  190.000000   6   5  59156   0
  33        250    0.000000  190.000000   6   5  59157   0
  34        251    0.000000  130.000000   6   5  60147   0
  35        252    0.000000  120.000000   6   5  60148   0
  36        253    0.000000  120.000000   6   5  60149   0
  37        254    0.000000  110.000000   6   5  60150   0
  38        255    0.000000  110.000000   6   5  60151   0
  39        256    0.000000  100.000000   6   5  60152   0
  40        257    0.000000  100.000000   6   5  60153   0
  41        258    0.000000  100.000000   6   5  60154   0
  42        259    0.000000  120.000000   6   5  60155   0
  43        260    0.000000  120.000000   6   5  60156   0
  44        261    0.000000  150.000000   6   5  60157   0
  45        262    0.000000  150.000000   6   5  60158   0
  46        263    0.000000  190.000000   6   5  60159   0
  47        264    0.000000  190.000000   6   5  60160   0
  48        265    0.000000  130.000000   6   5  61148   0
  49        266    0.000000  130.000000   6   5  61148   1
  50        267    0.000000  120.000000   6   5  61149   0
  51        268    0.000000  120.000000   6   5  61150   0
  52        269    0.000000  110.000000   6   5  61151   0
  53        270    0.000000  110.000000   6   5  61152   0
  54        271    0.000000  100.000000   6   5  61153   0
  55        272    0.000000  100.000000   6   5  61154   0
  56        273    0.000000  100.000000   6   5  61154   1
  57        274    0.000000   95.000000   6   5  61155   0
  58        275    0.000000   95.000000   6   5  61156   0
  59        276    0.000000   95.000000   6   5  61157   0
  60        277    0.000000  120.000000   6   5  61158   0
  61        278    0.000000  120.000000   6   5  61159   0
  62        279    0.000000  150.000000   6   5  61160   0
  63        280    0.000000  160.000000   6   5  61161   0
  64        281    0.000000  190.000000   6   5  61162   0
  65        282    0.000000  130.000000   6   5  62149   0
  66        283    0.000000  120.000000   6   5  62150   0
  67        284    0.000000  110.000000   6   5  62151   0
  68        285    0.000000  100.000000   6   5  62152   0
  69        286    0.000000   95.000000   6   5  62153   0
  70        287    0.000000   85.000000   6   5  62154   0
  71        288    0.000000   78.000000   6   5  62155   0
  72        289    0.000000   72.000000   6   5  62156   0
  73        290    0.000000   72.000000   6   5  62157   0
  74        291    0.000000   72.000000   6   5  62158   0
  75        292    0.000000   95.000000   6   5  62159   0
  76        293    0.000000   95.000000   6   5  62160   0
  77        294    0.000000  120.000000   6   5  62161   0
  78        295    0.000000  120.000000   6   5  62162   0
  79        296    0.000000  160.000000   6   5  62163   0
  80        297    0.000000  160.000000   6   5  62164   0
  81        298    0.000000  130.000000   6   5  63150   0
  82        299    0.000000  130.000000   6   5  63150   1
  83        300    0.000000  120.000000   6   5  63151   0
  84        301    0.000000  110.000000   6   5  63152   0
  85        302    0.000000  110.000000   6   5  63152   1
  86        303    0.000000  110.000000   6   5  63152   2
  87        304    0.000000  100.000000   6   5  63153   0
  88        305    0.000000   95.000000   6   5  63154   0
  89        306    0.000000   95.000000   6   5  63154   1
  90        307    0.000000   85.000000   6   5  63155   0
  91        308    0.000000   78.000000   6   5  63156   0
  92        309    0.000000   72.000000   6   5  63157   0
  93        310    0.000000   72.000000   6   5  63158   0
  94        311    0.000000   70.000000   6   5  63159   0
  95        312    0.000000   68.000000   6   5  63160   0
  96        313    0.000000   70.000000   6   5  63161   0
  97        314    0.000000   95.000000   6   5  63162   0
  98        315    0.000000   95.000000   6   5  63163   0
  99        316    0.000000  120.000000   6   5  63164   0
 100        317    0.000000  130.000000   6   5  63165   0
 101        318    0.000000  160.000000   6   5  63166   0
 102        319    0.000000  170.000000   6   5  63167   0
 103        320    0.000000  130.000000   6   5  64151   0
 104        321    0.000000  120.000000   6   5  64152   0
 105        322    0.000000  110.000000   6   5  64153   0
 106        323    0.000000  100.000000   6   5  64154   0
 107        324    0.000000   90.000000   6   5  64155   0
 108        325    0.000000   80.000000   6   5  64156   0
 109        326    0.000000   72.000000   6   5  64157   0
 110        327    0.000000   64.000000   6   5  64158   0
 111        328    0.000000   56.000000   6   5  64159   0
 112        329    0.000000   50.000000   6   5  64160   0
 113        330    0.000000   46.000000   6   5  64161   0
 114        331    0.000000   50.000000   6   5  64162   0
 115        332    0.000000   66.000000   6   5  64163   0
 116        333    0.000000   68.000000   6   5  64164   0
 117        334    0.000000   95.000000   6   5  64165   0
 118        335    0.000000   95.000000   6   5  64166   0
 119        336    0.000000  130.000000   6   5  64167   0
 120        337    0.000000  130.000000   6   5  64168   0
 121        338    0.000000  170.000000   6   5  64169   0
 122        339    0.000000  130.000000   6   5  65152   0
 123        340    0.000000  130.000000   6   5  65152   1
 124        341    0.000000  120.000000   6   5  65153   0
 125        342    0.000000  110.000000   6   5  65154   0
 126        343    0.000000  110.000000   6   5  65154   1
 127        344    0.000000  100.000000   6   5  65155   0
 128        345    0.000000   90.000000   6   5  65156   0
 129        346    0.000000   90.000000   6   5  65156   1
 130        347    0.000000   90.000000   6   5  65156   2
 131        348    0.000000   80.000000   6   5  65157   0
 132        349    0.000000   74.000000   6   5  65158   0
 133        350    0.000000   74.000000   6   5  65158   1
 134        351    0.000000   64.000000   6   5  65159   0
 135        352    0.000000   56.000000   6   5  65160   0
 136        353    0.000000   50.000000   6   5  65161   0
 137        354    0.000000   46.000000   6   5  65162   0
 138        355    0.000000   46.000000   6   5  65163   0
 139        356    0.000000   44.000000   6   5  65164   0
 140        357    0.000000   52.000000   6   5  65165   0
 141        358    0.000000   64.000000   6   5  65166   0
 142        359    0.000000   70.000000   6   5  65167   0
 143        360    0.000000   95.000000   6   5  65168   0
 144        361    0.000000  100.000000   6   5  65169   0
 145        362    0.000000  130.000000   6   5  65170   0
 146        363    0.000000  140.000000   6   5  66153   0
 147        364    0.000000  130.000000   6   5  66154   0
 148        365    0.000000  120.000000   6   5  66155   0
 149        366    0.000000  100.000000   6   5  66156   0
 150        367    0.000000   95.000000   6   5  66157   0
 151        368    0.000000   80.000000   6   5  66158   0
 152        369    0.000000   72.000000   6   5  66159   0
 153        370    0.000000   62.000000   6   5  66160   0
 154        371    0.000000   54.000000   6   5  66161   0
 155        372    0.000000   46.000000   6   5  66162   0
 156        373    0.000000   38.000000   6   5  66163   0
 157        374    0.000000   29.000000   6   5  66164   0
 158        375    0.000000   22.000000   6   5  66165   0
 159        376    0.000000   22.000000   6   5  66165   1
 160        377    0.000000   34.000000   6   5  66166   0
 161        378    0.000000   42.000000   6   5  66167   0
 162        379    0.000000   50.000000   6   5  66168   0
 163        380    0.000000   64.000000   6   5  66169   0
 164        381    0.000000   68.000000   6   5  66170   0
 165        382    0.000000  100.000000   6   5  66171   0
 166        383    0.000000  140.000000   6   5  67154   0
 167        384    0.000000  140.000000   6   5  67154   1
 168        385    0.000000  130.000000   6   5  67155   0
 169        386    0.000000  120.000000   6   5  67156   0
 170        387    0.000000  120.000000   6   5  67156   1
 171        388    0.000000  110.000000   6   5  67157   0
 172        389    0.000000   95.000000   6   5  67158   0
 173        390    0.000000   95.000000   6   5  67158   1
 174        391    0.000000   95.000000   6   5  67158   2
 175        392    0.000000   85.000000   6   5  67159   0
 176        393    0.000000   85.000000   6   5  67159   1
 177        394    0.000000   78.000000   6   5  67160   0
 178        395    0.000000   78.000000   6   5  67160   1
 179        396    0.000000   78.000000   6   5  67160   2
 180        397    0.000000   68.000000   6   5  67161   0
 181        398    0.000000   68.000000   6   5  67161   1
 182        399    0.000000   60.000000   6   5  67162   0
 183        400    0.000000   60.000000   6   5  67162   1
 184        401    0.000000   50.000000   6   5  67163   0
 185        402    0.000000   50.000000   6   5  67163   1
 186        403    0.000000   42.000000   6   5  67164   0
 187        404    0.000000   42.000000   6   5  67164   1
 188        405    0.000000   34.000000   6   5  67165   0
 189        406    0.000000   28.000000   6   5  67166   0
 190        407    0.000000   28.000000   6   5  67166   1
 191        408    0.000000   25.000000   6   5  67167   0
 192        409    0.000000   21.000000   6   5  67168   0
 193        410    0.000000   21.000000   6   5  67168   1
 194        411    0.000000   34.000000   6   5  67169   0
 195        412    0.000000   42.000000   6   5  67170   0
 196        413    0.000000   42.000000   6   5  67170   1
 197        414    0.000000   52.000000   6   5  67171   0
 198        415    0.000000   68.000000   6   5  67172   0
 199        416    0.000000  150.000000   6   5  68155   0
 200        417    0.000000  130.000000   6   5  68156   0
 201        418    0.000000  120.000000   6   5  68157   0
 202        419    0.000000  110.000000   6   5  68158   0
 203        420    0.000000  100.000000   6   5  68159   0
 204        421    0.000000   85.000000   6   5  68160   0
 205        422    0.000000   76.000000   6   5  68161   0
 206        423    0.000000   66.000000   6   5  68162   0
 207        424    0.000000   56.000000   6   5  68163   0
 208        425    0.000000   48.000000   6   5  68164   0
 209        426    0.000000   38.000000   6   5  68165   0
 210        427    0.000000   29.000000   6   5  68166   0
 211        428    0.000000   21.000000   6   5  68167   0
 212        429    0.000000   21.000000   6   5  68167   1
 213        430    0.000000   12.500000   6   5  68168   0
 214        431    0.000000    6.000000   6   5  68169   0
 215        432    0.000000   19.500000   6   5  68170   0
 216        433    0.000000   21.000000   6   5  68171   0
 217        434    0.000000   36.000000   6   5  68172   0
 218        435    0.000000   42.000000   6   5  68173   0
 219        436    0.000000  150.000000   6   5  69156   0
 220        437    0.000000  140.000000   6   5  69157   0
 221        438    0.000000  130.000000   6   5  69158   0
 222        439    0.000000  130.000000   6   5  69158   1
 223        440    0.000000  120.000000   6   5  69159   0
 224        441    0.000000  110.000000   6   5  69160   0
 225        442    0.000000  110.000000   6   5  69160   1
 226        443    0.000000   95.000000   6   5  69161   0
 227        444    0.000000   85.000000   6   5  69162   0
 228        445    0.000000   90.000000   6   5  69162   1
 229        446    0.000000   76.000000   6   5  69163   0
 230        447    0.000000   68.000000   6   5  69164   0
 231        448    0.000000   68.000000   6   5  69164   1
 232        449    0.000000   58.000000   6   5  69165   0
 233        450    0.000000   50.000000   6   5  69166   0
 234        461    0.000000   50.000000   6   5  69166   1
 235        462    0.000000   40.000000   6   5  69167   0
 236        463    0.000000   32.000000   6   5  69168   0
 237        464    0.000000   24.000000   6   5  69169   0
 238        465    0.000000   17.000000   6   5  69170   0
 239        466    0.000000   15.000000   6   5  69171   0
 240        467    0.000000   10.500000   6   5  69172   0
 241        468    0.000000   24.000000   6   5  69173   0
 242        469    0.000000   26.000000   6   5  69174   0
 243        470    0.000000  160.000000   6   5  70157   0
 244        471    0.000000  150.000000   6   5  70158   0
 245        472    0.000000  130.000000   6   5  70159   0
 246        473    0.000000  120.000000   6   5  70160   0
 247        474    0.000000  110.000000   6   5  70161   0
 248        475    0.000000  100.000000   6   5  70162   0
 249        476    0.000000   85.000000   6   5  70163   0
 250        477    0.000000   76.000000   6   5  70164   0
 251        478    0.000000   66.000000   6   5  70165   0
 252        479    0.000000   56.000000   6   5  70166   0
 253        480    0.000000   48.000000   6   5  70167   0
 254        481    0.000000   38.000000   6   5  70168   0
 255        482    0.000000   30.000000   6   5  70169   0
 256        483    0.000000   32.000000   6   5  70169   1
 257        484    0.000000   22.000000   6   5  70170   0
 258        485    0.000000   15.000000   6   5  70171   0
 259        486    0.000000    6.500000   6   5  70172   0
 260        487    0.000000    1.000000   6   5  70173   0
 261        488    0.000000   13.000000   6   5  70174   0
 262        489    0.000000   14.500000   6   5  70175   0
 263        490    0.000000  170.000000   6   5  71158   0
 264        491    0.000000  160.000000   6   5  71159   0
 265        492    0.000000  150.000000   6   5  71160   0
 266        493    0.000000  150.000000   6   5  71160   1
 267        494    0.000000  140.000000   6   5  71161   0
 268        495    0.000000  130.000000   6   5  71162   0
 269        496    0.000000  120.000000   6   5  71163   0
 270        497    0.000000  110.000000   6   5  71164   0
 271        498    0.000000   95.000000   6   5  71165   0
 272        499    0.000000   85.000000   6   5  71166   0
 273        500    0.000000   85.000000   6   5  71166   1
 274        501    0.000000   85.000000   6   5  71166   2
 275        502    0.000000   72.000000   6   5  71167   0
 276        503    0.000000   72.000000   6   5  71167   1
 277        504    0.000000   64.000000   6   5  71168   0
 278        505    0.000000   64.000000   6   5  71168   1
 279        506    0.000000   54.000000   6   5  71169   0
 280        507    0.000000   54.000000   6   5  71169   1
 281        508    0.000000   46.000000   6   5  71170   0
 282        509    0.000000   46.000000   6   5  71170   1
 283        510    0.000000   36.000000   6   5  71171   0
 284        511    0.000000   36.000000   6   5  71171   1
 285        512    0.000000   29.000000   6   5  71172   0
 286        513    0.000000   29.000000   6   5  71172   1
 287        514    0.000000   20.000000   6   5  71173   0
 288        515    0.000000   13.000000   6   5  71174   0
 289        516    0.000000   13.000000   6   5  71174   1
 290        517    0.000000   11.500000   6   5  71175   0
 291        518    0.000000    7.500000   6   5  71176   0
 292        519    0.000000    7.500000   6   5  71176   1
 293        520    0.000000  180.000000   6   5  72159   0
 294        521    0.000000  170.000000   6   5  72160   0
 295        522    0.000000  160.000000   6   5  72161   0
 296        523    0.000000  140.000000   6   5  72162   0
 297        524    0.000000  130.000000   6   5  72163   0
 298        525    0.000000  120.000000   6   5  72164   0
 299        526    0.000000  110.000000   6   5  72165   0
 300        527    0.000000   95.000000   6   5  72166   0
 301        528    0.000000   90.000000   6   5  72167   0
 302        529    0.000000   74.000000   6   5  72168   0
 303        530    0.000000   66.000000   6   5  72169   0
 304        531    0.000000   56.000000   6   5  72170   0
 305        532    0.000000   48.000000   6   5  72171   0
 306        533    0.000000   48.000000   6   5  72171   1
 307        534    0.000000   38.000000   6   5  72172   0
 308        535    0.000000   32.000000   6   5  72173   0
 309        536    0.000000   22.000000   6   5  72174   0
 310        537    0.000000   15.000000   6   5  72175   0
 311        538    0.000000    6.500000   6   5  72176   0
 312        539    0.000000    1.000000   6   5  72177   0
 
   p   ZAP IP   NR    Tp [MeV]
   1     1  1    1    6.000000
   2     0  2    1    1.000000
   3  1001  9    1    7.000000
   4  1002 31    1   11.500000
   5  1003 32    1   13.000000
   6  2003 33    1   13.000000
   7  2004 34    1    1.000000
--------------------------------------------------------------------------------
 
