 
--------------------------------------------------------------------------------
 75-Re-185   T= 0.00 K from IAEA/PD-2019       (ACEMAKER)
 ZAID= 75185.38u  MAT=7525  ZA= 75185
 AWR= 183.364100  STA=  0  ELIS=   0.000 MeV  LIS=  0  LISO=  0
--------------------------------------------------------------------------------
 NTOTR= 302 NTRAN=   2 NPROD= 300 NE=     133 EMAX= 200.000 MeV
   i     MT/MTD     Q [MeV]     T [MeV] LMF  MT    ZAP LFS
   1          5    0.000000    1.000000   3   5
   2         18  124.560000   23.000000   3  18
   3        219    0.000000  160.000000   6   5  60152   0
   4        220    0.000000  160.000000   6   5  60153   0
   5        221    0.000000  160.000000   6   5  60154   0
   6        222    0.000000  160.000000   6   5  60155   0
   7        223    0.000000  160.000000   6   5  60156   0
   8        224    0.000000  180.000000   6   5  60157   0
   9        225    0.000000  180.000000   6   5  60158   0
  10        226    0.000000  140.000000   6   5  61153   0
  11        227    0.000000  130.000000   6   5  61154   0
  12        228    0.000000  130.000000   6   5  61154   1
  13        229    0.000000  130.000000   6   5  61155   0
  14        230    0.000000  130.000000   6   5  61156   0
  15        231    0.000000  130.000000   6   5  61157   0
  16        232    0.000000  150.000000   6   5  61158   0
  17        233    0.000000  150.000000   6   5  61159   0
  18        234    0.000000  180.000000   6   5  61160   0
  19        235    0.000000  180.000000   6   5  61161   0
  20        236    0.000000  140.000000   6   5  62154   0
  21        237    0.000000  130.000000   6   5  62155   0
  22        238    0.000000  130.000000   6   5  62156   0
  23        239    0.000000  130.000000   6   5  62157   0
  24        240    0.000000  130.000000   6   5  62158   0
  25        241    0.000000  130.000000   6   5  62159   0
  26        242    0.000000  130.000000   6   5  62160   0
  27        243    0.000000  150.000000   6   5  62161   0
  28        244    0.000000  150.000000   6   5  62162   0
  29        245    0.000000  180.000000   6   5  62163   0
  30        246    0.000000  180.000000   6   5  62164   0
  31        247    0.000000  130.000000   6   5  63155   0
  32        248    0.000000  120.000000   6   5  63156   0
  33        249    0.000000  110.000000   6   5  63157   0
  34        250    0.000000  110.000000   6   5  63158   0
  35        251    0.000000  100.000000   6   5  63159   0
  36        252    0.000000  100.000000   6   5  63160   0
  37        253    0.000000  100.000000   6   5  63161   0
  38        254    0.000000  120.000000   6   5  63162   0
  39        255    0.000000  120.000000   6   5  63163   0
  40        256    0.000000  150.000000   6   5  63164   0
  41        257    0.000000  150.000000   6   5  63165   0
  42        258    0.000000  180.000000   6   5  63166   0
  43        259    0.000000  180.000000   6   5  63167   0
  44        260    0.000000  130.000000   6   5  64156   0
  45        261    0.000000  120.000000   6   5  64157   0
  46        262    0.000000  110.000000   6   5  64158   0
  47        263    0.000000  110.000000   6   5  64159   0
  48        264    0.000000  100.000000   6   5  64160   0
  49        265    0.000000  100.000000   6   5  64161   0
  50        266    0.000000   95.000000   6   5  64162   0
  51        267    0.000000   95.000000   6   5  64163   0
  52        268    0.000000   95.000000   6   5  64164   0
  53        269    0.000000  120.000000   6   5  64165   0
  54        270    0.000000  120.000000   6   5  64166   0
  55        271    0.000000  150.000000   6   5  64167   0
  56        272    0.000000  150.000000   6   5  64168   0
  57        273    0.000000  180.000000   6   5  64169   0
  58        274    0.000000  130.000000   6   5  65157   0
  59        275    0.000000  120.000000   6   5  65158   0
  60        276    0.000000  120.000000   6   5  65158   1
  61        277    0.000000  110.000000   6   5  65159   0
  62        278    0.000000  100.000000   6   5  65160   0
  63        279    0.000000   90.000000   6   5  65161   0
  64        280    0.000000   85.000000   6   5  65162   0
  65        281    0.000000   76.000000   6   5  65163   0
  66        282    0.000000   74.000000   6   5  65164   0
  67        283    0.000000   74.000000   6   5  65165   0
  68        284    0.000000   80.000000   6   5  65166   0
  69        285    0.000000   90.000000   6   5  65167   0
  70        286    0.000000  120.000000   6   5  65168   0
  71        287    0.000000  120.000000   6   5  65169   0
  72        288    0.000000  150.000000   6   5  65170   0
  73        289    0.000000  150.000000   6   5  65171   0
  74        290    0.000000  130.000000   6   5  66158   0
  75        291    0.000000  120.000000   6   5  66159   0
  76        292    0.000000  110.000000   6   5  66160   0
  77        293    0.000000  100.000000   6   5  66161   0
  78        294    0.000000   90.000000   6   5  66162   0
  79        295    0.000000   85.000000   6   5  66163   0
  80        296    0.000000   76.000000   6   5  66164   0
  81        297    0.000000   74.000000   6   5  66165   0
  82        298    0.000000   74.000000   6   5  66165   1
  83        299    0.000000   72.000000   6   5  66166   0
  84        300    0.000000   70.000000   6   5  66167   0
  85        301    0.000000   70.000000   6   5  66168   0
  86        302    0.000000   74.000000   6   5  66169   0
  87        303    0.000000   85.000000   6   5  66170   0
  88        304    0.000000  110.000000   6   5  66171   0
  89        305    0.000000  120.000000   6   5  66172   0
  90        306    0.000000  150.000000   6   5  66173   0
  91        307    0.000000  130.000000   6   5  67159   0
  92        308    0.000000  130.000000   6   5  67159   1
  93        309    0.000000  120.000000   6   5  67160   0
  94        310    0.000000  120.000000   6   5  67160   1
  95        311    0.000000  120.000000   6   5  67160   2
  96        312    0.000000  110.000000   6   5  67161   0
  97        313    0.000000  110.000000   6   5  67161   1
  98        314    0.000000  100.000000   6   5  67162   0
  99        315    0.000000  100.000000   6   5  67162   1
 100        316    0.000000   90.000000   6   5  67163   0
 101        317    0.000000   90.000000   6   5  67163   1
 102        318    0.000000   78.000000   6   5  67164   0
 103        319    0.000000   78.000000   6   5  67164   1
 104        320    0.000000   70.000000   6   5  67165   0
 105        321    0.000000   62.000000   6   5  67166   0
 106        322    0.000000   62.000000   6   5  67166   1
 107        323    0.000000   54.000000   6   5  67167   0
 108        324    0.000000   50.000000   6   5  67168   0
 109        325    0.000000   50.000000   6   5  67168   1
 110        326    0.000000   48.000000   6   5  67169   0
 111        327    0.000000   52.000000   6   5  67170   0
 112        328    0.000000   54.000000   6   5  67170   1
 113        329    0.000000   64.000000   6   5  67171   0
 114        330    0.000000   72.000000   6   5  67172   0
 115        331    0.000000   85.000000   6   5  67173   0
 116        332    0.000000  120.000000   6   5  67174   0
 117        333    0.000000  120.000000   6   5  67175   0
 118        334    0.000000  130.000000   6   5  68160   0
 119        335    0.000000  120.000000   6   5  68161   0
 120        336    0.000000  110.000000   6   5  68162   0
 121        337    0.000000  100.000000   6   5  68163   0
 122        338    0.000000   90.000000   6   5  68164   0
 123        339    0.000000   78.000000   6   5  68165   0
 124        340    0.000000   70.000000   6   5  68166   0
 125        341    0.000000   62.000000   6   5  68167   0
 126        342    0.000000   62.000000   6   5  68167   1
 127        343    0.000000   54.000000   6   5  68168   0
 128        344    0.000000   50.000000   6   5  68169   0
 129        345    0.000000   48.000000   6   5  68170   0
 130        346    0.000000   46.000000   6   5  68171   0
 131        347    0.000000   44.000000   6   5  68172   0
 132        348    0.000000   50.000000   6   5  68173   0
 133        349    0.000000   64.000000   6   5  68174   0
 134        350    0.000000   72.000000   6   5  68175   0
 135        351    0.000000   90.000000   6   5  68176   0
 136        352    0.000000  120.000000   6   5  68177   0
 137        353    0.000000  140.000000   6   5  69161   0
 138        354    0.000000  130.000000   6   5  69162   0
 139        355    0.000000  130.000000   6   5  69162   1
 140        356    0.000000  110.000000   6   5  69163   0
 141        357    0.000000  100.000000   6   5  69164   0
 142        358    0.000000  100.000000   6   5  69164   1
 143        359    0.000000   90.000000   6   5  69165   0
 144        360    0.000000   80.000000   6   5  69166   0
 145        361    0.000000   80.000000   6   5  69166   1
 146        362    0.000000   70.000000   6   5  69167   0
 147        363    0.000000   60.000000   6   5  69168   0
 148        364    0.000000   52.000000   6   5  69169   0
 149        365    0.000000   44.000000   6   5  69170   0
 150        366    0.000000   36.000000   6   5  69171   0
 151        367    0.000000   29.000000   6   5  69172   0
 152        368    0.000000   23.000000   6   5  69173   0
 153        369    0.000000   34.000000   6   5  69174   0
 154        370    0.000000   44.000000   6   5  69175   0
 155        371    0.000000   52.000000   6   5  69176   0
 156        372    0.000000   66.000000   6   5  69177   0
 157        373    0.000000   76.000000   6   5  69178   0
 158        374    0.000000  120.000000   6   5  69179   0
 159        375    0.000000  140.000000   6   5  70162   0
 160        376    0.000000  130.000000   6   5  70163   0
 161        377    0.000000  110.000000   6   5  70164   0
 162        378    0.000000  100.000000   6   5  70165   0
 163        379    0.000000   90.000000   6   5  70166   0
 164        380    0.000000   85.000000   6   5  70167   0
 165        381    0.000000   74.000000   6   5  70168   0
 166        382    0.000000   66.000000   6   5  70169   0
 167        383    0.000000   66.000000   6   5  70169   1
 168        384    0.000000   56.000000   6   5  70170   0
 169        385    0.000000   48.000000   6   5  70171   0
 170        386    0.000000   40.000000   6   5  70172   0
 171        387    0.000000   34.000000   6   5  70173   0
 172        388    0.000000   26.000000   6   5  70174   0
 173        389    0.000000   26.000000   6   5  70175   0
 174        390    0.000000   22.000000   6   5  70176   0
 175        391    0.000000   22.000000   6   5  70176   1
 176        392    0.000000   34.000000   6   5  70177   0
 177        393    0.000000   36.000000   6   5  70177   1
 178        394    0.000000   46.000000   6   5  70178   0
 179        395    0.000000   52.000000   6   5  70179   0
 180        396    0.000000   76.000000   6   5  70180   0
 181        397    0.000000  150.000000   6   5  71163   0
 182        398    0.000000  140.000000   6   5  71164   0
 183        399    0.000000  120.000000   6   5  71165   0
 184        400    0.000000  110.000000   6   5  71166   0
 185        401    0.000000  110.000000   6   5  71166   1
 186        402    0.000000  110.000000   6   5  71166   2
 187        403    0.000000  100.000000   6   5  71167   0
 188        404    0.000000  100.000000   6   5  71167   1
 189        405    0.000000   90.000000   6   5  71168   0
 190        406    0.000000   90.000000   6   5  71168   1
 191        407    0.000000   74.000000   6   5  71169   0
 192        408    0.000000   74.000000   6   5  71169   1
 193        409    0.000000   66.000000   6   5  71170   0
 194        410    0.000000   66.000000   6   5  71170   1
 195        411    0.000000   56.000000   6   5  71171   0
 196        412    0.000000   56.000000   6   5  71171   1
 197        413    0.000000   48.000000   6   5  71172   0
 198        414    0.000000   48.000000   6   5  71172   1
 199        415    0.000000   38.000000   6   5  71173   0
 200        416    0.000000   30.000000   6   5  71174   0
 201        417    0.000000   30.000000   6   5  71174   1
 202        418    0.000000   21.000000   6   5  71175   0
 203        419    0.000000   13.500000   6   5  71176   0
 204        420    0.000000   13.500000   6   5  71176   1
 205        421    0.000000    6.500000   6   5  71177   0
 206        422    0.000000    8.500000   6   5  71177   1
 207        423    0.000000   20.000000   6   5  71178   0
 208        424    0.000000   21.000000   6   5  71178   1
 209        425    0.000000   22.000000   6   5  71179   0
 210        426    0.000000   36.000000   6   5  71180   0
 211        427    0.000000   46.000000   6   5  71181   0
 212        428    0.000000  150.000000   6   5  72164   0
 213        429    0.000000  140.000000   6   5  72165   0
 214        430    0.000000  130.000000   6   5  72166   0
 215        431    0.000000  120.000000   6   5  72167   0
 216        432    0.000000  110.000000   6   5  72168   0
 217        433    0.000000   95.000000   6   5  72169   0
 218        434    0.000000   85.000000   6   5  72170   0
 219        435    0.000000   74.000000   6   5  72171   0
 220        436    0.000000   74.000000   6   5  72171   1
 221        437    0.000000   64.000000   6   5  72172   0
 222        438    0.000000   56.000000   6   5  72173   0
 223        439    0.000000   46.000000   6   5  72174   0
 224        440    0.000000   40.000000   6   5  72175   0
 225        441    0.000000   30.000000   6   5  72176   0
 226        442    0.000000   23.000000   6   5  72177   0
 227        443    0.000000   15.500000   6   5  72178   0
 228        444    0.000000   17.000000   6   5  72178   1
 229        445    0.000000   15.000000   6   5  72179   0
 230        446    0.000000   15.500000   6   5  72179   1
 231        447    0.000000    9.000000   6   5  72180   0
 232        448    0.000000   10.500000   6   5  72180   1
 233        449    0.000000   24.000000   6   5  72181   0
 234        450    0.000000   25.000000   6   5  72182   0
 235        461    0.000000   27.000000   6   5  72182   1
 236        462    0.000000  160.000000   6   5  73165   0
 237        463    0.000000  150.000000   6   5  73166   0
 238        464    0.000000  140.000000   6   5  73167   0
 239        465    0.000000  120.000000   6   5  73168   0
 240        466    0.000000  110.000000   6   5  73169   0
 241        467    0.000000  100.000000   6   5  73170   0
 242        468    0.000000   90.000000   6   5  73171   0
 243        469    0.000000   76.000000   6   5  73172   0
 244        470    0.000000   66.000000   6   5  73173   0
 245        471    0.000000   56.000000   6   5  73174   0
 246        472    0.000000   48.000000   6   5  73175   0
 247        473    0.000000   40.000000   6   5  73176   0
 248        474    0.000000   30.000000   6   5  73177   0
 249        475    0.000000   23.000000   6   5  73178   0
 250        476    0.000000   23.000000   6   5  73178   1
 251        477    0.000000   15.000000   6   5  73179   0
 252        478    0.000000    8.000000   6   5  73180   0
 253        479    0.000000    8.500000   6   5  73180   1
 254        480    0.000000    1.000000   6   5  73181   0
 255        481    0.000000   15.000000   6   5  73182   0
 256        482    0.000000   15.000000   6   5  73182   1
 257        483    0.000000   15.000000   6   5  73182   2
 258        484    0.000000   15.000000   6   5  73183   0
 259        485    0.000000  170.000000   6   5  74166   0
 260        486    0.000000  160.000000   6   5  74167   0
 261        487    0.000000  150.000000   6   5  74168   0
 262        488    0.000000  140.000000   6   5  74169   0
 263        489    0.000000  120.000000   6   5  74170   0
 264        490    0.000000  110.000000   6   5  74171   0
 265        491    0.000000  100.000000   6   5  74172   0
 266        492    0.000000   90.000000   6   5  74173   0
 267        493    0.000000   80.000000   6   5  74174   0
 268        494    0.000000   70.000000   6   5  74175   0
 269        495    0.000000   60.000000   6   5  74176   0
 270        496    0.000000   52.000000   6   5  74177   0
 271        497    0.000000   44.000000   6   5  74178   0
 272        498    0.000000   36.000000   6   5  74179   0
 273        499    0.000000   36.000000   6   5  74179   1
 274        500    0.000000   27.000000   6   5  74180   0
 275        501    0.000000   19.500000   6   5  74181   0
 276        502    0.000000   11.500000   6   5  74182   0
 277        503    0.000000   11.500000   6   5  74183   0
 278        504    0.000000   11.500000   6   5  74183   1
 279        505    0.000000    6.000000   6   5  74184   0
 280        506    0.000000  180.000000   6   5  75167   0
 281        507    0.000000  170.000000   6   5  75168   0
 282        508    0.000000  150.000000   6   5  75169   0
 283        509    0.000000  150.000000   6   5  75169   1
 284        510    0.000000  140.000000   6   5  75170   0
 285        511    0.000000  130.000000   6   5  75171   0
 286        512    0.000000  120.000000   6   5  75172   0
 287        513    0.000000  120.000000   6   5  75172   1
 288        514    0.000000  110.000000   6   5  75173   0
 289        515    0.000000  100.000000   6   5  75174   0
 290        516    0.000000   85.000000   6   5  75175   0
 291        517    0.000000   76.000000   6   5  75176   0
 292        518    0.000000   66.000000   6   5  75177   0
 293        519    0.000000   58.000000   6   5  75178   0
 294        520    0.000000   48.000000   6   5  75179   0
 295        521    0.000000   40.000000   6   5  75180   0
 296        522    0.000000   32.000000   6   5  75181   0
 297        523    0.000000   23.000000   6   5  75182   0
 298        524    0.000000   23.000000   6   5  75182   1
 299        525    0.000000   14.500000   6   5  75183   0
 300        526    0.000000    8.000000   6   5  75184   0
 301        527    0.000000    8.000000   6   5  75184   1
 302        528    0.000000    1.000000   6   5  75185   0
 
   p   ZAP IP   NR    Tp [MeV]
   1     1  1    2    7.500000
   2     0  2    1    1.000000
   3  1001  9    1    5.402625
   4  1002 31    1   11.000000
   5  1003 32    1   11.500000
   6  2003 33    1   14.500000
   7  2004 34    1    1.000000
--------------------------------------------------------------------------------
 
