 
--------------------------------------------------------------------------------
 76-Os-188   T= 0.00 K from IAEA/PD-2019       (ACEMAKER)
 ZAID= 76188.38u  MAT=7637  ZA= 76188
 AWR= 186.341200  STA=  0  ELIS=   0.000 MeV  LIS=  0  LISO=  0
--------------------------------------------------------------------------------
 NTOTR= 120 NTRAN=   1 NPROD= 119 NE=      88 EMAX= 200.000 MeV
   i     MT/MTD     Q [MeV]     T [MeV] LMF  MT    ZAP LFS
   1          5    0.000000    1.000000   3   5
   2        219    0.000000  120.000000   6   5  69161   0
   3        220    0.000000  120.000000   6   5  70162   0
   4        221    0.000000  120.000000   6   5  70163   0
   5        222    0.000000  120.000000   6   5  70164   0
   6        223    0.000000  120.000000   6   5  71163   0
   7        224    0.000000  110.000000   6   5  71164   0
   8        225    0.000000  110.000000   6   5  71165   0
   9        226    0.000000  110.000000   6   5  71166   0
  10        227    0.000000  110.000000   6   5  71166   1
  11        228    0.000000  110.000000   6   5  71166   2
  12        229    0.000000  110.000000   6   5  71167   0
  13        230    0.000000  110.000000   6   5  71167   1
  14        231    0.000000  120.000000   6   5  72164   0
  15        232    0.000000  110.000000   6   5  72165   0
  16        233    0.000000  110.000000   6   5  72166   0
  17        234    0.000000  110.000000   6   5  72167   0
  18        235    0.000000  110.000000   6   5  72168   0
  19        236    0.000000  110.000000   6   5  72169   0
  20        237    0.000000  110.000000   6   5  72170   0
  21        238    0.000000  110.000000   6   5  72171   0
  22        239    0.000000  110.000000   6   5  72171   1
  23        240    0.000000  150.000000   6   5  72177   0
  24        241    0.000000  150.000000   6   5  72177  10
  25        242    0.000000  140.000000   6   5  73165   0
  26        243    0.000000  130.000000   6   5  73166   0
  27        244    0.000000  120.000000   6   5  73167   0
  28        245    0.000000  110.000000   6   5  73168   0
  29        246    0.000000  100.000000   6   5  73169   0
  30        247    0.000000  100.000000   6   5  73170   0
  31        248    0.000000   95.000000   6   5  73171   0
  32        249    0.000000   90.000000   6   5  73172   0
  33        250    0.000000   85.000000   6   5  73173   0
  34        251    0.000000   80.000000   6   5  73174   0
  35        252    0.000000   78.000000   6   5  73175   0
  36        253    0.000000   76.000000   6   5  73176   0
  37        254    0.000000   76.000000   6   5  73177   0
  38        255    0.000000   76.000000   6   5  73178   0
  39        256    0.000000   76.000000   6   5  73178   1
  40        257    0.000000   76.000000   6   5  73179   0
  41        258    0.000000   76.000000   6   5  73180   0
  42        259    0.000000   76.000000   6   5  73180   2
  43        260    0.000000   76.000000   6   5  73181   0
  44        261    0.000000   76.000000   6   5  73182   0
  45        262    0.000000   76.000000   6   5  73182  29
  46        263    0.000000   95.000000   6   5  73183   0
  47        264    0.000000   95.000000   6   5  73184   0
  48        265    0.000000  140.000000   6   5  74166   0
  49        266    0.000000  140.000000   6   5  74167   0
  50        267    0.000000  120.000000   6   5  74168   0
  51        268    0.000000  120.000000   6   5  74169   0
  52        269    0.000000  110.000000   6   5  74170   0
  53        270    0.000000  100.000000   6   5  74171   0
  54        271    0.000000   90.000000   6   5  74172   0
  55        272    0.000000   85.000000   6   5  74173   0
  56        273    0.000000   76.000000   6   5  74174   0
  57        274    0.000000   68.000000   6   5  74175   0
  58        275    0.000000   62.000000   6   5  74176   0
  59        276    0.000000   58.000000   6   5  74177   0
  60        277    0.000000   54.000000   6   5  74178   0
  61        278    0.000000   48.000000   6   5  74179   0
  62        279    0.000000   48.000000   6   5  74179   2
  63        280    0.000000   42.000000   6   5  74180   0
  64        281    0.000000   36.000000   6   5  74181   0
  65        282    0.000000   30.000000   6   5  74182   0
  66        283    0.000000   24.000000   6   5  74183   0
  67        284    0.000000   24.000000   6   5  74183   7
  68        285    0.000000    1.000000   6   5  74184   0
  69        286    0.000000   44.000000   6   5  74185   0
  70        287    0.000000   44.000000   6   5  74185   6
  71        288    0.000000   42.000000   6   5  74186   0
  72        289    0.000000  170.000000   6   5  75167   0
  73        290    0.000000  170.000000   6   5  75167   2
  74        291    0.000000  150.000000   6   5  75168   0
  75        292    0.000000  140.000000   6   5  75169   0
  76        293    0.000000  140.000000   6   5  75169   2
  77        294    0.000000  130.000000   6   5  75170   0
  78        295    0.000000  120.000000   6   5  75171   0
  79        296    0.000000  120.000000   6   5  75172   0
  80        297    0.000000  120.000000   6   5  75172   1
  81        298    0.000000  110.000000   6   5  75173   0
  82        299    0.000000  100.000000   6   5  75174   0
  83        300    0.000000   90.000000   6   5  75175   0
  84        301    0.000000   85.000000   6   5  75176   0
  85        302    0.000000   78.000000   6   5  75177   0
  86        303    0.000000   72.000000   6   5  75178   0
  87        304    0.000000   66.000000   6   5  75179   0
  88        305    0.000000   60.000000   6   5  75180   0
  89        306    0.000000   52.000000   6   5  75181   0
  90        307    0.000000   46.000000   6   5  75182   0
  91        308    0.000000   46.000000   6   5  75182   2
  92        309    0.000000   40.000000   6   5  75183   0
  93        310    0.000000   34.000000   6   5  75184   0
  94        311    0.000000   34.000000   6   5  75184   5
  95        312    0.000000   28.000000   6   5  75185   0
  96        313    0.000000   20.000000   6   5  75186   0
  97        314    0.000000   20.000000   6   5  75186   4
  98        315    0.000000   13.500000   6   5  75187   0
  99        316    0.000000  170.000000   6   5  76169   0
 100        317    0.000000  150.000000   6   5  76170   0
 101        318    0.000000  140.000000   6   5  76171   0
 102        319    0.000000  130.000000   6   5  76172   0
 103        320    0.000000  120.000000   6   5  76173   0
 104        321    0.000000  110.000000   6   5  76174   0
 105        322    0.000000  100.000000   6   5  76175   0
 106        323    0.000000   95.000000   6   5  76176   0
 107        324    0.000000   85.000000   6   5  76177   0
 108        325    0.000000   78.000000   6   5  76178   0
 109        326    0.000000   70.000000   6   5  76179   0
 110        327    0.000000   60.000000   6   5  76180   0
 111        328    0.000000   54.000000   6   5  76181   0
 112        329    0.000000   54.000000   6   5  76181   1
 113        330    0.000000   44.000000   6   5  76182   0
 114        331    0.000000   36.000000   6   5  76183   0
 115        332    0.000000   38.000000   6   5  76183   2
 116        333    0.000000   29.000000   6   5  76184   0
 117        334    0.000000   22.000000   6   5  76185   0
 118        335    0.000000   14.000000   6   5  76186   0
 119        336    0.000000    7.500000   6   5  76187   0
 120        337    0.000000    1.000000   6   5  76188   0
 
   p   ZAP IP   NR    Tp [MeV]
   1     1  1    1    7.500000
   2     0  2    1    1.000000
   3  1001  9    1    9.000000
   4  1002 31    1   14.500000
   5  1003 32    1   15.500000
   6  2003 33    1   19.500000
   7  2004 34    1    4.000000
--------------------------------------------------------------------------------
 
