 
--------------------------------------------------------------------------------
 79-Au-197   T= 0.00 K from IAEA/PD-2019       (ACEMAKER)
 ZAID= 79197.38u  MAT=7925  ZA= 79197
 AWR= 195.274500  STA=  0  ELIS=   0.000 MeV  LIS=  0  LISO=  0
--------------------------------------------------------------------------------
 NTOTR= 284 NTRAN=   2 NPROD= 282 NE=     129 EMAX= 200.000 MeV
   i     MT/MTD     Q [MeV]     T [MeV] LMF  MT    ZAP LFS
   1          5    0.000000    1.000000   3   5
   2         18  141.144000   14.500000   3  18
   3        219    0.000000  160.000000   6   5  64164   0
   4        220    0.000000  160.000000   6   5  64165   0
   5        221    0.000000  160.000000   6   5  64166   0
   6        222    0.000000  160.000000   6   5  64167   0
   7        223    0.000000  160.000000   6   5  64168   0
   8        224    0.000000  190.000000   6   5  64169   0
   9        225    0.000000  140.000000   6   5  65165   0
  10        226    0.000000  140.000000   6   5  65166   0
  11        227    0.000000  140.000000   6   5  65167   0
  12        228    0.000000  140.000000   6   5  65168   0
  13        229    0.000000  140.000000   6   5  65169   0
  14        230    0.000000  160.000000   6   5  65170   0
  15        231    0.000000  160.000000   6   5  65171   0
  16        232    0.000000  140.000000   6   5  66166   0
  17        233    0.000000  140.000000   6   5  66167   0
  18        234    0.000000  140.000000   6   5  66168   0
  19        235    0.000000  130.000000   6   5  66169   0
  20        236    0.000000  130.000000   6   5  66170   0
  21        237    0.000000  130.000000   6   5  66171   0
  22        238    0.000000  130.000000   6   5  66172   0
  23        239    0.000000  150.000000   6   5  66173   0
  24        240    0.000000  130.000000   6   5  67167   0
  25        241    0.000000  120.000000   6   5  67168   0
  26        242    0.000000  120.000000   6   5  67168   1
  27        243    0.000000  120.000000   6   5  67169   0
  28        244    0.000000  110.000000   6   5  67170   0
  29        245    0.000000  110.000000   6   5  67170   1
  30        246    0.000000  110.000000   6   5  67171   0
  31        247    0.000000  110.000000   6   5  67172   0
  32        248    0.000000  110.000000   6   5  67173   0
  33        249    0.000000  130.000000   6   5  67174   0
  34        250    0.000000  130.000000   6   5  67175   0
  35        251    0.000000  130.000000   6   5  68168   0
  36        252    0.000000  120.000000   6   5  68169   0
  37        253    0.000000  120.000000   6   5  68170   0
  38        254    0.000000  110.000000   6   5  68171   0
  39        255    0.000000  110.000000   6   5  68172   0
  40        256    0.000000  110.000000   6   5  68173   0
  41        257    0.000000  100.000000   6   5  68174   0
  42        258    0.000000  100.000000   6   5  68175   0
  43        259    0.000000  100.000000   6   5  68176   0
  44        260    0.000000  120.000000   6   5  68177   0
  45        261    0.000000  130.000000   6   5  69169   0
  46        262    0.000000  120.000000   6   5  69170   0
  47        263    0.000000  110.000000   6   5  69171   0
  48        264    0.000000  100.000000   6   5  69172   0
  49        265    0.000000   95.000000   6   5  69173   0
  50        266    0.000000   85.000000   6   5  69174   0
  51        267    0.000000   80.000000   6   5  69175   0
  52        268    0.000000   78.000000   6   5  69176   0
  53        269    0.000000   78.000000   6   5  69177   0
  54        270    0.000000   85.000000   6   5  69178   0
  55        271    0.000000   95.000000   6   5  69179   0
  56        272    0.000000  130.000000   6   5  70170   0
  57        273    0.000000  120.000000   6   5  70171   0
  58        274    0.000000  110.000000   6   5  70172   0
  59        275    0.000000  100.000000   6   5  70173   0
  60        276    0.000000   95.000000   6   5  70174   0
  61        277    0.000000   85.000000   6   5  70175   0
  62        278    0.000000   80.000000   6   5  70176   0
  63        279    0.000000   80.000000   6   5  70176   1
  64        280    0.000000   78.000000   6   5  70177   0
  65        281    0.000000   78.000000   6   5  70177   1
  66        282    0.000000   78.000000   6   5  70178   0
  67        283    0.000000   76.000000   6   5  70179   0
  68        284    0.000000   76.000000   6   5  70180   0
  69        285    0.000000   80.000000   6   5  70181   0
  70        286    0.000000  130.000000   6   5  71171   0
  71        287    0.000000  130.000000   6   5  71171   1
  72        288    0.000000  120.000000   6   5  71172   0
  73        289    0.000000  120.000000   6   5  71172   1
  74        290    0.000000  110.000000   6   5  71173   0
  75        291    0.000000  100.000000   6   5  71174   0
  76        292    0.000000  100.000000   6   5  71174   1
  77        293    0.000000   90.000000   6   5  71175   0
  78        294    0.000000   80.000000   6   5  71176   0
  79        295    0.000000   80.000000   6   5  71176   1
  80        296    0.000000   72.000000   6   5  71177   0
  81        297    0.000000   72.000000   6   5  71177   1
  82        298    0.000000   64.000000   6   5  71178   0
  83        299    0.000000   64.000000   6   5  71178   1
  84        300    0.000000   58.000000   6   5  71179   0
  85        301    0.000000   54.000000   6   5  71180   0
  86        302    0.000000   54.000000   6   5  71181   0
  87        303    0.000000   56.000000   6   5  71182   0
  88        304    0.000000   68.000000   6   5  71183   0
  89        305    0.000000   80.000000   6   5  71184   0
  90        306    0.000000   95.000000   6   5  71185   0
  91        307    0.000000  130.000000   6   5  72172   0
  92        308    0.000000  120.000000   6   5  72173   0
  93        309    0.000000  110.000000   6   5  72174   0
  94        310    0.000000  100.000000   6   5  72175   0
  95        311    0.000000   90.000000   6   5  72176   0
  96        312    0.000000   80.000000   6   5  72177   0
  97        313    0.000000   72.000000   6   5  72178   0
  98        314    0.000000   74.000000   6   5  72178   1
  99        315    0.000000   64.000000   6   5  72179   0
 100        316    0.000000   64.000000   6   5  72179   1
 101        317    0.000000   58.000000   6   5  72180   0
 102        318    0.000000   58.000000   6   5  72180   1
 103        319    0.000000   54.000000   6   5  72181   0
 104        320    0.000000   54.000000   6   5  72182   0
 105        321    0.000000   54.000000   6   5  72182   1
 106        322    0.000000   52.000000   6   5  72183   0
 107        323    0.000000   50.000000   6   5  72184   0
 108        324    0.000000   56.000000   6   5  72185   0
 109        325    0.000000   70.000000   6   5  72186   0
 110        326    0.000000   78.000000   6   5  72187   0
 111        327    0.000000   95.000000   6   5  72188   0
 112        328    0.000000  130.000000   6   5  72189   0
 113        329    0.000000  140.000000   6   5  73173   0
 114        330    0.000000  130.000000   6   5  73174   0
 115        331    0.000000  110.000000   6   5  73175   0
 116        332    0.000000  100.000000   6   5  73176   0
 117        333    0.000000   90.000000   6   5  73177   0
 118        334    0.000000   80.000000   6   5  73178   0
 119        335    0.000000   80.000000   6   5  73178   1
 120        336    0.000000   70.000000   6   5  73179   0
 121        337    0.000000   62.000000   6   5  73180   0
 122        338    0.000000   62.000000   6   5  73180   1
 123        339    0.000000   54.000000   6   5  73181   0
 124        340    0.000000   46.000000   6   5  73182   0
 125        341    0.000000   46.000000   6   5  73182   1
 126        342    0.000000   46.000000   6   5  73182   2
 127        343    0.000000   38.000000   6   5  73183   0
 128        344    0.000000   32.000000   6   5  73184   0
 129        345    0.000000   28.000000   6   5  73185   0
 130        346    0.000000   40.000000   6   5  73186   0
 131        347    0.000000   48.000000   6   5  73187   0
 132        348    0.000000   58.000000   6   5  73188   0
 133        349    0.000000   70.000000   6   5  73189   0
 134        350    0.000000   80.000000   6   5  73190   0
 135        351    0.000000  130.000000   6   5  73191   0
 136        352    0.000000  140.000000   6   5  74174   0
 137        353    0.000000  130.000000   6   5  74175   0
 138        354    0.000000  110.000000   6   5  74176   0
 139        355    0.000000  100.000000   6   5  74177   0
 140        356    0.000000   90.000000   6   5  74178   0
 141        357    0.000000   85.000000   6   5  74179   0
 142        358    0.000000   85.000000   6   5  74179   1
 143        359    0.000000   76.000000   6   5  74180   0
 144        360    0.000000   68.000000   6   5  74181   0
 145        361    0.000000   58.000000   6   5  74182   0
 146        362    0.000000   50.000000   6   5  74183   0
 147        363    0.000000   52.000000   6   5  74183   1
 148        364    0.000000   42.000000   6   5  74184   0
 149        365    0.000000   36.000000   6   5  74185   0
 150        366    0.000000   36.000000   6   5  74185   1
 151        367    0.000000   29.000000   6   5  74186   0
 152        368    0.000000   28.000000   6   5  74187   0
 153        369    0.000000   24.000000   6   5  74188   0
 154        370    0.000000   38.000000   6   5  74189   0
 155        371    0.000000   46.000000   6   5  74190   0
 156        372    0.000000   56.000000   6   5  74191   0
 157        373    0.000000   80.000000   6   5  74192   0
 158        374    0.000000  150.000000   6   5  75175   0
 159        375    0.000000  130.000000   6   5  75176   0
 160        376    0.000000  120.000000   6   5  75177   0
 161        377    0.000000  110.000000   6   5  75178   0
 162        378    0.000000  100.000000   6   5  75179   0
 163        379    0.000000   90.000000   6   5  75180   0
 164        380    0.000000   76.000000   6   5  75181   0
 165        381    0.000000   66.000000   6   5  75182   0
 166        382    0.000000   66.000000   6   5  75182   1
 167        383    0.000000   58.000000   6   5  75183   0
 168        384    0.000000   48.000000   6   5  75184   0
 169        385    0.000000   48.000000   6   5  75184   1
 170        386    0.000000   40.000000   6   5  75185   0
 171        387    0.000000   32.000000   6   5  75186   0
 172        388    0.000000   32.000000   6   5  75186   1
 173        389    0.000000   23.000000   6   5  75187   0
 174        390    0.000000   16.500000   6   5  75188   0
 175        391    0.000000   17.000000   6   5  75188   1
 176        392    0.000000    9.000000   6   5  75189   0
 177        393    0.000000   24.000000   6   5  75190   0
 178        394    0.000000   25.000000   6   5  75191   0
 179        395    0.000000   40.000000   6   5  75192   0
 180        396    0.000000   46.000000   6   5  75193   0
 181        397    0.000000  150.000000   6   5  76176   0
 182        398    0.000000  140.000000   6   5  76177   0
 183        399    0.000000  120.000000   6   5  76178   0
 184        400    0.000000  120.000000   6   5  76179   0
 185        401    0.000000  100.000000   6   5  76180   0
 186        402    0.000000   95.000000   6   5  76181   0
 187        403    0.000000   95.000000   6   5  76181   1
 188        404    0.000000   85.000000   6   5  76182   0
 189        405    0.000000   74.000000   6   5  76183   0
 190        406    0.000000   74.000000   6   5  76183   1
 191        407    0.000000   64.000000   6   5  76184   0
 192        408    0.000000   56.000000   6   5  76185   0
 193        409    0.000000   48.000000   6   5  76186   0
 194        410    0.000000   40.000000   6   5  76187   0
 195        411    0.000000   32.000000   6   5  76188   0
 196        412    0.000000   25.000000   6   5  76189   0
 197        413    0.000000   25.000000   6   5  76189   1
 198        414    0.000000   17.500000   6   5  76190   0
 199        415    0.000000   19.500000   6   5  76190   1
 200        416    0.000000   17.000000   6   5  76191   0
 201        417    0.000000   17.000000   6   5  76191   1
 202        418    0.000000   11.000000   6   5  76192   0
 203        419    0.000000   26.000000   6   5  76193   0
 204        420    0.000000   26.000000   6   5  76194   0
 205        421    0.000000  160.000000   6   5  77177   0
 206        422    0.000000  150.000000   6   5  77178   0
 207        423    0.000000  130.000000   6   5  77179   0
 208        424    0.000000  120.000000   6   5  77180   0
 209        425    0.000000  110.000000   6   5  77181   0
 210        426    0.000000  100.000000   6   5  77182   0
 211        427    0.000000   90.000000   6   5  77183   0
 212        428    0.000000   76.000000   6   5  77184   0
 213        429    0.000000   66.000000   6   5  77185   0
 214        430    0.000000   58.000000   6   5  77186   0
 215        431    0.000000   58.000000   6   5  77186   1
 216        432    0.000000   48.000000   6   5  77187   0
 217        433    0.000000   40.000000   6   5  77188   0
 218        434    0.000000   32.000000   6   5  77189   0
 219        435    0.000000   24.000000   6   5  77190   0
 220        436    0.000000   24.000000   6   5  77190   1
 221        437    0.000000   25.000000   6   5  77190   2
 222        438    0.000000   16.000000   6   5  77191   0
 223        439    0.000000   16.500000   6   5  77191   1
 224        440    0.000000    9.500000   6   5  77192   0
 225        441    0.000000    9.500000   6   5  77192   1
 226        442    0.000000   10.000000   6   5  77192   2
 227        443    0.000000    1.500000   6   5  77193   0
 228        444    0.000000    2.000000   6   5  77193   1
 229        445    0.000000   16.000000   6   5  77194   0
 230        446    0.000000   16.500000   6   5  77194   1
 231        447    0.000000   16.500000   6   5  77195   0
 232        448    0.000000   16.500000   6   5  77195   1
 233        449    0.000000  170.000000   6   5  78178   0
 234        450    0.000000  160.000000   6   5  78179   0
 235        461    0.000000  140.000000   6   5  78180   0
 236        462    0.000000  130.000000   6   5  78181   0
 237        463    0.000000  120.000000   6   5  78182   0
 238        464    0.000000  110.000000   6   5  78183   0
 239        465    0.000000  110.000000   6   5  78183   1
 240        466    0.000000  100.000000   6   5  78184   0
 241        467    0.000000   90.000000   6   5  78185   0
 242        468    0.000000   90.000000   6   5  78185   1
 243        469    0.000000   78.000000   6   5  78186   0
 244        470    0.000000   70.000000   6   5  78187   0
 245        471    0.000000   60.000000   6   5  78188   0
 246        472    0.000000   54.000000   6   5  78189   0
 247        473    0.000000   44.000000   6   5  78190   0
 248        474    0.000000   36.000000   6   5  78191   0
 249        475    0.000000   27.000000   6   5  78192   0
 250        476    0.000000   21.000000   6   5  78193   0
 251        477    0.000000   21.000000   6   5  78193   1
 252        478    0.000000   12.500000   6   5  78194   0
 253        479    0.000000   12.000000   6   5  78195   0
 254        480    0.000000   12.500000   6   5  78195   1
 255        481    0.000000    6.500000   6   5  78196   0
 256        482    0.000000  180.000000   6   5  79179   0
 257        483    0.000000  170.000000   6   5  79180   0
 258        484    0.000000  150.000000   6   5  79181   0
 259        485    0.000000  140.000000   6   5  79182   0
 260        486    0.000000  130.000000   6   5  79183   0
 261        487    0.000000  120.000000   6   5  79184   0
 262        488    0.000000  120.000000   6   5  79184   1
 263        489    0.000000  110.000000   6   5  79185   0
 264        490    0.000000  110.000000   6   5  79185   1
 265        491    0.000000   95.000000   6   5  79186   0
 266        492    0.000000   85.000000   6   5  79187   0
 267        493    0.000000   85.000000   6   5  79187   1
 268        494    0.000000   76.000000   6   5  79188   0
 269        495    0.000000   66.000000   6   5  79189   0
 270        496    0.000000   66.000000   6   5  79189   1
 271        497    0.000000   58.000000   6   5  79190   0
 272        498    0.000000   58.000000   6   5  79190   1
 273        499    0.000000   48.000000   6   5  79191   0
 274        500    0.000000   48.000000   6   5  79191   1
 275        501    0.000000   40.000000   6   5  79192   0
 276        502    0.000000   42.000000   6   5  79192   1
 277        503    0.000000   32.000000   6   5  79193   0
 278        504    0.000000   24.000000   6   5  79194   0
 279        505    0.000000   15.000000   6   5  79195   0
 280        506    0.000000   15.500000   6   5  79195   1
 281        507    0.000000    8.500000   6   5  79196   0
 282        508    0.000000    8.500000   6   5  79196   1
 283        509    0.000000    1.000000   6   5  79197   0
 284        510    0.000000    1.500000   6   5  79197   1
 
   p   ZAP IP   NR    Tp [MeV]
   1     1  1    2    8.000000
   2     0  2    1    1.000000
   3  1001  9    1    6.000000
   4  1002 31    1   12.000000
   5  1003 32    1   12.000000
   6  2003 33    1   16.000000
   7  2004 34    1    1.500000
--------------------------------------------------------------------------------
 
