 
--------------------------------------------------------------------------------
 82-Pb-207   T= 0.00 K from IAEA/PD-2019       (ACEMAKER)
 ZAID= 82207.38u  MAT=8234  ZA= 82207
 AWR= 205.197900  STA=  0  ELIS=   0.000 MeV  LIS=  0  LISO=  0
--------------------------------------------------------------------------------
 NTOTR= 283 NTRAN=   2 NPROD= 281 NE=     139 EMAX= 200.000 MeV
   i     MT/MTD     Q [MeV]     T [MeV] LMF  MT    ZAP LFS
   1          5    0.000000    1.000000   3   5
   2         18  154.964000   18.500000   3  18
   3        219    0.000000  180.000000   6   5  67174   0
   4        220    0.000000  180.000000   6   5  67175   0
   5        221    0.000000  150.000000   6   5  68175   0
   6        222    0.000000  150.000000   6   5  68176   0
   7        223    0.000000  150.000000   6   5  68177   0
   8        224    0.000000  150.000000   6   5  69176   0
   9        225    0.000000  150.000000   6   5  69177   0
  10        226    0.000000  150.000000   6   5  69178   0
  11        227    0.000000  150.000000   6   5  69179   0
  12        228    0.000000  140.000000   6   5  70177   0
  13        229    0.000000  140.000000   6   5  70177   1
  14        230    0.000000  130.000000   6   5  70178   0
  15        231    0.000000  130.000000   6   5  70179   0
  16        232    0.000000  120.000000   6   5  70180   0
  17        233    0.000000  120.000000   6   5  70181   0
  18        234    0.000000  140.000000   6   5  71178   0
  19        235    0.000000  140.000000   6   5  71178   1
  20        236    0.000000  130.000000   6   5  71179   0
  21        237    0.000000  130.000000   6   5  71180   0
  22        238    0.000000  120.000000   6   5  71181   0
  23        239    0.000000  120.000000   6   5  71182   0
  24        240    0.000000  120.000000   6   5  71183   0
  25        241    0.000000  120.000000   6   5  71184   0
  26        242    0.000000  120.000000   6   5  71185   0
  27        243    0.000000  130.000000   6   5  72179   0
  28        244    0.000000  130.000000   6   5  72179   1
  29        245    0.000000  130.000000   6   5  72180   0
  30        246    0.000000  130.000000   6   5  72180   1
  31        247    0.000000  120.000000   6   5  72181   0
  32        248    0.000000  110.000000   6   5  72182   0
  33        249    0.000000  110.000000   6   5  72182   1
  34        250    0.000000  100.000000   6   5  72183   0
  35        251    0.000000   95.000000   6   5  72184   0
  36        252    0.000000   90.000000   6   5  72185   0
  37        253    0.000000   85.000000   6   5  72186   0
  38        254    0.000000   85.000000   6   5  72187   0
  39        255    0.000000   85.000000   6   5  72188   0
  40        256    0.000000  110.000000   6   5  72189   0
  41        257    0.000000  130.000000   6   5  73180   0
  42        258    0.000000  130.000000   6   5  73180   1
  43        259    0.000000  130.000000   6   5  73181   0
  44        260    0.000000  120.000000   6   5  73182   0
  45        261    0.000000  120.000000   6   5  73182   1
  46        262    0.000000  120.000000   6   5  73182   2
  47        263    0.000000  110.000000   6   5  73183   0
  48        264    0.000000  100.000000   6   5  73184   0
  49        265    0.000000   95.000000   6   5  73185   0
  50        266    0.000000   90.000000   6   5  73186   0
  51        267    0.000000   85.000000   6   5  73187   0
  52        268    0.000000   85.000000   6   5  73188   0
  53        269    0.000000   85.000000   6   5  73189   0
  54        270    0.000000   85.000000   6   5  73190   0
  55        271    0.000000   85.000000   6   5  73191   0
  56        272    0.000000  110.000000   6   5  73192   0
  57        273    0.000000  130.000000   6   5  74181   0
  58        274    0.000000  120.000000   6   5  74182   0
  59        275    0.000000  120.000000   6   5  74183   0
  60        276    0.000000  120.000000   6   5  74183   1
  61        277    0.000000  110.000000   6   5  74184   0
  62        278    0.000000   95.000000   6   5  74185   0
  63        279    0.000000   95.000000   6   5  74185   1
  64        280    0.000000   85.000000   6   5  74186   0
  65        281    0.000000   78.000000   6   5  74187   0
  66        282    0.000000   70.000000   6   5  74188   0
  67        283    0.000000   64.000000   6   5  74189   0
  68        284    0.000000   58.000000   6   5  74190   0
  69        285    0.000000   58.000000   6   5  74191   0
  70        286    0.000000   60.000000   6   5  74192   0
  71        287    0.000000   78.000000   6   5  74193   0
  72        288    0.000000   80.000000   6   5  74194   0
  73        289    0.000000  130.000000   6   5  75182   0
  74        290    0.000000  130.000000   6   5  75182   1
  75        291    0.000000  120.000000   6   5  75183   0
  76        292    0.000000  120.000000   6   5  75184   0
  77        293    0.000000  120.000000   6   5  75184   1
  78        294    0.000000  110.000000   6   5  75185   0
  79        295    0.000000   95.000000   6   5  75186   0
  80        296    0.000000   95.000000   6   5  75186   1
  81        297    0.000000   85.000000   6   5  75187   0
  82        298    0.000000   78.000000   6   5  75188   0
  83        299    0.000000   80.000000   6   5  75188   1
  84        300    0.000000   70.000000   6   5  75189   0
  85        301    0.000000   64.000000   6   5  75190   0
  86        302    0.000000   58.000000   6   5  75191   0
  87        303    0.000000   58.000000   6   5  75192   0
  88        304    0.000000   58.000000   6   5  75193   0
  89        305    0.000000   54.000000   6   5  75194   0
  90        306    0.000000   60.000000   6   5  75195   0
  91        307    0.000000   78.000000   6   5  75196   0
  92        308    0.000000   80.000000   6   5  75197   0
  93        309    0.000000  110.000000   6   5  75198   0
  94        310    0.000000  140.000000   6   5  76183   0
  95        311    0.000000  140.000000   6   5  76183   1
  96        312    0.000000  130.000000   6   5  76184   0
  97        313    0.000000  120.000000   6   5  76185   0
  98        314    0.000000  110.000000   6   5  76186   0
  99        315    0.000000   95.000000   6   5  76187   0
 100        316    0.000000   85.000000   6   5  76188   0
 101        317    0.000000   76.000000   6   5  76189   0
 102        318    0.000000   76.000000   6   5  76189   1
 103        319    0.000000   68.000000   6   5  76190   0
 104        320    0.000000   68.000000   6   5  76190   1
 105        321    0.000000   60.000000   6   5  76191   0
 106        322    0.000000   60.000000   6   5  76191   1
 107        323    0.000000   52.000000   6   5  76192   0
 108        324    0.000000   44.000000   6   5  76193   0
 109        325    0.000000   36.000000   6   5  76194   0
 110        326    0.000000   32.000000   6   5  76195   0
 111        327    0.000000   40.000000   6   5  76196   0
 112        328    0.000000   50.000000   6   5  76197   0
 113        329    0.000000   58.000000   6   5  76198   0
 114        330    0.000000   74.000000   6   5  76199   0
 115        331    0.000000   80.000000   6   5  76200   0
 116        332    0.000000  120.000000   6   5  76201   0
 117        333    0.000000  140.000000   6   5  77184   0
 118        334    0.000000  130.000000   6   5  77185   0
 119        335    0.000000  120.000000   6   5  77186   0
 120        336    0.000000  120.000000   6   5  77186   1
 121        337    0.000000  110.000000   6   5  77187   0
 122        338    0.000000   95.000000   6   5  77188   0
 123        339    0.000000   85.000000   6   5  77189   0
 124        340    0.000000   80.000000   6   5  77190   0
 125        341    0.000000   80.000000   6   5  77190   1
 126        342    0.000000   80.000000   6   5  77190   2
 127        343    0.000000   72.000000   6   5  77191   0
 128        344    0.000000   72.000000   6   5  77191   1
 129        345    0.000000   64.000000   6   5  77192   0
 130        346    0.000000   64.000000   6   5  77192   1
 131        347    0.000000   64.000000   6   5  77192   2
 132        348    0.000000   56.000000   6   5  77193   0
 133        349    0.000000   56.000000   6   5  77193   1
 134        350    0.000000   48.000000   6   5  77194   0
 135        351    0.000000   48.000000   6   5  77194   1
 136        352    0.000000   40.000000   6   5  77195   0
 137        353    0.000000   40.000000   6   5  77195   1
 138        354    0.000000   32.000000   6   5  77196   0
 139        355    0.000000   32.000000   6   5  77197   0
 140        356    0.000000   32.000000   6   5  77197   1
 141        357    0.000000   28.000000   6   5  77198   0
 142        358    0.000000   40.000000   6   5  77199   0
 143        359    0.000000   50.000000   6   5  77200   0
 144        360    0.000000   58.000000   6   5  77201   0
 145        361    0.000000   80.000000   6   5  77202   0
 146        362    0.000000  150.000000   6   5  78185   0
 147        363    0.000000  150.000000   6   5  78185   1
 148        364    0.000000  130.000000   6   5  78186   0
 149        365    0.000000  120.000000   6   5  78187   0
 150        366    0.000000  110.000000   6   5  78188   0
 151        367    0.000000  100.000000   6   5  78189   0
 152        368    0.000000   90.000000   6   5  78190   0
 153        369    0.000000   78.000000   6   5  78191   0
 154        370    0.000000   68.000000   6   5  78192   0
 155        371    0.000000   58.000000   6   5  78193   0
 156        372    0.000000   58.000000   6   5  78193   1
 157        373    0.000000   50.000000   6   5  78194   0
 158        374    0.000000   40.000000   6   5  78195   0
 159        375    0.000000   40.000000   6   5  78195   1
 160        376    0.000000   34.000000   6   5  78196   0
 161        377    0.000000   26.000000   6   5  78197   0
 162        378    0.000000   26.000000   6   5  78197   1
 163        379    0.000000   18.000000   6   5  78198   0
 164        380    0.000000   12.000000   6   5  78199   0
 165        381    0.000000   13.000000   6   5  78199   1
 166        382    0.000000   24.000000   6   5  78200   0
 167        383    0.000000   28.000000   6   5  78201   0
 168        384    0.000000   40.000000   6   5  78202   0
 169        385    0.000000   52.000000   6   5  78203   0
 170        386    0.000000  150.000000   6   5  79186   0
 171        387    0.000000  140.000000   6   5  79187   0
 172        388    0.000000  140.000000   6   5  79187   1
 173        389    0.000000  130.000000   6   5  79188   0
 174        390    0.000000  120.000000   6   5  79189   0
 175        391    0.000000  120.000000   6   5  79189   1
 176        392    0.000000  110.000000   6   5  79190   0
 177        393    0.000000  110.000000   6   5  79190   1
 178        394    0.000000   95.000000   6   5  79191   0
 179        395    0.000000   95.000000   6   5  79191   1
 180        396    0.000000   85.000000   6   5  79192   0
 181        397    0.000000   90.000000   6   5  79192   1
 182        398    0.000000   76.000000   6   5  79193   0
 183        399    0.000000   76.000000   6   5  79193   1
 184        400    0.000000   68.000000   6   5  79194   0
 185        401    0.000000   68.000000   6   5  79194   1
 186        402    0.000000   68.000000   6   5  79194   2
 187        403    0.000000   58.000000   6   5  79195   0
 188        404    0.000000   58.000000   6   5  79195   1
 189        405    0.000000   50.000000   6   5  79196   0
 190        406    0.000000   50.000000   6   5  79196   1
 191        407    0.000000   42.000000   6   5  79197   0
 192        408    0.000000   42.000000   6   5  79197   1
 193        409    0.000000   36.000000   6   5  79198   0
 194        410    0.000000   27.000000   6   5  79199   0
 195        411    0.000000   20.000000   6   5  79200   0
 196        412    0.000000   18.500000   6   5  79201   0
 197        413    0.000000   14.500000   6   5  79202   0
 198        414    0.000000   28.000000   6   5  79203   0
 199        415    0.000000   30.000000   6   5  79204   0
 200        416    0.000000  160.000000   6   5  80187   0
 201        417    0.000000  160.000000   6   5  80187   1
 202        418    0.000000  140.000000   6   5  80188   0
 203        419    0.000000  130.000000   6   5  80189   0
 204        420    0.000000  130.000000   6   5  80189   1
 205        421    0.000000  120.000000   6   5  80190   0
 206        422    0.000000  110.000000   6   5  80191   0
 207        423    0.000000  110.000000   6   5  80191   1
 208        424    0.000000   95.000000   6   5  80192   0
 209        425    0.000000   90.000000   6   5  80193   0
 210        426    0.000000   90.000000   6   5  80193   1
 211        427    0.000000   78.000000   6   5  80194   0
 212        428    0.000000   68.000000   6   5  80195   0
 213        429    0.000000   68.000000   6   5  80195   1
 214        430    0.000000   58.000000   6   5  80196   0
 215        431    0.000000   50.000000   6   5  80197   0
 216        432    0.000000   50.000000   6   5  80197   1
 217        433    0.000000   40.000000   6   5  80198   0
 218        434    0.000000   34.000000   6   5  80199   0
 219        435    0.000000   34.000000   6   5  80199   1
 220        436    0.000000   25.000000   6   5  80200   0
 221        437    0.000000   17.000000   6   5  80201   0
 222        438    0.000000   10.500000   6   5  80202   0
 223        439    0.000000    2.500000   6   5  80203   0
 224        440    0.000000   15.000000   6   5  80204   0
 225        441    0.000000   17.000000   6   5  80205   0
 226        442    0.000000  170.000000   6   5  81188   0
 227        443    0.000000  170.000000   6   5  81188   1
 228        444    0.000000  150.000000   6   5  81189   0
 229        445    0.000000  150.000000   6   5  81189   1
 230        446    0.000000  150.000000   6   5  81190   0
 231        447    0.000000  130.000000   6   5  81191   0
 232        448    0.000000  130.000000   6   5  81191   1
 233        449    0.000000  120.000000   6   5  81192   0
 234        450    0.000000  120.000000   6   5  81192   1
 235        461    0.000000  110.000000   6   5  81193   0
 236        462    0.000000  110.000000   6   5  81193   1
 237        463    0.000000  100.000000   6   5  81194   0
 238        464    0.000000  100.000000   6   5  81194   1
 239        465    0.000000   90.000000   6   5  81195   0
 240        466    0.000000   90.000000   6   5  81195   1
 241        467    0.000000   80.000000   6   5  81196   0
 242        468    0.000000   70.000000   6   5  81197   0
 243        469    0.000000   72.000000   6   5  81197   1
 244        470    0.000000   62.000000   6   5  81198   0
 245        471    0.000000   64.000000   6   5  81198   1
 246        472    0.000000   54.000000   6   5  81199   0
 247        473    0.000000   46.000000   6   5  81200   0
 248        474    0.000000   36.000000   6   5  81201   0
 249        475    0.000000   29.000000   6   5  81202   0
 250        476    0.000000   21.000000   6   5  81203   0
 251        477    0.000000   14.000000   6   5  81204   0
 252        478    0.000000   12.500000   6   5  81205   0
 253        479    0.000000    8.000000   6   5  81206   0
 254        480    0.000000  170.000000   6   5  82189   0
 255        481    0.000000  170.000000   6   5  82189   1
 256        482    0.000000  160.000000   6   5  82190   0
 257        483    0.000000  150.000000   6   5  82191   0
 258        484    0.000000  150.000000   6   5  82191   1
 259        485    0.000000  140.000000   6   5  82192   0
 260        486    0.000000  130.000000   6   5  82193   0
 261        487    0.000000  130.000000   6   5  82193   1
 262        488    0.000000  120.000000   6   5  82194   0
 263        489    0.000000  110.000000   6   5  82195   0
 264        490    0.000000  110.000000   6   5  82195   1
 265        491    0.000000   95.000000   6   5  82196   0
 266        492    0.000000   85.000000   6   5  82197   0
 267        493    0.000000   85.000000   6   5  82197   1
 268        494    0.000000   74.000000   6   5  82198   0
 269        495    0.000000   66.000000   6   5  82199   0
 270        496    0.000000   66.000000   6   5  82199   1
 271        497    0.000000   56.000000   6   5  82200   0
 272        498    0.000000   48.000000   6   5  82201   0
 273        499    0.000000   48.000000   6   5  82201   1
 274        500    0.000000   38.000000   6   5  82202   0
 275        501    0.000000   42.000000   6   5  82202   1
 276        502    0.000000   32.000000   6   5  82203   0
 277        503    0.000000   32.000000   6   5  82203   1
 278        504    0.000000   22.000000   6   5  82204   0
 279        505    0.000000   25.000000   6   5  82204   1
 280        506    0.000000   15.000000   6   5  82205   0
 281        507    0.000000    7.000000   6   5  82206   0
 282        508    0.000000    1.000000   6   5  82207   0
 283        509    0.000000    4.000000   6   5  82207   1
 
   p   ZAP IP   NR    Tp [MeV]
   1     1  1    2    6.737780
   2     0  2    1    1.000000
   3  1001  9    1    7.487651
   4  1002 31    1   12.500000
   5  1003 32    1   14.000000
   6  2003 33    1   15.000000
   7  2004 34    1    2.500000
--------------------------------------------------------------------------------
 
