 
--------------------------------------------------------------------------------
 83-Bi-209   T= 0.00 K from IAEA/PD-2019       (ACEMAKER)
 ZAID= 83209.38u  MAT=8325  ZA= 83209
 AWR= 207.185200  STA=  0  ELIS=   0.000 MeV  LIS=  0  LISO=  0
--------------------------------------------------------------------------------
 NTOTR= 149 NTRAN=   1 NPROD= 148 NE=      88 EMAX= 200.000 MeV
   i     MT/MTD     Q [MeV]     T [MeV] LMF  MT    ZAP LFS
   1          5    0.000000    1.000000   3   5
   2        219    0.000000  110.000000   6   5  77183   0
   3        220    0.000000  110.000000   6   5  77184   0
   4        221    0.000000  110.000000   6   5  78184   0
   5        222    0.000000  110.000000   6   5  78185   0
   6        223    0.000000  110.000000   6   5  78185   2
   7        224    0.000000  110.000000   6   5  78186   0
   8        225    0.000000  110.000000   6   5  78187   0
   9        226    0.000000  110.000000   6   5  78188   0
  10        227    0.000000  120.000000   6   5  79185   0
  11        228    0.000000  120.000000   6   5  79185   6
  12        229    0.000000  110.000000   6   5  79186   0
  13        230    0.000000  110.000000   6   5  79187   0
  14        231    0.000000  110.000000   6   5  79187   2
  15        232    0.000000  100.000000   6   5  79188   0
  16        233    0.000000  100.000000   6   5  79189   0
  17        234    0.000000  100.000000   6   5  79189   3
  18        235    0.000000  100.000000   6   5  79190   0
  19        236    0.000000   90.000000   6   5  79191   0
  20        237    0.000000   85.000000   6   5  79192   0
  21        238    0.000000   85.000000   6   5  79193   0
  22        239    0.000000   85.000000   6   5  79193   4
  23        240    0.000000   85.000000   6   5  79194   0
  24        241    0.000000   85.000000   6   5  79195   0
  25        242    0.000000   85.000000   6   5  79195   4
  26        243    0.000000  130.000000   6   5  80186   0
  27        244    0.000000  130.000000   6   5  80187   0
  28        245    0.000000  130.000000   6   5  80187   1
  29        246    0.000000  120.000000   6   5  80188   0
  30        247    0.000000  110.000000   6   5  80189   0
  31        248    0.000000  110.000000   6   5  80189   2
  32        249    0.000000  100.000000   6   5  80190   0
  33        250    0.000000   95.000000   6   5  80191   0
  34        251    0.000000   95.000000   6   5  80191   3
  35        252    0.000000   90.000000   6   5  80192   0
  36        253    0.000000   85.000000   6   5  80193   0
  37        254    0.000000   85.000000   6   5  80193   3
  38        255    0.000000   80.000000   6   5  80194   0
  39        256    0.000000   80.000000   6   5  80195   0
  40        257    0.000000   80.000000   6   5  80195   3
  41        258    0.000000   78.000000   6   5  80196   0
  42        259    0.000000   76.000000   6   5  80197   0
  43        260    0.000000   76.000000   6   5  80197   4
  44        261    0.000000   72.000000   6   5  80198   0
  45        262    0.000000   66.000000   6   5  80199   0
  46        263    0.000000   66.000000   6   5  80199   7
  47        264    0.000000   62.000000   6   5  80200   0
  48        265    0.000000   58.000000   6   5  80201   0
  49        266    0.000000   54.000000   6   5  80202   0
  50        267    0.000000   54.000000   6   5  80203   0
  51        268    0.000000   54.000000   6   5  80204   0
  52        269    0.000000  140.000000   6   5  81187   0
  53        270    0.000000  140.000000   6   5  81187   2
  54        271    0.000000  130.000000   6   5  81188   0
  55        272    0.000000  130.000000   6   5  81188   1
  56        273    0.000000  120.000000   6   5  81189   0
  57        274    0.000000  120.000000   6   5  81189   1
  58        275    0.000000  110.000000   6   5  81190   0
  59        276    0.000000  100.000000   6   5  81191   0
  60        277    0.000000  100.000000   6   5  81191   2
  61        278    0.000000  100.000000   6   5  81192   0
  62        279    0.000000  100.000000   6   5  81192   1
  63        280    0.000000   90.000000   6   5  81193   0
  64        281    0.000000   90.000000   6   5  81193   2
  65        282    0.000000   80.000000   6   5  81194   0
  66        283    0.000000   80.000000   6   5  81194   5
  67        284    0.000000   76.000000   6   5  81195   0
  68        285    0.000000   76.000000   6   5  81195   2
  69        286    0.000000   70.000000   6   5  81196   0
  70        287    0.000000   70.000000   6   5  81196   6
  71        288    0.000000   66.000000   6   5  81197   0
  72        289    0.000000   60.000000   6   5  81198   0
  73        290    0.000000   60.000000   6   5  81198   7
  74        291    0.000000   56.000000   6   5  81199   0
  75        292    0.000000   48.000000   6   5  81200   0
  76        293    0.000000   42.000000   6   5  81201   0
  77        294    0.000000   34.000000   6   5  81202   0
  78        295    0.000000   28.000000   6   5  81203   0
  79        296    0.000000   19.000000   6   5  81204   0
  80        297    0.000000    1.000000   6   5  81205   0
  81        298    0.000000   44.000000   6   5  81206   0
  82        299    0.000000   44.000000   6   5  81206   5
  83        300    0.000000   42.000000   6   5  81207   0
  84        301    0.000000   42.000000   6   5  81207   2
  85        302    0.000000  160.000000   6   5  82188   0
  86        303    0.000000  150.000000   6   5  82189   0
  87        304    0.000000  150.000000   6   5  82189   1
  88        305    0.000000  140.000000   6   5  82190   0
  89        306    0.000000  130.000000   6   5  82191   0
  90        307    0.000000  130.000000   6   5  82191   1
  91        308    0.000000  120.000000   6   5  82192   0
  92        309    0.000000  110.000000   6   5  82193   0
  93        310    0.000000  110.000000   6   5  82193   1
  94        311    0.000000  110.000000   6   5  82194   0
  95        312    0.000000  100.000000   6   5  82195   0
  96        313    0.000000  100.000000   6   5  82195   2
  97        314    0.000000   95.000000   6   5  82196   0
  98        315    0.000000   90.000000   6   5  82197   0
  99        316    0.000000   90.000000   6   5  82197   2
 100        317    0.000000   80.000000   6   5  82198   0
 101        318    0.000000   74.000000   6   5  82199   0
 102        319    0.000000   74.000000   6   5  82199   1
 103        320    0.000000   70.000000   6   5  82200   0
 104        321    0.000000   62.000000   6   5  82201   0
 105        322    0.000000   62.000000   6   5  82201   4
 106        323    0.000000   56.000000   6   5  82202   0
 107        324    0.000000   56.000000   6   5  82202  14
 108        325    0.000000   48.000000   6   5  82203   0
 109        326    0.000000   48.000000   6   5  82203   6
 110        327    0.000000   40.000000   6   5  82204   0
 111        328    0.000000   40.000000   6   5  82204  21
 112        329    0.000000   34.000000   6   5  82205   0
 113        330    0.000000   25.000000   6   5  82206   0
 114        331    0.000000   17.000000   6   5  82207   0
 115        332    0.000000   12.000000   6   5  82208   0
 116        333    0.000000  170.000000   6   5  83189   0
 117        334    0.000000  160.000000   6   5  83190   0
 118        335    0.000000  160.000000   6   5  83190   1
 119        336    0.000000  150.000000   6   5  83191   0
 120        337    0.000000  140.000000   6   5  83192   0
 121        338    0.000000  140.000000   6   5  83192   1
 122        339    0.000000  130.000000   6   5  83193   0
 123        340    0.000000  130.000000   6   5  83193   1
 124        341    0.000000  120.000000   6   5  83194   0
 125        342    0.000000  120.000000   6   5  83194   2
 126        343    0.000000  120.000000   6   5  83194   3
 127        344    0.000000  110.000000   6   5  83195   0
 128        345    0.000000  110.000000   6   5  83195   1
 129        346    0.000000  100.000000   6   5  83196   0
 130        347    0.000000  100.000000   6   5  83196   3
 131        348    0.000000   95.000000   6   5  83197   0
 132        349    0.000000   95.000000   6   5  83197   1
 133        350    0.000000   85.000000   6   5  83198   0
 134        351    0.000000   85.000000   6   5  83198   3
 135        352    0.000000   85.000000   6   5  83198   4
 136        353    0.000000   78.000000   6   5  83199   0
 137        354    0.000000   78.000000   6   5  83199   1
 138        355    0.000000   70.000000   6   5  83200   0
 139        356    0.000000   70.000000   6   5  83200   1
 140        357    0.000000   62.000000   6   5  83201   0
 141        358    0.000000   62.000000   6   5  83201   1
 142        359    0.000000   54.000000   6   5  83202   0
 143        360    0.000000   46.000000   6   5  83203   0
 144        361    0.000000   38.000000   6   5  83204   0
 145        362    0.000000   29.000000   6   5  83205   0
 146        363    0.000000   22.000000   6   5  83206   0
 147        364    0.000000   14.000000   6   5  83207   0
 148        365    0.000000    7.000000   6   5  83208   0
 149        366    0.000000    1.000000   6   5  83209   0
 
   p   ZAP IP   NR    Tp [MeV]
   1     1  1    1    7.000000
   2     0  2    1    1.000000
   3  1001  9    1    7.000000
   4  1002 31    1   13.000000
   5  1003 32    1   14.000000
   6  2003 33    1   20.000000
   7  2004 34    1    5.500000
--------------------------------------------------------------------------------
 
