 
--------------------------------------------------------------------------------
 93-Np-237   T= 0.00 K from IAEA/PD-2019       (ACEMAKER)
 ZAID= 93237.38u  MAT=9346  ZA= 93237
 AWR= 235.011800  STA=  1  ELIS=   0.000 MeV  LIS=  0  LISO=  0
--------------------------------------------------------------------------------
 NTOTR= 248 NTRAN=   2 NPROD= 246 NE=     131 EMAX= 200.000 MeV
   i     MT/MTD     Q [MeV]     T [MeV] LMF  MT    ZAP LFS
   1          5    0.000000    1.000000   3   5
   2         18  196.424000    2.500000   3  18
   3        219    0.000000  190.000000   6   5  78204   0
   4        220    0.000000  190.000000   6   5  78205   0
   5        221    0.000000  190.000000   6   5  78206   0
   6        222    0.000000  160.000000   6   5  79205   0
   7        223    0.000000  160.000000   6   5  79206   0
   8        224    0.000000  160.000000   6   5  79207   0
   9        225    0.000000  160.000000   6   5  79208   0
  10        226    0.000000  160.000000   6   5  79209   0
  11        227    0.000000  180.000000   6   5  79210   0
  12        228    0.000000  150.000000   6   5  80206   0
  13        229    0.000000  150.000000   6   5  80207   0
  14        230    0.000000  150.000000   6   5  80208   0
  15        231    0.000000  150.000000   6   5  80209   0
  16        232    0.000000  150.000000   6   5  80210   0
  17        233    0.000000  150.000000   6   5  80211   0
  18        234    0.000000  150.000000   6   5  80212   0
  19        235    0.000000  170.000000   6   5  80213   0
  20        236    0.000000  170.000000   6   5  80214   0
  21        237    0.000000  120.000000   6   5  81207   0
  22        238    0.000000  120.000000   6   5  81207   1
  23        239    0.000000  120.000000   6   5  81208   0
  24        240    0.000000  120.000000   6   5  81209   0
  25        241    0.000000  120.000000   6   5  81210   0
  26        242    0.000000  120.000000   6   5  81211   0
  27        243    0.000000  120.000000   6   5  81212   0
  28        244    0.000000  120.000000   6   5  81213   0
  29        245    0.000000  130.000000   6   5  81214   0
  30        246    0.000000  130.000000   6   5  81215   0
  31        247    0.000000  170.000000   6   5  81216   0
  32        248    0.000000  180.000000   6   5  81217   0
  33        249    0.000000  120.000000   6   5  82208   0
  34        250    0.000000  120.000000   6   5  82209   0
  35        251    0.000000  120.000000   6   5  82210   0
  36        252    0.000000  120.000000   6   5  82211   0
  37        253    0.000000  110.000000   6   5  82212   0
  38        254    0.000000  110.000000   6   5  82213   0
  39        255    0.000000  110.000000   6   5  82214   0
  40        256    0.000000  110.000000   6   5  82215   0
  41        257    0.000000  110.000000   6   5  82216   0
  42        258    0.000000  130.000000   6   5  82217   0
  43        259    0.000000  130.000000   6   5  82218   0
  44        260    0.000000  180.000000   6   5  82219   0
  45        261    0.000000  180.000000   6   5  82220   0
  46        262    0.000000  110.000000   6   5  83209   0
  47        263    0.000000  110.000000   6   5  83210   0
  48        264    0.000000  110.000000   6   5  83210   1
  49        265    0.000000  100.000000   6   5  83211   0
  50        266    0.000000   95.000000   6   5  83212   0
  51        267    0.000000   90.000000   6   5  83213   0
  52        268    0.000000   85.000000   6   5  83214   0
  53        269    0.000000   85.000000   6   5  83215   0
  54        270    0.000000   85.000000   6   5  83216   0
  55        271    0.000000   85.000000   6   5  83216   1
  56        272    0.000000   85.000000   6   5  83217   0
  57        273    0.000000   95.000000   6   5  83218   0
  58        274    0.000000  100.000000   6   5  83219   0
  59        275    0.000000  130.000000   6   5  83220   0
  60        276    0.000000  140.000000   6   5  83221   0
  61        277    0.000000  180.000000   6   5  83222   0
  62        278    0.000000  110.000000   6   5  84210   0
  63        279    0.000000  110.000000   6   5  84211   0
  64        280    0.000000  110.000000   6   5  84211   1
  65        281    0.000000  100.000000   6   5  84212   0
  66        282    0.000000   95.000000   6   5  84213   0
  67        283    0.000000   90.000000   6   5  84214   0
  68        284    0.000000   85.000000   6   5  84215   0
  69        285    0.000000   85.000000   6   5  84216   0
  70        286    0.000000   80.000000   6   5  84217   0
  71        287    0.000000   80.000000   6   5  84218   0
  72        288    0.000000   80.000000   6   5  84219   0
  73        289    0.000000   80.000000   6   5  84220   0
  74        290    0.000000   85.000000   6   5  84221   0
  75        291    0.000000  100.000000   6   5  84222   0
  76        292    0.000000  130.000000   6   5  84223   0
  77        293    0.000000  140.000000   6   5  84224   0
  78        294    0.000000  110.000000   6   5  85211   0
  79        295    0.000000  100.000000   6   5  85212   0
  80        296    0.000000  100.000000   6   5  85212   1
  81        297    0.000000   95.000000   6   5  85213   0
  82        298    0.000000   90.000000   6   5  85214   0
  83        299    0.000000   80.000000   6   5  85215   0
  84        300    0.000000   74.000000   6   5  85216   0
  85        301    0.000000   68.000000   6   5  85217   0
  86        302    0.000000   62.000000   6   5  85218   0
  87        303    0.000000   58.000000   6   5  85219   0
  88        304    0.000000   54.000000   6   5  85220   0
  89        305    0.000000   54.000000   6   5  85221   0
  90        306    0.000000   54.000000   6   5  85222   0
  91        307    0.000000   68.000000   6   5  85223   0
  92        308    0.000000   85.000000   6   5  85224   0
  93        309    0.000000  100.000000   6   5  85225   0
  94        310    0.000000  140.000000   6   5  85226   0
  95        311    0.000000  150.000000   6   5  85227   0
  96        312    0.000000  110.000000   6   5  86212   0
  97        313    0.000000  100.000000   6   5  86213   0
  98        314    0.000000   95.000000   6   5  86214   0
  99        315    0.000000   90.000000   6   5  86215   0
 100        316    0.000000   80.000000   6   5  86216   0
 101        317    0.000000   74.000000   6   5  86217   0
 102        318    0.000000   68.000000   6   5  86218   0
 103        319    0.000000   62.000000   6   5  86219   0
 104        320    0.000000   58.000000   6   5  86220   0
 105        321    0.000000   54.000000   6   5  86221   0
 106        322    0.000000   54.000000   6   5  86222   0
 107        323    0.000000   52.000000   6   5  86223   0
 108        324    0.000000   50.000000   6   5  86224   0
 109        325    0.000000   54.000000   6   5  86225   0
 110        326    0.000000   68.000000   6   5  86226   0
 111        327    0.000000   85.000000   6   5  86227   0
 112        328    0.000000  110.000000   6   5  86228   0
 113        329    0.000000  140.000000   6   5  86229   0
 114        330    0.000000  120.000000   6   5  87213   0
 115        331    0.000000  110.000000   6   5  87214   0
 116        332    0.000000  100.000000   6   5  87215   0
 117        333    0.000000   90.000000   6   5  87216   0
 118        334    0.000000   80.000000   6   5  87217   0
 119        335    0.000000   70.000000   6   5  87218   0
 120        336    0.000000   62.000000   6   5  87219   0
 121        337    0.000000   56.000000   6   5  87220   0
 122        338    0.000000   48.000000   6   5  87221   0
 123        339    0.000000   42.000000   6   5  87222   0
 124        340    0.000000   36.000000   6   5  87223   0
 125        341    0.000000   30.000000   6   5  87224   0
 126        342    0.000000   24.000000   6   5  87225   0
 127        343    0.000000   36.000000   6   5  87226   0
 128        344    0.000000   48.000000   6   5  87227   0
 129        345    0.000000   56.000000   6   5  87228   0
 130        346    0.000000   70.000000   6   5  87229   0
 131        347    0.000000   90.000000   6   5  87230   0
 132        348    0.000000  140.000000   6   5  87231   0
 133        349    0.000000  120.000000   6   5  88214   0
 134        350    0.000000  110.000000   6   5  88215   0
 135        351    0.000000  100.000000   6   5  88216   0
 136        352    0.000000   90.000000   6   5  88217   0
 137        353    0.000000   80.000000   6   5  88218   0
 138        354    0.000000   70.000000   6   5  88219   0
 139        355    0.000000   62.000000   6   5  88220   0
 140        356    0.000000   56.000000   6   5  88221   0
 141        357    0.000000   48.000000   6   5  88222   0
 142        358    0.000000   42.000000   6   5  88223   0
 143        359    0.000000   36.000000   6   5  88224   0
 144        360    0.000000   30.000000   6   5  88225   0
 145        361    0.000000   24.000000   6   5  88226   0
 146        362    0.000000   24.000000   6   5  88227   0
 147        363    0.000000   23.000000   6   5  88228   0
 148        364    0.000000   36.000000   6   5  88229   0
 149        365    0.000000   50.000000   6   5  88230   0
 150        366    0.000000   56.000000   6   5  88231   0
 151        367    0.000000   90.000000   6   5  88232   0
 152        368    0.000000  120.000000   6   5  89215   0
 153        369    0.000000  120.000000   6   5  89216   0
 154        370    0.000000  110.000000   6   5  89217   0
 155        371    0.000000   95.000000   6   5  89218   0
 156        372    0.000000   85.000000   6   5  89219   0
 157        373    0.000000   76.000000   6   5  89220   0
 158        374    0.000000   68.000000   6   5  89221   0
 159        375    0.000000   58.000000   6   5  89222   0
 160        376    0.000000   50.000000   6   5  89223   0
 161        377    0.000000   42.000000   6   5  89224   0
 162        378    0.000000   34.000000   6   5  89225   0
 163        379    0.000000   26.000000   6   5  89226   0
 164        380    0.000000   17.000000   6   5  89227   0
 165        381    0.000000   11.000000   6   5  89228   0
 166        382    0.000000    5.000000   6   5  89229   0
 167        383    0.000000   19.500000   6   5  89230   0
 168        384    0.000000   23.000000   6   5  89231   0
 169        385    0.000000   38.000000   6   5  89232   0
 170        386    0.000000   52.000000   6   5  89233   0
 171        387    0.000000  130.000000   6   5  90216   0
 172        388    0.000000  120.000000   6   5  90217   0
 173        389    0.000000  110.000000   6   5  90218   0
 174        390    0.000000   95.000000   6   5  90219   0
 175        391    0.000000   85.000000   6   5  90220   0
 176        392    0.000000   80.000000   6   5  90221   0
 177        393    0.000000   70.000000   6   5  90222   0
 178        394    0.000000   62.000000   6   5  90223   0
 179        395    0.000000   54.000000   6   5  90224   0
 180        396    0.000000   48.000000   6   5  90225   0
 181        397    0.000000   40.000000   6   5  90226   0
 182        398    0.000000   34.000000   6   5  90227   0
 183        399    0.000000   26.000000   6   5  90228   0
 184        400    0.000000   20.000000   6   5  90229   0
 185        401    0.000000   14.000000   6   5  90230   0
 186        402    0.000000   13.000000   6   5  90231   0
 187        403    0.000000    8.000000   6   5  90232   0
 188        404    0.000000   23.000000   6   5  90233   0
 189        405    0.000000   27.000000   6   5  90234   0
 190        406    0.000000  140.000000   6   5  91217   0
 191        407    0.000000  130.000000   6   5  91218   0
 192        408    0.000000  120.000000   6   5  91219   0
 193        409    0.000000  110.000000   6   5  91220   0
 194        410    0.000000   95.000000   6   5  91221   0
 195        411    0.000000   85.000000   6   5  91222   0
 196        412    0.000000   76.000000   6   5  91223   0
 197        413    0.000000   66.000000   6   5  91224   0
 198        414    0.000000   58.000000   6   5  91225   0
 199        415    0.000000   50.000000   6   5  91226   0
 200        416    0.000000   42.000000   6   5  91227   0
 201        417    0.000000   34.000000   6   5  91228   0
 202        418    0.000000   26.000000   6   5  91229   0
 203        419    0.000000   18.500000   6   5  91230   0
 204        420    0.000000   11.000000   6   5  91231   0
 205        421    0.000000    5.250000   6   5  91232   0
 206        422    0.000000    1.000000   6   5  91233   0
 207        423    0.000000   13.500000   6   5  91234   0
 208        424    0.000000   15.000000   6   5  91235   0
 209        425    0.000000  140.000000   6   5  92218   0
 210        426    0.000000  130.000000   6   5  92219   0
 211        427    0.000000  120.000000   6   5  92220   0
 212        428    0.000000  120.000000   6   5  92221   0
 213        429    0.000000  110.000000   6   5  92222   0
 214        430    0.000000   95.000000   6   5  92223   0
 215        431    0.000000   85.000000   6   5  92224   0
 216        432    0.000000   76.000000   6   5  92225   0
 217        433    0.000000   68.000000   6   5  92226   0
 218        434    0.000000   60.000000   6   5  92227   0
 219        435    0.000000   52.000000   6   5  92228   0
 220        436    0.000000   46.000000   6   5  92229   0
 221        437    0.000000   36.000000   6   5  92230   0
 222        438    0.000000   30.000000   6   5  92231   0
 223        439    0.000000   23.000000   6   5  92232   0
 224        440    0.000000   16.500000   6   5  92233   0
 225        441    0.000000    9.500000   6   5  92234   0
 226        442    0.000000   10.000000   6   5  92235   0
 227        443    0.000000   10.000000   6   5  92235   1
 228        444    0.000000    5.500000   6   5  92236   0
 229        445    0.000000  150.000000   6   5  93219   0
 230        446    0.000000  140.000000   6   5  93220   0
 231        447    0.000000  130.000000   6   5  93221   0
 232        448    0.000000  120.000000   6   5  93222   0
 233        449    0.000000  110.000000   6   5  93223   0
 234        450    0.000000  100.000000   6   5  93224   0
 235        461    0.000000   90.000000   6   5  93225   0
 236        462    0.000000   85.000000   6   5  93226   0
 237        463    0.000000   74.000000   6   5  93227   0
 238        464    0.000000   66.000000   6   5  93228   0
 239        465    0.000000   58.000000   6   5  93229   0
 240        466    0.000000   50.000000   6   5  93230   0
 241        467    0.000000   42.000000   6   5  93231   0
 242        468    0.000000   34.000000   6   5  93232   0
 243        469    0.000000   26.000000   6   5  93233   0
 244        470    0.000000   20.000000   6   5  93234   0
 245        471    0.000000   12.500000   6   5  93235   0
 246        472    0.000000    7.000000   6   5  93236   0
 247        473    0.000000    7.000000   6   5  93236   1
 248        474    0.000000    1.000000   6   5  93237   0
 
   p   ZAP IP   NR    Tp [MeV]
   1     1  1    2    2.500000
   2     0  2    1    1.000000
   3  1001  9    1    5.250000
   4  1002 31    1   10.000000
   5  1003 32    1    9.500000
   6  2003 33    1   13.500000
   7  2004 34    1    1.000000
--------------------------------------------------------------------------------
 
