 
--------------------------------------------------------------------------------
 67-Ho-165   T= 0.00 K from IAEA/PD-2019       (ACEMAKER)
 ZAID= 67165.38u  MAT=6725  ZA= 67165
 AWR= 163.513500  STA=  0  ELIS=   0.000 MeV  LIS=  0  LISO=  0
--------------------------------------------------------------------------------
 NTOTR= 183 NTRAN=  81 NPROD= 102 NE=     145 EMAX= 200.100 MeV
   i   FMn/MT     Q [MeV]     T [MeV] LMF  MT    ZAP LFS
   1        5   -0.243000    8.000000   3   5
   2       11  -19.863370   27.400000   3  11
   3       16  -14.662000   14.662000   3  16
   4       17  -23.070000   23.070000   3  17
   5       22   -7.557000   11.400000   3  22
   6       28  -13.877000   15.610000   3  28
   7       32  -17.924000   19.000000   3  32
   8       33  -19.863000   21.000000   3  33
   9       34  -20.437000   24.000000   3  34
  10       41  -20.148000   22.000000   3  41
  11       42  -28.344000   30.000000   3  42
  12       44  -21.872000   26.400000   3  44
  13       50   -7.988430    7.988430   3  50
  14       51   -8.025770    8.025770   3  51
  15       52   -8.082410    8.082410   3  52
  16       53   -8.128200    8.128200   3  53
  17       54   -8.154430    8.154430   3  54
  18       55   -8.177030    8.177030   3  55
  19       56   -8.179430    8.179430   3  56
  20       57   -8.192230    8.192230   3  57
  21       58   -8.222930    8.222930   3  58
  22       59   -8.249430    8.249430   3  59
  23       60   -8.263430    8.263430   3  60
  24       61   -8.282430    8.282430   3  61
  25       62   -8.285730    8.285730   3  62
  26       63   -8.306430    8.306430   3  63
  27       64   -8.331230    8.331230   3  64
  28       65   -8.355430    8.355430   3  65
  29       66   -8.382430    8.382430   3  66
  30       67   -8.409430    8.409430   3  67
  31       68   -8.418330    8.418330   3  68
  32       69   -8.441030    8.441030   3  69
  33       70   -8.474430    8.474430   3  70
  34       71   -8.487430    8.487430   3  71
  35       72   -8.546430    8.546430   3  72
  36       73   -8.569430    8.569430   3  73
  37       91   -8.569000    8.569000   3  91
  38      102    0.000000    5.000000   3 102
  39      104  -11.653000   13.100000   3 104
  40      105  -11.667000   13.100000   3 105
  41      106  -14.154000   17.600000   3 106
  42      111  -14.880000   19.000000   3 111
  43      112   -6.669000   12.400000   3 112
  44      115  -19.648000   24.000000   3 115
  45      116  -19.674000   24.000000   3 116
  46      600   -6.219030    8.000000   3 600
  47      601   -6.292422    7.000000   3 601
  48      602   -6.461261    8.000000   3 602
  49      603   -6.720352    8.400000   3 603
  50      604   -6.980850    8.400000   3 604
  51      605   -7.047220    8.400000   3 605
  52      606   -7.062710    9.000000   3 606
  53      607   -7.135030    8.400000   3 607
  54      608   -7.195920    8.400000   3 608
  55      609   -7.243670    8.400000   3 609
  56      610   -7.258330    8.400000   3 610
  57      611   -7.341800    9.000000   3 611
  58      612   -7.374780    9.000000   3 612
  59      613   -7.385030    9.000000   3 613
  60      614   -7.444170    9.000000   3 614
  61      615   -7.480330    9.400000   3 615
  62      616   -7.521630    9.400000   3 616
  63      649   -7.521600    8.400000   3 649
  64      800    0.140070    5.000000   3 800
  65      801    0.083781    5.000000   3 801
  66      802    0.006389    5.000000   3 802
  67      803   -0.090650    5.000000   3 803
  68      804   -0.174844    5.000000   3 804
  69      805   -0.254294    5.000000   3 805
  70      806   -0.277158    5.000000   3 806
  71      807   -0.340060    5.000000   3 807
  72      808   -0.348710    5.000000   3 808
  73      809   -0.358930    5.000000   3 809
  74      810   -0.379930    5.000000   3 810
  75      811   -0.417930    5.000000   3 811
  76      812   -0.443930    5.000000   3 812
  77      813   -0.445706    5.000000   3 813
  78      814   -0.461930    5.000000   3 814
  79      815   -0.497930    5.000000   3 815
  80      816   -0.557930    5.000000   3 816
  81      849   -0.558000    5.000000   3 849
  82    10004   -7.988430    8.000000  10   4  67164   0
  83    11004   -8.128200    8.128200  10   4  67164   1
  84 50056137  -44.611740  140.000000  10   5  56137   0
  85 50056138  -36.000310  100.100000  10   5  56138   0
  86 50057139  -38.224230  100.100000  10   5  57139   0
  87 50057140  -33.062800  120.000000  10   5  57140   0
  88 50057141  -26.374370  100.100000  10   5  57141   0
  89 50057142  -21.206940  100.100000  10   5  57142   0
  90 50058139  -59.098670  140.000000  10   5  58139   0
  91 50058140  -49.897240  120.000000  10   5  58140   0
  92 50058141  -44.468810  120.000000  10   5  58141   0
  93 50058142  -37.299380   90.000000  10   5  58142   0
  94 50058143  -32.154950  100.100000  10   5  58143   0
  95 50058144  -25.258520  100.100000  10   5  58144   0
  96 50058145  -20.526090  100.100000  10   5  58145   0
  97 50059141  -53.152160  100.100000  10   5  59141   0
  98 50059142  -47.309730  100.100000  10   5  59142   0
  99 50059143  -39.957300  100.100000  10   5  59143   0
 100 50059144  -34.203870   90.000000  10   5  59144   0
 101 50059145  -27.256440   80.000000  10   5  59145   0
 102 50059146  -22.055010   80.000000  10   5  59146   0
 103 50059147  -15.278580   70.000000  10   5  59147   0
 104 50059148  -10.192150   70.000000  10   5  59148   0
 105 50060143  -59.619740  100.100000  10   5  60143   0
 106 50060144  -51.803310   90.000000  10   5  60144   0
 107 50060145  -46.046880   90.000000  10   5  60145   0
 108 50060146  -38.481450   90.000000  10   5  60146   0
 109 50060147  -33.190020   80.000000  10   5  60147   0
 110 50060148  -25.856590   70.000000  10   5  60148   0
 111 50060149  -20.818160   70.000000  10   5  60149   0
 112 50060150  -13.437730   70.000000  10   5  60150   0
 113 50060151  -14.360630   70.000000  10   5  60151   0
 114 50061143  -69.926090  140.000000  10   5  61143   0
 115 50061144  -63.398660  120.000000  10   5  61144   0
 116 50061145  -55.474230  100.100000  10   5  61145   0
 117 50061146  -49.217800   90.000000  10   5  61146   0
 118 50061147  -41.558370   80.000000  10   5  61147   0
 119 50061148  -35.660940   70.000000  10   5  61148   0
 120 50061149  -28.391510   60.000000  10   5  61149   0
 121 50061150  -22.789080   55.000000  10   5  61150   0
 122 50061151  -14.925650   45.000000  10   5  61151   0
 123 50062146  -68.272240  120.000000  10   5  62146   0
 124 50062147  -61.930810  100.100000  10   5  62147   0
 125 50062148  -53.788380   80.000000  10   5  62148   0
 126 50062149  -47.916950   80.000000  10   5  62149   0
 127 50062150  -39.931520   70.000000  10   5  62150   0
 128 50062151  -34.335090   60.000000  10   5  62151   0
 129 50062152  -26.076660   55.000000  10   5  62152   0
 130 50062156   -7.673890   43.000000  10   5  62156   0
 131 50063147  -72.916160  140.000000  10   5  63147   0
 132 50063148  -66.160730  100.100000  10   5  63148   0
 133 50063149  -57.877300   90.000000  10   5  63149   0
 134 50063150  -51.455870   80.000000  10   5  63150   0
 135 50063151  -43.522440   70.000000  10   5  63151   0
 136 50063152  -37.216010   60.000000  10   5  63152   0
 137 50063153  -28.665580   45.000000  10   5  63153   0
 138 50063154  -22.223150   41.000000  10   5  63154   0
 139 50063158  -15.048250   35.000000  10   5  63158   0
 140 50064149  -79.786740  120.000000  10   5  64149   0
 141 50064150  -71.081300  100.100000  10   5  64150   0
 142 50064151  -64.582880   90.000000  10   5  64151   0
 143 50064152  -55.993450   70.000000  10   5  64152   0
 144 50064153  -49.746020   60.000000  10   5  64153   0
 145 50064154  -40.851590   55.000000  10   5  64154   0
 146 50064155  -34.416160   45.000000  10   5  64155   0
 147 50064156  -25.879730   39.000000  10   5  64156   0
 148 50064157  -19.519300   33.000000  10   5  64157   0
 149 50064158  -11.581870   23.400000  10   5  64158   0
 150 50064161  -21.611350   37.000000  10   5  64161   0
 151 50065151  -76.412230  140.000000  10   5  65151   0
 152 50065152  -69.247800  120.000000  10   5  65152   0
 153 50065153  -60.579370   80.000000  10   5  65153   0
 154 50065154  -53.677940   60.000000  10   5  65154   0
 155 50065155  -44.501510   50.100000  10   5  65155   0
 156 50065156  -37.588080   44.000000  10   5  65156   0
 157 50065157  -28.843650   34.000000  10   5  65157   0
 158 50065161  -12.054000   12.054000  10   5  65161   0
 159 50066154  -74.028380  100.100000  10   5  66154   0
 160 50066155  -67.192940   80.000000  10   5  66155   0
 161 50066156  -57.751520   60.000000  10   5  66156   0
 162 50066157  -50.782090   60.000000  10   5  66157   0
 163 50066158  -41.725660   45.000000  10   5  66158   0
 164 50066159  -11.823000   40.000000  10   5  66159   0
 165 50066160  -11.655000   30.400000  10   5  66160   0
 166 50067157  -62.586440   70.000000  10   5  67157   0
 167 50067158  -55.220010   55.220010  10   5  67158   0
 168 50067159  -45.996580   45.996580  10   5  67159   0
 169 50067160  -38.872150   39.000000  10   5  67160   0
 170    10022   -7.557000   35.000000  10  22  65160   0
 171    10023   -8.985220   45.000000  10  23  61152   0
 172    10024  -13.932000   18.000000  10  24  65159   0
 173    10025  -13.657000   26.400000  10  25  65158   0
 174    10029   -7.734290   25.410000  10  29  63156   0
 175    10030  -14.071720   31.000000  10  30  63155   0
 176    10035  -12.241800   45.000000  10  35  62154   0
 177    10036  -20.209230   50.100000  10  36  62153   0
 178    10037  -29.985000   29.985000  10  37  67161   0
 179    10045   -0.243000   24.000000  10  45  64159   0
 180    10108   -0.285860   18.000000  10 108  63157   0
 181    10109   -1.493790   60.000000  10 109  61153   0
 182    10112   -6.669000   42.000000  10 112  64160   0
 183    10114  -12.691700   45.000000  10 114  62155   0
 
   p   ZAP IP   NR    Tp [MeV]
   1     1  1   37    7.988430
   2     0  2   77    5.000000
   3  1001  9   27    7.000000
   4  1002 31    5    8.000000
   5  1003 32    4    8.000000
   6  2003 33    3    8.000000
   7  2004 34   21    5.000000
--------------------------------------------------------------------------------
 
