 
--------------------------------------------------------------------------------
 27-Co- 59   T= 0.00 K from IAEA/PD-2019       (ACEMAKER)
 ZAID= 27059.38u  MAT=2725  ZA= 27059
 AWR=  58.426930  STA=  0  ELIS=   0.000 MeV  LIS=  0  LISO=  0
--------------------------------------------------------------------------------
 NTOTR= 143 NTRAN= 143 NPROD=   0 NE=     249 EMAX= 200.000 MeV
   i     MT/MTD     Q [MeV]     T [MeV] LMF  MT    ZAP LFS
   1          5   -7.320000   13.500000   3   5
   2         11  -27.770370   35.000000   3  11
   3         16  -19.026000   19.026000   3  16
   4         17  -30.402000   30.402000   3  17
   5         22  -17.169000   19.750000   3  22
   6         28  -17.408000   18.500000   3  28
   7         32  -22.830000   24.000000   3  32
   8         33  -27.770000   29.000000   3  33
   9         34  -27.520000   30.000000   3  34
  10         41  -25.054000   26.500000   3  41
  11         42  -36.251000   38.000000   3  42
  12         44  -27.967000   30.000000   3  44
  13         50  -10.454430   10.454430   3  50
  14         51  -10.479380   10.479380   3  51
  15         52  -10.507580   10.507580   3  52
  16         53  -10.566190   10.566190   3  53
  17         54  -10.820090   10.820090   3  54
  18         55  -10.828360   10.828360   3  55
  19         56  -10.911930   10.911930   3  56
  20         57  -11.340060   11.340060   3  57
  21         58  -11.494550   11.494550   3  58
  22         59  -11.498690   11.498690   3  59
  23         60  -11.504620   11.504620   3  60
  24         61  -11.529930   11.529930   3  61
  25         62  -11.587430   11.587430   3  62
  26         63  -11.639060   11.639060   3  63
  27         64  -11.690980   11.690980   3  64
  28         65  -11.805940   11.805940   3  65
  29         66  -11.807900   11.807900   3  66
  30         67  -11.823430   11.823430   3  67
  31         68  -11.831310   11.831310   3  68
  32         69  -11.872550   11.872550   3  69
  33         70  -11.878430   11.878430   3  70
  34         71  -11.879030   11.879030   3  71
  35         72  -11.889330   11.889330   3  72
  36         73  -11.967750   11.967750   3  73
  37         74  -11.977000   11.977000   3  74
  38         75  -11.978830   11.978830   3  75
  39         76  -12.003240   12.003240   3  76
  40         77  -12.009170   12.009170   3  77
  41         78  -12.060050   12.060050   3  78
  42         79  -12.124330   12.124330   3  79
  43         80  -12.183670   12.183670   3  80
  44         81  -12.194930   12.194930   3  81
  45         82  -12.203780   12.203780   3  82
  46         83  -12.211630   12.211630   3  83
  47         84  -12.232430   12.232430   3  84
  48         85  -12.267730   12.267730   3  85
  49         86  -12.282430   12.282430   3  86
  50         87  -12.297430   12.297430   3  87
  51         88  -12.320230   12.320230   3  88
  52         89  -12.322130   12.322130   3  89
  53         91  -12.321700   12.321700   3  91
  54        102    0.000000    5.000000   3 102
  55        104  -15.184000   16.250000   3 104
  56        105  -16.573000   17.750000   3 105
  57        106  -20.249000   22.500000   3 106
  58        111  -19.317000   21.500000   3 111
  59        112  -15.010000   18.500000   3 112
  60        115  -25.743000   28.000000   3 115
  61        116  -26.757000   29.000000   3 116
  62        600   -7.364030    8.500000   3 600
  63        601   -8.174796    9.250000   3 601
  64        602   -9.038761   10.250000   3 602
  65        603   -9.440550   10.500000   3 603
  66        604   -9.497925   10.750000   3 604
  67        605   -9.621980   10.750000   3 605
  68        606   -9.964427   11.000000   3 606
  69        607  -10.146170   11.250000   3 607
  70        608  -10.228750   11.500000   3 608
  71        609  -10.240370   11.500000   3 609
  72        610  -10.334030   11.500000   3 610
  73        611  -10.447720   11.500000   3 611
  74        612  -10.498030   11.500000   3 612
  75        613  -10.597290   11.750000   3 613
  76        614  -10.608000   11.750000   3 614
  77        615  -10.753030   11.750000   3 615
  78        616  -10.813730   12.000000   3 616
  79        617  -10.902000   12.000000   3 617
  80        618  -10.907030   12.000000   3 618
  81        619  -10.960930   12.000000   3 619
  82        620  -10.993630   12.000000   3 620
  83        621  -11.118230   12.250000   3 621
  84        622  -11.153520   12.250000   3 622
  85        623  -11.218030   12.250000   3 623
  86        624  -11.224930   12.250000   3 624
  87        625  -11.244130   12.500000   3 625
  88        626  -11.250430   12.500000   3 626
  89        627  -11.265650   12.500000   3 627
  90        628  -11.374830   12.500000   3 628
  91        629  -11.379040   12.500000   3 629
  92        630  -11.452520   12.500000   3 630
  93        631  -11.503270   12.500000   3 631
  94        632  -11.522030   12.500000   3 632
  95        633  -11.578670   12.500000   3 633
  96        634  -11.594030   12.500000   3 634
  97        635  -11.601030   12.500000   3 635
  98        636  -11.661830   12.500000   3 636
  99        637  -11.676950   12.500000   3 637
 100        638  -11.686530   12.500000   3 638
 101        639  -11.704030   12.500000   3 639
 102        649  -11.704000   11.704000   3 649
 103        800   -6.942930    9.500000   3 800
 104        801   -7.068879    9.500000   3 801
 105        802   -7.927190   10.250000   3 802
 106        803   -8.232030   10.500000   3 803
 107        804   -8.235040   10.500000   3 804
 108        805   -8.235930   10.500000   3 805
 109        806   -8.471280   10.750000   3 806
 110        807   -8.827020   11.250000   3 807
 111        808   -8.958130   11.500000   3 808
 112        809   -9.141360   11.500000   3 809
 113        810   -9.157930   11.500000   3 810
 114        811   -9.195390   11.500000   3 811
 115        812   -9.209740   11.500000   3 812
 116        813   -9.223930   11.750000   3 813
 117        814   -9.254380   11.750000   3 814
 118        815   -9.308760   11.750000   3 815
 119        816   -9.322930   11.750000   3 816
 120        817   -9.341330   11.750000   3 817
 121        818   -9.369450   11.750000   3 818
 122        819   -9.506090   12.000000   3 819
 123        820   -9.524930   12.000000   3 820
 124        821   -9.564630   12.000000   3 821
 125        822   -9.637530   12.000000   3 822
 126        823   -9.670240   12.000000   3 823
 127        824   -9.683930   12.000000   3 824
 128        825   -9.695630   12.000000   3 825
 129        826   -9.765030   12.250000   3 826
 130        827   -9.766590   12.250000   3 827
 131        828   -9.771370   12.250000   3 828
 132        829   -9.816210   12.250000   3 829
 133        830   -9.867930   12.250000   3 830
 134        831   -9.896350   12.250000   3 831
 135        832   -9.919110   12.250000   3 832
 136        833   -9.926930   12.250000   3 833
 137        834   -9.934700   12.250000   3 834
 138        835   -9.948750   12.250000   3 835
 139        836   -9.970930   12.250000   3 836
 140        837   -9.978850   12.250000   3 837
 141        838   -9.980290   12.250000   3 838
 142        839   -9.982830   12.500000   3 839
 143        849   -9.982900   13.250000   3 849
 
   p   ZAP IP   NR    Tp [MeV]
   1     1  1   53   10.454430
   2     0  2  139    5.000000
   3  1001  9   50    8.500000
   4  1002 31    5   13.500000
   5  1003 32    4   13.500000
   6  2003 33    3   13.500000
   7  2004 34   44    9.500000
--------------------------------------------------------------------------------
 
