 
--------------------------------------------------------------------------------
 39-Y - 89   T= 0.00 K from IAEA/PD-2019       (ACEMAKER)
 ZAID= 39089.38u  MAT=3925  ZA= 39089
 AWR=  88.142100  STA=  0  ELIS=   0.000 MeV  LIS=  0  LISO=  0
--------------------------------------------------------------------------------
 NTOTR= 130 NTRAN= 130 NPROD=   0 NE=     225 EMAX= 200.000 MeV
   i     MT/MTD     Q [MeV]     T [MeV] LMF  MT    ZAP LFS
   1          5   -7.321000   14.200000   3   5
   2         11  -29.620370   37.400000   3  11
   3         16  -20.827000   20.827000   3  16
   4         17  -32.633000   32.633000   3  17
   5         22  -18.448000   21.400000   3  22
   6         28  -18.184000   19.600000   3  28
   7         32  -24.387000   26.000000   3  32
   8         33  -29.620000   31.000000   3  33
   9         34  -28.536000   31.000000   3  34
  10         41  -26.611000   28.000000   3  41
  11         42  -38.101000   39.000000   3  42
  12         44  -27.604000   30.000000   3  44
  13         50  -11.476430   11.476430   3  50
  14         51  -11.708360   11.708360   3  51
  15         52  -11.869290   11.869290   3  52
  16         53  -12.150980   12.150980   3  53
  17         54  -12.183150   12.183150   3  54
  18         55  -12.183430   12.183430   3  55
  19         56  -12.188430   12.188430   3  56
  20         57  -12.191590   12.191590   3  57
  21         58  -12.242830   12.242830   3  58
  22         59  -12.319610   12.319610   3  59
  23         60  -12.461260   12.461260   3  60
  24         61  -12.564640   12.564640   3  61
  25         62  -12.605560   12.605560   3  62
  26         63  -12.691430   12.691430   3  63
  27         64  -12.697690   12.697690   3  64
  28         65  -12.710430   12.710430   3  65
  29         66  -12.738430   12.738430   3  66
  30         67  -12.751730   12.751730   3  67
  31         68  -12.760380   12.760380   3  68
  32         69  -12.791430   12.791430   3  69
  33         70  -12.796570   12.796570   3  70
  34         71  -12.938030   12.938030   3  71
  35         72  -12.951430   12.951430   3  72
  36         74  -13.047230   13.047230   3  74
  37         75  -13.051860   13.051860   3  75
  38         76  -13.072330   13.072330   3  76
  39         77  -13.179160   13.179160   3  77
  40         78  -13.210430   13.210430   3  78
  41         79  -13.237430   13.237430   3  79
  42         80  -13.308430   13.308430   3  80
  43         81  -13.357430   13.357430   3  81
  44         82  -13.381430   13.381430   3  82
  45         83  -13.426430   13.426430   3  83
  46         84  -13.447430   13.447430   3  84
  47         91  -13.447000   13.447000   3  91
  48        102    0.000000    5.000000   3 102
  49        104  -15.960000   17.000000   3 104
  50        105  -18.130000   19.400000   3 105
  51        106  -19.886000   22.400000   3 106
  52        111  -17.685000   20.400000   3 111
  53        112  -14.985000   19.200000   3 112
  54        115  -25.380000   28.000000   3 115
  55        116  -27.773000   30.000000   3 116
  56        600   -7.071030    8.500000   3 600
  57        601   -8.907117   10.000000   3 601
  58        602   -9.805164   11.000000   3 602
  59        603  -10.223030   11.500000   3 603
  60        604  -10.289540   11.500000   3 604
  61        605  -10.449130   11.500000   3 605
  62        606  -10.557590   12.000000   3 606
  63        607  -10.593970   12.000000   3 607
  64        608  -10.655810   12.000000   3 608
  65        609  -10.706150   12.000000   3 609
  66        610  -11.023670   12.000000   3 610
  67        611  -11.064030   12.000000   3 611
  68        612  -11.090670   12.000000   3 612
  69        613  -11.106630   12.500000   3 613
  70        614  -11.110100   12.500000   3 614
  71        615  -11.241460   12.500000   3 615
  72        616  -11.242030   12.500000   3 616
  73        617  -11.295130   12.500000   3 617
  74        618  -11.297630   12.500000   3 618
  75        619  -11.298270   12.500000   3 619
  76        620  -11.339760   12.500000   3 620
  77        621  -11.370680   12.500000   3 621
  78        622  -11.426030   12.500000   3 622
  79        623  -11.438920   12.500000   3 623
  80        624  -11.484990   12.500000   3 624
  81        625  -11.511820   12.500000   3 625
  82        626  -11.523050   12.500000   3 626
  83        627  -11.556030   12.500000   3 627
  84        628  -11.585060   13.000000   3 628
  85        629  -11.585570   13.000000   3 629
  86        630  -11.592420   13.000000   3 630
  87        631  -11.627030   13.000000   3 631
  88        632  -11.684830   13.000000   3 632
  89        633  -11.703030   13.000000   3 633
  90        634  -11.716030   13.000000   3 634
  91        635  -11.758360   13.000000   3 635
  92        636  -11.813590   13.000000   3 636
  93        637  -11.842630   13.000000   3 637
  94        638  -11.869030   13.000000   3 638
  95        639  -11.872330   13.000000   3 639
  96        649  -11.872300   11.872300   3 649
  97        800   -7.958930   10.500000   3 800
  98        801   -8.110091   10.500000   3 801
  99        802   -8.239916   11.000000   3 802
 100        803   -8.472938   11.000000   3 803
 101        804   -8.690752   11.500000   3 804
 102        805   -8.827910   11.500000   3 805
 103        806   -8.844750   11.500000   3 806
 104        807   -8.878630   11.500000   3 807
 105        808   -8.878640   11.500000   3 808
 106        809   -8.909880   11.500000   3 809
 107        810   -9.133930   12.000000   3 810
 108        811   -9.134460   12.000000   3 811
 109        812   -9.252300   12.000000   3 812
 110        813   -9.254870   12.000000   3 813
 111        814   -9.343140   12.000000   3 814
 112        815   -9.403990   12.000000   3 815
 113        816   -9.408140   12.000000   3 816
 114        817   -9.455220   12.000000   3 817
 115        818   -9.590390   12.000000   3 818
 116        819   -9.627560   12.500000   3 819
 117        820   -9.706730   12.500000   3 820
 118        821   -9.745860   12.500000   3 821
 119        822   -9.751210   12.500000   3 822
 120        823   -9.761130   12.500000   3 823
 121        824   -9.811550   12.500000   3 824
 122        825   -9.849930   12.500000   3 825
 123        826   -9.888630   12.500000   3 826
 124        827   -9.908960   12.500000   3 827
 125        828   -9.958830   12.500000   3 828
 126        829   -9.987040   12.500000   3 829
 127        830   -9.998430   12.500000   3 830
 128        831  -10.011930   12.500000   3 831
 129        832  -10.046530   12.500000   3 832
 130        849  -10.046600   14.000000   3 849
 
   p   ZAP IP   NR    Tp [MeV]
   1     1  1   36   11.476430
   2     0  2  125    5.000000
   3  1001  9   50    8.500000
   4  1002 31    5   14.200000
   5  1003 32    4   14.200000
   6  2003 33    3   14.200000
   7  2004 34   37   10.500000
--------------------------------------------------------------------------------
 
