 
--------------------------------------------------------------------------------
 45-Rh-103   T= 0.00 K from IAEA/PD-2019       (ACEMAKER)
 ZAID= 45103.38u  MAT=4525  ZA= 45103
 AWR= 102.021500  STA=  0  ELIS=   0.000 MeV  LIS=  0  LISO=  0
--------------------------------------------------------------------------------
 NTOTR= 130 NTRAN= 130 NPROD=   0 NE=     194 EMAX= 200.000 MeV
   i     MT/MTD     Q [MeV]     T [MeV] LMF  MT    ZAP LFS
   1          5   -2.834000    6.600000   3   5
   2         11  -23.426370   31.000000   3  11
   3         16  -16.756000   16.756000   3  16
   4         17  -26.646000   26.646000   3  17
   5         22  -12.090000   15.000000   3  22
   6         28  -15.432000   17.000000   3  28
   7         32  -20.010000   21.500000   3  32
   8         33  -23.426000   25.000000   3  33
   9         34  -23.701000   26.500000   3  34
  10         41  -22.234000   23.500000   3  41
  11         42  -31.907000   33.000000   3  42
  12         44  -24.655000   27.500000   3  44
  13         50   -9.318430    9.318430   3  50
  14         51   -9.360370    9.360370   3  51
  15         52   -9.394430    9.394430   3  52
  16         53   -9.423646    9.423646   3  53
  17         54   -9.442181    9.442181   3  54
  18         55   -9.459160    9.459160   3  55
  19         56   -9.472890    9.472890   3  56
  20         57   -9.474924    9.474924   3  57
  21         58   -9.497110    9.497110   3  58
  22         59   -9.525305    9.525305   3  59
  23         60   -9.527170    9.527170   3  60
  24         61   -9.560700    9.560700   3  61
  25         62   -9.578000    9.578000   3  62
  26         63   -9.582270    9.582270   3  63
  27         64   -9.609970    9.609970   3  64
  28         65   -9.615720    9.615720   3  65
  29         66   -9.620650    9.620650   3  66
  30         67   -9.624320    9.624320   3  67
  31         68   -9.664200    9.664200   3  68
  32         69   -9.677530    9.677530   3  69
  33         70   -9.678040    9.678040   3  70
  34         71   -9.683230    9.683230   3  71
  35         72   -9.697040    9.697040   3  72
  36         73   -9.698430    9.698430   3  73
  37         74   -9.717820    9.717820   3  74
  38         75   -9.728340    9.728340   3  75
  39         76   -9.745950    9.745950   3  76
  40         77   -9.749910    9.749910   3  77
  41         78   -9.767790    9.767790   3  78
  42         79   -9.769030    9.769030   3  79
  43         80   -9.792770    9.792770   3  80
  44         81   -9.795280    9.795280   3  81
  45         82   -9.809430    9.809430   3  82
  46         83   -9.843530    9.843530   3  83
  47         84   -9.860570    9.860570   3  84
  48         85   -9.861980    9.861980   3  85
  49         86   -9.864320    9.864320   3  86
  50         87   -9.888080    9.888080   3  87
  51         88   -9.894360    9.894360   3  88
  52         89   -9.917370    9.917370   3  89
  53         91   -9.916940   10.000000   3  91
  54        102    0.000000    5.000000   3 102
  55        104  -13.208000   14.500000   3 104
  56        105  -13.753000   15.000000   3 105
  57        106  -16.937000   19.750000   3 106
  58        111  -16.264000   19.500000   3 111
  59        112   -9.624000   14.250000   3 112
  60        115  -22.431000   26.000000   3 115
  61        116  -22.938000   26.500000   3 116
  62        600   -6.213030    7.500000   3 600
  63        601   -6.688126    8.000000   3 601
  64        602   -7.156720    8.500000   3 602
  65        603   -7.316077    8.750000   3 603
  66        604   -7.319460    8.750000   3 604
  67        605   -7.734630    9.000000   3 605
  68        606   -7.793590    9.000000   3 606
  69        607   -7.816400    9.250000   3 607
  70        608   -8.012110    9.500000   3 608
  71        609   -8.050280    9.500000   3 609
  72        610   -8.086280    9.500000   3 610
  73        611   -8.181040    9.500000   3 611
  74        612   -8.249760    9.500000   3 612
  75        613   -8.256423    9.500000   3 613
  76        614   -8.365770    9.750000   3 614
  77        615   -8.403030    9.750000   3 615
  78        616   -8.432060    9.750000   3 616
  79        617   -8.453810    9.750000   3 617
  80        618   -8.474120   10.000000   3 618
  81        619   -8.515730   10.000000   3 619
  82        620   -8.580330   10.000000   3 620
  83        621   -8.586080   10.000000   3 621
  84        622   -8.598730   10.000000   3 622
  85        623   -8.633030   10.000000   3 623
  86        624   -8.654830   10.000000   3 624
  87        625   -8.673030   10.000000   3 625
  88        626   -8.680419   10.000000   3 626
  89        649   -8.680389    8.680389   3 649
  90        800   -3.123930    6.000000   3 800
  91        801   -3.264441    6.250000   3 801
  92        802   -3.266613    6.250000   3 802
  93        803   -3.305024    6.250000   3 803
  94        804   -3.633026    6.600000   3 804
  95        805   -3.658360    6.600000   3 805
  96        806   -3.660820    6.600000   3 806
  97        807   -3.736300    6.750000   3 807
  98        808   -3.749460    6.750000   3 808
  99        809   -3.776700    6.750000   3 809
 100        810   -3.795408    6.750000   3 810
 101        811   -3.843340    6.750000   3 811
 102        812   -3.850700    6.750000   3 812
 103        813   -3.863143    6.750000   3 813
 104        814   -3.885711    6.750000   3 814
 105        815   -3.885880    6.750000   3 815
 106        816   -4.008189    7.000000   3 816
 107        817   -4.044509    7.000000   3 817
 108        818   -4.110100    7.000000   3 818
 109        819   -4.127998    7.000000   3 819
 110        820   -4.141390    7.000000   3 820
 111        821   -4.143690    7.000000   3 821
 112        822   -4.196160    7.000000   3 822
 113        823   -4.205390    7.000000   3 823
 114        824   -4.251330    7.250000   3 824
 115        825   -4.253035    7.250000   3 825
 116        826   -4.258970    7.250000   3 826
 117        827   -4.265784    7.250000   3 827
 118        828   -4.273360    7.250000   3 828
 119        829   -4.295980    7.250000   3 829
 120        830   -4.300410    7.250000   3 830
 121        831   -4.322820    7.250000   3 831
 122        832   -4.327390    7.250000   3 832
 123        833   -4.328930    7.250000   3 833
 124        834   -4.331190    7.250000   3 834
 125        835   -4.367710    7.250000   3 835
 126        836   -4.392620    7.250000   3 836
 127        837   -4.430210    7.250000   3 837
 128        838   -4.433040    7.250000   3 838
 129        839   -4.444660    7.500000   3 839
 130        849   -4.444730    6.250000   3 849
 
   p   ZAP IP   NR    Tp [MeV]
   1     1  1   53    6.600000
   2     0  2  126    5.000000
   3  1001  9   37    6.600000
   4  1002 31    5    6.600000
   5  1003 32    4    6.600000
   6  2003 33    3    6.600000
   7  2004 34   44    6.000000
--------------------------------------------------------------------------------
 
