 
--------------------------------------------------------------------------------
 65-Tb-159   T= 0.00 K from IAEA/PD-2019       (ACEMAKER)
 ZAID= 65159.38u  MAT=6525  ZA= 65159
 AWR= 157.560100  STA=  0  ELIS=   0.000 MeV  LIS=  0  LISO=  0
--------------------------------------------------------------------------------
 NTOTR= 130 NTRAN= 130 NPROD=   0 NE=     180 EMAX= 200.000 MeV
   i     MT/MTD     Q [MeV]     T [MeV] LMF  MT    ZAP LFS
   1          5   -0.992860    6.500000   3   5
   2         11  -20.483370   28.400000   3  11
   3         16  -14.910000   15.000000   3  16
   4         17  -23.654000   23.654000   3  17
   5         22   -8.290001   12.000000   3  22
   6         28  -14.068000   15.600000   3  28
   7         32  -18.204000   20.000000   3  32
   8         33  -20.483000   22.000000   3  33
   9         34  -20.716000   24.000000   3  34
  10         41  -20.428000   22.000000   3  41
  11         42  -28.964000   30.400000   3  42
  12         44  -22.097000   26.000000   3  44
  13         50   -8.133430    8.133430   3  50
  14         51   -8.188470    8.188470   3  51
  15         52   -8.213330    8.213330   3  52
  16         53   -8.243730    8.243730   3  53
  17         54   -8.248930    8.248930   3  54
  18         55   -8.261730    8.261730   3  55
  19         56   -8.300830    8.300830   3  56
  20         57   -8.312330    8.312330   3  57
  21         58   -8.341230    8.341230   3  58
  22         59   -8.350730    8.350730   3  59
  23         60   -8.375430    8.375430   3  60
  24         61   -8.414030    8.414030   3  61
  25         62   -8.431930    8.431930   3  62
  26         63   -8.456030    8.456030   3  63
  27         64   -8.457430    8.457430   3  64
  28         65   -8.471530    8.471530   3  65
  29         66   -8.493230    8.493230   3  66
  30         67   -8.504630    8.504630   3  67
  31         68   -8.514530    8.514530   3  68
  32         69   -8.521830    8.521830   3  69
  33         70   -8.539430    8.539430   3  70
  34         71   -8.541530    8.541530   3  71
  35         72   -8.552730    8.552730   3  72
  36         73   -8.572430    8.572430   3  73
  37         74   -8.577830    8.577830   3  74
  38         75   -8.594330    8.594330   3  75
  39         76   -8.603130    8.603130   3  76
  40         77   -8.617430    8.617430   3  77
  41         78   -8.620730    8.620730   3  78
  42         79   -8.628830    8.628830   3  79
  43         80   -8.639330    8.639330   3  80
  44         81   -8.664430    8.664430   3  81
  45         82   -8.669430    8.669430   3  82
  46         83   -8.673430    8.673430   3  83
  47         84   -8.689430    8.689430   3  84
  48         85   -8.704430    8.704430   3  85
  49         86   -8.720430    8.720430   3  86
  50         87   -8.723430    8.723430   3  87
  51         88   -8.734930    8.734930   3  88
  52         89   -8.743530    8.743530   3  89
  53         91   -8.743101    8.743101   3  91
  54        102    0.000000    4.000000   3 102
  55        104  -11.844000   13.400000   3 104
  56        105  -11.947000   13.400000   3 105
  57        106  -14.379000   17.600000   3 106
  58        111  -14.649000   19.400000   3 111
  59        112   -6.791000   12.400000   3 112
  60        115  -19.873000   24.400000   3 115
  61        116  -19.953000   24.400000   3 116
  62        600   -6.131030    7.500000   3 600
  63        601   -6.210543    7.500000   3 601
  64        602   -6.392487    8.000000   3 602
  65        603   -6.670051    8.000000   3 603
  66        604   -7.035150    8.000000   3 604
  67        605   -7.108175    8.000000   3 605
  68        606   -7.154727    8.000000   3 606
  69        607   -7.172668    8.000000   3 607
  70        608   -7.289998    9.000000   3 608
  71        609   -7.307509    9.000000   3 609
  72        610   -7.318173    8.000000   3 610
  73        611   -7.327195    8.000000   3 611
  74        612   -7.390899    9.000000   3 612
  75        613   -7.394544    9.000000   3 613
  76        614   -7.396548    9.000000   3 614
  77        615   -7.481030    9.000000   3 615
  78        616   -7.489497    9.000000   3 616
  79        617   -7.502968    9.000000   3 617
  80        618   -7.511656    9.000000   3 618
  81        619   -7.522030    9.000000   3 619
  82        620   -7.533966    9.000000   3 620
  83        621   -7.537730    9.000000   3 621
  84        622   -7.545030    9.000000   3 622
  85        623   -7.571030    9.000000   3 623
  86        624   -7.583382    9.000000   3 624
  87        625   -7.612451    9.000000   3 625
  88        626   -7.630126    9.000000   3 626
  89        649   -7.630096    8.000000   3 649
  90        800   -0.138930    4.000000   3 800
  91        801   -0.217568    4.000000   3 801
  92        802   -0.243264    4.000000   3 802
  93        803   -0.307939    4.000000   3 803
  94        804   -0.318087    4.000000   3 804
  95        805   -0.384707    4.000000   3 805
  96        806   -0.393595    4.000000   3 806
  97        807   -0.439618    4.000000   3 807
  98        808   -0.446313    4.000000   3 808
  99        809   -0.496099    4.000000   3 809
 100        810   -0.530414    4.000000   3 810
 101        811   -0.581956    4.000000   3 811
 102        812   -0.626018    4.000000   3 812
 103        813   -0.639936    4.000000   3 813
 104        814   -0.743150    4.000000   3 814
 105        815   -0.763150    4.000000   3 815
 106        816   -0.766228    4.000000   3 816
 107        817   -0.907358    4.000000   3 817
 108        818   -0.920923    4.000000   3 818
 109        819   -0.924150    4.000000   3 819
 110        820   -0.940100    4.000000   3 820
 111        821   -0.956599    4.000000   3 821
 112        822   -1.015761    4.000000   3 822
 113        823   -1.020619    4.000000   3 823
 114        824   -1.050143    4.000000   3 824
 115        825   -1.062078    4.000000   3 825
 116        826   -1.083300    4.000000   3 826
 117        827   -1.095280    4.000000   3 827
 118        828   -1.106090    5.000000   3 828
 119        829   -1.112922    4.000000   3 829
 120        830   -1.116128    4.000000   3 830
 121        831   -1.118404    4.000000   3 831
 122        832   -1.121510    5.000000   3 832
 123        833   -1.146239    5.000000   3 833
 124        834   -1.146918    4.000000   3 834
 125        835   -1.160930    4.000000   3 835
 126        836   -1.192561    5.000000   3 836
 127        837   -1.193768    5.000000   3 837
 128        838   -1.203593    5.000000   3 838
 129        839   -1.207821    5.000000   3 839
 130        849   -1.207891    4.000000   3 849
 
   p   ZAP IP   NR    Tp [MeV]
   1     1  1   53    6.500000
   2     0  2  126    4.000000
   3  1001  9   37    6.500000
   4  1002 31    5    6.500000
   5  1003 32    4    6.500000
   6  2003 33    3    6.500000
   7  2004 34   44    4.000000
--------------------------------------------------------------------------------
 
