 
--------------------------------------------------------------------------------
 67-Ho-165   T= 0.00 K from IAEA/PD-2019       (ACEMAKER)
 ZAID= 67165.38u  MAT=6725  ZA= 67165
 AWR= 163.513500  STA=  0  ELIS=   0.000 MeV  LIS=  0  LISO=  0
--------------------------------------------------------------------------------
 NTOTR=  81 NTRAN=  81 NPROD=   0 NE=     141 EMAX= 200.100 MeV
   i     MT/MTD     Q [MeV]     T [MeV] LMF  MT    ZAP LFS
   1          5   -0.243000    8.000000   3   5
   2         11  -19.863370   27.400000   3  11
   3         16  -14.662000   14.662000   3  16
   4         17  -23.070000   23.070000   3  17
   5         22   -7.557000   11.400000   3  22
   6         28  -13.877000   15.610000   3  28
   7         32  -17.924000   19.000000   3  32
   8         33  -19.863000   21.000000   3  33
   9         34  -20.437000   24.000000   3  34
  10         41  -20.148000   22.000000   3  41
  11         42  -28.344000   30.000000   3  42
  12         44  -21.872000   26.400000   3  44
  13         50   -7.988430    7.988430   3  50
  14         51   -8.025770    8.025770   3  51
  15         52   -8.082410    8.082410   3  52
  16         53   -8.128200    8.128200   3  53
  17         54   -8.154430    8.154430   3  54
  18         55   -8.177030    8.177030   3  55
  19         56   -8.179430    8.179430   3  56
  20         57   -8.192230    8.192230   3  57
  21         58   -8.222930    8.222930   3  58
  22         59   -8.249430    8.249430   3  59
  23         60   -8.263430    8.263430   3  60
  24         61   -8.282430    8.282430   3  61
  25         62   -8.285730    8.285730   3  62
  26         63   -8.306430    8.306430   3  63
  27         64   -8.331230    8.331230   3  64
  28         65   -8.355430    8.355430   3  65
  29         66   -8.382430    8.382430   3  66
  30         67   -8.409430    8.409430   3  67
  31         68   -8.418330    8.418330   3  68
  32         69   -8.441030    8.441030   3  69
  33         70   -8.474430    8.474430   3  70
  34         71   -8.487430    8.487430   3  71
  35         72   -8.546430    8.546430   3  72
  36         73   -8.569430    8.569430   3  73
  37         91   -8.569000    8.569000   3  91
  38        102    0.000000    5.000000   3 102
  39        104  -11.653000   13.100000   3 104
  40        105  -11.667000   13.100000   3 105
  41        106  -14.154000   17.600000   3 106
  42        111  -14.880000   19.000000   3 111
  43        112   -6.669000   12.400000   3 112
  44        115  -19.648000   24.000000   3 115
  45        116  -19.674000   24.000000   3 116
  46        600   -6.219030    8.000000   3 600
  47        601   -6.292422    7.000000   3 601
  48        602   -6.461261    8.000000   3 602
  49        603   -6.720352    8.400000   3 603
  50        604   -6.980850    8.400000   3 604
  51        605   -7.047220    8.400000   3 605
  52        606   -7.062710    9.000000   3 606
  53        607   -7.135030    8.400000   3 607
  54        608   -7.195920    8.400000   3 608
  55        609   -7.243670    8.400000   3 609
  56        610   -7.258330    8.400000   3 610
  57        611   -7.341800    9.000000   3 611
  58        612   -7.374780    9.000000   3 612
  59        613   -7.385030    9.000000   3 613
  60        614   -7.444170    9.000000   3 614
  61        615   -7.480330    9.400000   3 615
  62        616   -7.521630    9.400000   3 616
  63        649   -7.521600    8.400000   3 649
  64        800    0.140070    5.000000   3 800
  65        801    0.083781    5.000000   3 801
  66        802    0.006389    5.000000   3 802
  67        803   -0.090650    5.000000   3 803
  68        804   -0.174844    5.000000   3 804
  69        805   -0.254294    5.000000   3 805
  70        806   -0.277158    5.000000   3 806
  71        807   -0.340060    5.000000   3 807
  72        808   -0.348710    5.000000   3 808
  73        809   -0.358930    5.000000   3 809
  74        810   -0.379930    5.000000   3 810
  75        811   -0.417930    5.000000   3 811
  76        812   -0.443930    5.000000   3 812
  77        813   -0.445706    5.000000   3 813
  78        814   -0.461930    5.000000   3 814
  79        815   -0.497930    5.000000   3 815
  80        816   -0.557930    5.000000   3 816
  81        849   -0.558000    5.000000   3 849
 
   p   ZAP IP   NR    Tp [MeV]
   1     1  1   37    7.988430
   2     0  2   77    5.000000
   3  1001  9   27    7.000000
   4  1002 31    5    8.000000
   5  1003 32    4    8.000000
   6  2003 33    3    8.000000
   7  2004 34   21    5.000000
--------------------------------------------------------------------------------
 
