 
--------------------------------------------------------------------------------
 12-Mg- 26   T= 0.00 K from IAEA/PD-2019       (ACEMAKER)
 ZAID= 12026.38u  MAT=1231  ZA= 12026
 AWR=  25.759390  STA=  0  ELIS=   0.000 MeV  LIS=  0  LISO=  0
--------------------------------------------------------------------------------
 NTOTR=  22 NTRAN=   1 NPROD=  21 NE=      90 EMAX= 140.000 MeV
   i     MT/MTD     Q [MeV]     T [MeV] LMF  MT    ZAP LFS
   1          5    0.000000   10.611800   3   5
   2   50010018    0.000000   56.243500   6   5  10018   0
   3   50010019    0.000000   46.000000   6   5  10019   0
   4   50010020    0.000000   29.000000   6   5  10020   0
   5   50010021    0.000000   22.000000   6   5  10021   0
   6   50010022    0.000000   11.500000   6   5  10022   0
   7   50010023    0.000000   35.000000   6   5  10023   0
   8   50010024    0.000000   25.000000   6   5  10024   0
   9   50011018    0.000000   95.964900   6   5  11018   0
  10   50011019    0.000000   76.377510   6   5  11019   0
  11   50011020    0.000000   62.217200   6   5  11020   0
  12   50011021    0.000000   46.000000   6   5  11021   0
  13   50011022    0.000000   35.000000   6   5  11022   0
  14   50011023    0.000000   22.000000   6   5  11023   0
  15   50011024    0.000000   22.000000   6   5  11024   0
  16   50011025    0.000000   14.142800   6   5  11025   0
  17   50012020    0.000000   82.212400   6   5  12020   0
  18   50012021    0.000000   67.484000   6   5  12021   0
  19   50012022    0.000000   48.102600   6   5  12022   0
  20   50012023    0.000000   34.954500   6   5  12023   0
  21   50012024    0.000000   17.823400   6   5  12024   0
  22   50012025    0.000000   11.092700   6   5  12025   0
 
   p   ZAP IP   NR    Tp [MeV]
   1     1  1    1   11.092700
   2     0  2    1   10.611800
   3  1001  9    1   14.142800
   4  1002 31    1   22.000000
   5  1003 32    1   22.000000
   6  2004 34    1   11.500000
--------------------------------------------------------------------------------
 
