 
--------------------------------------------------------------------------------
 13-Al- 27   T= 0.00 K from IAEA/PD-2019       (ACEMAKER)
 ZAID= 13027.38u  MAT=1325  ZA= 13027
 AWR=  26.750000  STA=  0  ELIS=   0.000 MeV  LIS=  0  LISO=  0
--------------------------------------------------------------------------------
 NTOTR=  41 NTRAN=   1 NPROD=  40 NE=     102 EMAX= 200.000 MeV
   i     MT/MTD     Q [MeV]     T [MeV] LMF  MT    ZAP LFS
   1          5    0.000000    2.000000   3   5
   2        201   -0.000013   13.058700   3 201
   3        203   -0.000008    8.272700   3 203
   4        204   -0.000017   17.141300   3 204
   5        205   -0.000018   19.000000   3 205
   6        206   -0.000024   25.000000   3 206
   7        207   -0.000010   11.000000   3 207
   8   50004008    0.000000    2.000000   6   5   4008   0
   9   50006012    0.000000    2.000000   6   5   6012   0
  10   50006013    0.000000    2.000000   6   5   6013   0
  11   50007013    0.000000    2.000000   6   5   7013   0
  12   50007014    0.000000    2.000000   6   5   7014   0
  13   50007015    0.000000    2.000000   6   5   7015   0
  14   50007016    0.000000    2.000000   6   5   7016   0
  15   50008015    0.000000    2.000000   6   5   8015   0
  16   50008016    0.000000    2.000000   6   5   8016   0
  17   50008017    0.000000    2.000000   6   5   8017   0
  18   50008018    0.000000    2.000000   6   5   8018   0
  19   50009017    0.000000    2.000000   6   5   9017   0
  20   50009018    0.000000    2.000000   6   5   9018   0
  21   50009019    0.000000    2.000000   6   5   9019   0
  22   50009020    0.000000    2.000000   6   5   9020   0
  23   50009021    0.000000    2.000000   6   5   9021   0
  24   50009022    0.000000    2.000000   6   5   9022   0
  25   50010019    0.000000    2.000000   6   5  10019   0
  26   50010020    0.000000    2.000000   6   5  10020   0
  27   50010021    0.000000    2.000000   6   5  10021   0
  28   50010022    0.000000    2.000000   6   5  10022   0
  29   50010023    0.000000    2.000000   6   5  10023   0
  30   50011021    0.000000    2.000000   6   5  11021   0
  31   50011022    0.000000    2.000000   6   5  11022   0
  32   50011023    0.000000    2.000000   6   5  11023   0
  33   50011024    0.000000    2.000000   6   5  11024   0
  34   50011025    0.000000    2.000000   6   5  11025   0
  35   50012023    0.000000    2.000000   6   5  12023   0
  36   50012024    0.000000    2.000000   6   5  12024   0
  37   50012025    0.000000    2.000000   6   5  12025   0
  38   50012026    0.000000    2.000000   6   5  12026   0
  39   50013024    0.000000    2.000000   6   5  13024   0
  40   50013025    0.000000    2.000000   6   5  13025   0
  41   50013026    0.000000    2.000000   6   5  13026   0
 
   p   ZAP IP   NR    Tp [MeV]
   1     1  1    1   13.000000
   2     0  2    1    2.000000
   3  1001  9    1    8.000000
   4  1002 31    1   17.000000
   5  1003 32    1   18.500000
   6  2003 33    1   24.500000
   7  2004 34    1   11.000000
--------------------------------------------------------------------------------
 
