 
--------------------------------------------------------------------------------
 14-Si- 27   T= 0.00 K from IAEA/PD-2019       (ACEMAKER)
 ZAID= 14027.38u  MAT=1422  ZA= 14027
 AWR=  26.754870  STA=  0  ELIS=   0.000 MeV  LIS=  0  LISO=  0
--------------------------------------------------------------------------------
 NTOTR=  17 NTRAN=   1 NPROD=  16 NE=      85 EMAX= 140.000 MeV
   i     MT/MTD     Q [MeV]     T [MeV] LMF  MT    ZAP LFS
   1          5    0.000000    7.464000   3   5
   2   50012020    0.000000   58.000000   6   5  12020   0
   3   50012021    0.000000   42.000000   6   5  12021   0
   4   50012022    0.000000   24.000000   6   5  12022   0
   5   50012023    0.000000   11.000000   6   5  12023   0
   6   50012024    0.000000   23.000000   6   5  12024   0
   7   50012025    0.000000   15.000000   6   5  12025   0
   8   50013020    0.000000  100.086800   6   5  13020   0
   9   50013021    0.000000   77.611500   6   5  13021   0
  10   50013022    0.000000   62.000000   6   5  13022   0
  11   50013023    0.000000   42.173700   6   5  13023   0
  12   50013024    0.000000   27.280300   6   5  13024   0
  13   50013025    0.000000   17.000000   6   5  13025   0
  14   50013026    0.000000    8.000000   6   5  13026   0
  15   50014022    0.000000   86.048310   6   5  14022   0
  16   50014023    0.000000   68.534890   6   5  14023   0
  17   50014026    0.000000   13.311800   6   5  14026   0
 
   p   ZAP IP   NR    Tp [MeV]
   1     1  1    1   13.311800
   2     0  2    1    7.464000
   3  1001  9    1    8.000000
   4  1002 31    1   17.000000
   5  1003 32    1   27.280300
   6  2004 34    1   11.000000
--------------------------------------------------------------------------------
 
