 
--------------------------------------------------------------------------------
 14-Si- 28   T= 0.00 K from IAEA/PD-2019       (ACEMAKER)
 ZAID= 14028.38u  MAT=1425  ZA= 14028
 AWR=  27.736590  STA=  0  ELIS=   0.000 MeV  LIS=  0  LISO=  0
--------------------------------------------------------------------------------
 NTOTR=  20 NTRAN=   1 NPROD=  19 NE=      90 EMAX= 140.000 MeV
   i     MT/MTD     Q [MeV]     T [MeV] LMF  MT    ZAP LFS
   1          5    0.000000    9.984300   3   5
   2   50012020    0.000000   73.773300   6   5  12020   0
   3   50012021    0.000000   59.044900   6   5  12021   0
   4   50012022    0.000000   40.000000   6   5  12022   0
   5   50012023    0.000000   26.515500   6   5  12023   0
   6   50012024    0.000000    9.984300   6   5  12024   0
   7   50012025    0.000000   32.000000   6   5  12025   0
   8   50012026    0.000000   21.000000   6   5  12026   0
   9   50013021    0.000000   95.000000   6   5  13021   0
  10   50013022    0.000000   78.747000   6   5  13022   0
  11   50013023    0.000000   60.000000   6   5  13023   0
  12   50013024    0.000000   44.459200   6   5  13024   0
  13   50013025    0.000000   28.000000   6   5  13025   0
  14   50013026    0.000000   24.000000   6   5  13026   0
  15   50013027    0.000000   12.000000   6   5  13027   0
  16   50014023    0.000000   85.713800   6   5  14023   0
  17   50014024    0.000000   64.533400   6   5  14024   0
  18   50014025    0.000000   49.534000   6   5  14025   0
  19   50014026    0.000000   30.490700   6   5  14026   0
  20   50014027    0.000000   17.178900   6   5  14027   0
 
   p   ZAP IP   NR    Tp [MeV]
   1     1  1    1   17.178900
   2     0  2    1    9.984300
   3  1001  9    1   12.000000
   4  1002 31    1   24.000000
   5  1003 32    1   28.000000
   6  2004 34    1    9.984300
--------------------------------------------------------------------------------
 
