 
--------------------------------------------------------------------------------
 14-Si- 29   T= 0.00 K from IAEA/PD-2019       (ACEMAKER)
 ZAID= 14029.38u  MAT=1428  ZA= 14029
 AWR=  28.727560  STA=  0  ELIS=   0.000 MeV  LIS=  0  LISO=  0
--------------------------------------------------------------------------------
 NTOTR=  21 NTRAN=   1 NPROD=  20 NE=      79 EMAX= 140.000 MeV
   i     MT/MTD     Q [MeV]     T [MeV] LMF  MT    ZAP LFS
   1          5    0.000000    8.473900   3   5
   2   50012020    0.000000   82.247200   6   5  12020   0
   3   50012021    0.000000   68.000000   6   5  12021   0
   4   50012022    0.000000   48.137400   6   5  12022   0
   5   50012023    0.000000   36.000000   6   5  12023   0
   6   50012024    0.000000   19.500000   6   5  12024   0
   7   50012025    0.000000   12.000000   6   5  12025   0
   8   50012026    0.000000   30.000000   6   5  12026   0
   9   50012027    0.000000   22.000000   6   5  12027   0
  10   50013022    0.000000   87.220800   6   5  13022   0
  11   50013023    0.000000   68.000000   6   5  13023   0
  12   50013024    0.000000   52.933100   6   5  13024   0
  13   50013025    0.000000   37.000000   6   5  13025   0
  14   50013026    0.000000   25.000000   6   5  13026   0
  15   50013027    0.000000   18.000000   6   5  13027   0
  16   50013028    0.000000   12.333400   6   5  13028   0
  17   50014024    0.000000   73.007300   6   5  14024   0
  18   50014025    0.000000   58.007900   6   5  14025   0
  19   50014026    0.000000   38.964500   6   5  14026   0
  20   50014027    0.000000   25.652800   6   5  14027   0
  21   50014028    0.000000    8.473900   6   5  14028   0
 
   p   ZAP IP   NR    Tp [MeV]
   1     1  1    1    8.473900
   2     0  2    1    8.473900
   3  1001  9    1   12.333400
   4  1002 31    1   18.000000
   5  1003 32    1   25.000000
   6  2004 34    1   12.000000
--------------------------------------------------------------------------------
 
