 
--------------------------------------------------------------------------------
 16-S - 34   T= 0.00 K from IAEA/PD-2019       (ACEMAKER)
 ZAID= 16034.38u  MAT=1631  ZA= 16034
 AWR=  33.676060  STA=  0  ELIS=   0.000 MeV  LIS=  0  LISO=  0
--------------------------------------------------------------------------------
 NTOTR=  21 NTRAN=   1 NPROD=  20 NE=      76 EMAX= 140.000 MeV
   i     MT/MTD     Q [MeV]     T [MeV] LMF  MT    ZAP LFS
   1          5    0.000000    7.923700   3   5
   2   50014025    0.000000   80.000000   6   5  14025   0
   3   50014026    0.000000   58.000000   6   5  14026   0
   4   50014027    0.000000   46.000000   6   5  14027   0
   5   50014028    0.000000   30.000000   6   5  14028   0
   6   50014029    0.000000   21.000000   6   5  14029   0
   7   50014030    0.000000   10.000000   6   5  14030   0
   8   50014031    0.000000   31.000000   6   5  14031   0
   9   50014032    0.000000   20.500000   6   5  14032   0
  10   50015026    0.000000   95.000000   6   5  15026   0
  11   50015027    0.000000   76.417800   6   5  15027   0
  12   50015028    0.000000   62.000000   6   5  15028   0
  13   50015029    0.000000   44.073100   6   5  15029   0
  14   50015030    0.000000   33.000000   6   5  15030   0
  15   50015031    0.000000   21.000000   6   5  15031   0
  16   50015032    0.000000   19.000000   6   5  15032   0
  17   50015033    0.000000   11.000000   6   5  15033   0
  18   50016030    0.000000   48.154900   6   5  16030   0
  19   50016031    0.000000   35.101100   6   5  16031   0
  20   50016032    0.000000   20.058800   6   5  16032   0
  21   50016033    0.000000   11.417100   6   5  16033   0
 
   p   ZAP IP   NR    Tp [MeV]
   1     1  1    1   11.417100
   2     0  2    1    7.923700
   3  1001  9    1   11.000000
   4  1002 31    1   19.000000
   5  1003 32    1   21.000000
   6  2004 34    1   10.000000
--------------------------------------------------------------------------------
 
