 
--------------------------------------------------------------------------------
 16-S - 33   T= 0.00 K from IAEA/PD-2019       (ACEMAKER)
 ZAID= 16033.38u  MAT=1628  ZA= 16033
 AWR=  32.688220  STA=  0  ELIS=   0.000 MeV  LIS=  0  LISO=  0
--------------------------------------------------------------------------------
 NTOTR=  23 NTRAN=   1 NPROD=  22 NE=      81 EMAX= 140.000 MeV
   i     MT/MTD     Q [MeV]     T [MeV] LMF  MT    ZAP LFS
   1          5    0.000000    7.116100   3   5
   2   50014024    0.000000   80.123400   6   5  14024   0
   3   50014025    0.000000   66.000000   6   5  14025   0
   4   50014026    0.000000   48.000000   6   5  14026   0
   5   50014027    0.000000   34.000000   6   5  14027   0
   6   50014028    0.000000   17.000000   6   5  14028   0
   7   50014029    0.000000    8.000000   6   5  14029   0
   8   50014030    0.000000   26.000000   6   5  14030   0
   9   50014031    0.000000   19.500000   6   5  14031   0
  10   50015025    0.000000  100.370400   6   5  15025   0
  11   50015026    0.000000   83.382100   6   5  15026   0
  12   50015027    0.000000   66.000000   6   5  15027   0
  13   50015028    0.000000   50.518300   6   5  15028   0
  14   50015029    0.000000   33.000000   6   5  15029   0
  15   50015030    0.000000   22.000000   6   5  15030   0
  16   50015031    0.000000   15.281300   6   5  15031   0
  17   50015032    0.000000   10.000000   6   5  15032   0
  18   50016027    0.000000   91.636910   6   5  16027   0
  19   50016028    0.000000   71.073500   6   5  16028   0
  20   50016029    0.000000   55.712200   6   5  16029   0
  21   50016030    0.000000   36.737800   6   5  16030   0
  22   50016031    0.000000   23.684000   6   5  16031   0
  23   50016032    0.000000    8.641600   6   5  16032   0
 
   p   ZAP IP   NR    Tp [MeV]
   1     1  1    1    8.641600
   2     0  2    1    7.116100
   3  1001  9    1   10.000000
   4  1002 31    1   15.281300
   5  1003 32    1   22.000000
   6  2004 34    1    8.000000
--------------------------------------------------------------------------------
 
