 
--------------------------------------------------------------------------------
 16-S - 32   T= 0.00 K from IAEA/PD-2019       (ACEMAKER)
 ZAID= 16032.38u  MAT=1625  ZA= 16032
 AWR=  31.697410  STA=  0  ELIS=   0.000 MeV  LIS=  0  LISO=  0
--------------------------------------------------------------------------------
 NTOTR=  23 NTRAN=   1 NPROD=  22 NE=      81 EMAX= 140.000 MeV
   i     MT/MTD     Q [MeV]     T [MeV] LMF  MT    ZAP LFS
   1          5    0.000000    6.948400   3   5
   2   50014023    0.000000   95.000000   6   5  14023   0
   3   50014024    0.000000   74.000000   6   5  14024   0
   4   50014025    0.000000   58.000000   6   5  14025   0
   5   50014026    0.000000   40.000000   6   5  14026   0
   6   50014027    0.000000   27.000000   6   5  14027   0
   7   50014028    0.000000    6.948400   6   5  14028   0
   8   50014029    0.000000   28.000000   6   5  14029   0
   9   50014030    0.000000   17.000000   6   5  14030   0
  10   50015024    0.000000  112.775200   6   5  15024   0
  11   50015025    0.000000   91.728800   6   5  15025   0
  12   50015026    0.000000   74.740400   6   5  15026   0
  13   50015027    0.000000   56.359000   6   5  15027   0
  14   50015028    0.000000   42.000000   6   5  15028   0
  15   50015029    0.000000   24.014400   6   5  15029   0
  16   50015030    0.000000   19.500000   6   5  15030   0
  17   50015031    0.000000    9.500000   6   5  15031   0
  18   50016026    0.000000  101.602700   6   5  16026   0
  19   50016027    0.000000   82.995300   6   5  16027   0
  20   50016028    0.000000   62.431900   6   5  16028   0
  21   50016029    0.000000   47.070500   6   5  16029   0
  22   50016030    0.000000   28.096100   6   5  16030   0
  23   50016031    0.000000   15.042300   6   5  16031   0
 
   p   ZAP IP   NR    Tp [MeV]
   1     1  1    1   15.042300
   2     0  2    1    6.948400
   3  1001  9    1    9.500000
   4  1002 31    1   19.500000
   5  1003 32    1   24.014400
   6  2004 34    1    6.948400
--------------------------------------------------------------------------------
 
