 
--------------------------------------------------------------------------------
 16-S - 36   T= 0.00 K from IAEA/PD-2019       (ACEMAKER)
 ZAID= 16036.38u  MAT=1637  ZA= 16036
 AWR=  35.658100  STA=  0  ELIS=   0.000 MeV  LIS=  0  LISO=  0
--------------------------------------------------------------------------------
 NTOTR=  24 NTRAN=   1 NPROD=  23 NE=      81 EMAX= 140.000 MeV
   i     MT/MTD     Q [MeV]     T [MeV] LMF  MT    ZAP LFS
   1          5    0.000000    9.008100   3   5
   2   50014027    0.000000   62.000000   6   5  14027   0
   3   50014028    0.000000   44.000000   6   5  14028   0
   4   50014029    0.000000   37.000000   6   5  14029   0
   5   50014030    0.000000   26.000000   6   5  14030   0
   6   50014031    0.000000   20.000000   6   5  14031   0
   7   50014032    0.000000   10.000000   6   5  14032   0
   8   50014034    0.000000   25.284300   6   5  14034   0
   9   50015027    0.000000   93.292400   6   5  15027   0
  10   50015028    0.000000   78.810100   6   5  15028   0
  11   50015029    0.000000   60.947800   6   5  15029   0
  12   50015030    0.000000   50.000000   6   5  15030   0
  13   50015031    0.000000   38.000000   6   5  15031   0
  14   50015032    0.000000   30.000000   6   5  15032   0
  15   50015033    0.000000   19.500000   6   5  15033   0
  16   50015034    0.000000   19.500000   6   5  15034   0
  17   50015035    0.000000   13.095400   6   5  15035   0
  18   50016029    0.000000   84.003900   6   5  16029   0
  19   50016030    0.000000   65.029500   6   5  16030   0
  20   50016031    0.000000   51.975700   6   5  16031   0
  21   50016032    0.000000   36.933400   6   5  16032   0
  22   50016033    0.000000   28.291800   6   5  16033   0
  23   50016034    0.000000   16.874600   6   5  16034   0
  24   50016035    0.000000    9.888700   6   5  16035   0
 
   p   ZAP IP   NR    Tp [MeV]
   1     1  1    1    9.888700
   2     0  2    1    9.008100
   3  1001  9    1   13.095400
   4  1002 31    1   19.500000
   5  1003 32    1   19.500000
   6  2004 34    1   10.000000
--------------------------------------------------------------------------------
 
