 
--------------------------------------------------------------------------------
 17-Cl- 37   T= 0.00 K from IAEA/PD-2019       (ACEMAKER)
 ZAID= 17037.38u  MAT=1731  ZA= 17037
 AWR=  36.648350  STA=  0  ELIS=   0.000 MeV  LIS=  0  LISO=  0
--------------------------------------------------------------------------------
 NTOTR= 181 NTRAN=   1 NPROD= 180 NE=     139 EMAX= 200.000 MeV
   i     MT/MTD     Q [MeV]     T [MeV] LMF  MT    ZAP LFS
   1          5    0.000000    1.000000   3   5
   2   50005007    0.000000  160.000000   6   5   5007   0
   3   50005008    0.000000  140.000000   6   5   5008   0
   4   50005009    0.000000  120.000000   6   5   5009   0
   5   50005010    0.000000  110.000000   6   5   5010   0
   6   50005011    0.000000  100.000000   6   5   5011   0
   7   50005012    0.000000   90.000000   6   5   5012   0
   8   50005013    0.000000   85.000000   6   5   5013   0
   9   50005014    0.000000   90.000000   6   5   5014   0
  10   50005015    0.000000  100.000000   6   5   5015   0
  11   50005016    0.000000  120.000000   6   5   5016   0
  12   50005017    0.000000  140.000000   6   5   5017   0
  13   50005018    0.000000  150.000000   6   5   5018   0
  14   50005019    0.000000  170.000000   6   5   5019   0
  15   50005020    0.000000  190.000000   6   5   5020   0
  16   50006008    0.000000  170.000000   6   5   6008   0
  17   50006009    0.000000  150.000000   6   5   6009   0
  18   50006010    0.000000  140.000000   6   5   6010   0
  19   50006011    0.000000  120.000000   6   5   6011   0
  20   50006012    0.000000  100.000000   6   5   6012   0
  21   50006013    0.000000   90.000000   6   5   6013   0
  22   50006014    0.000000   85.000000   6   5   6014   0
  23   50006015    0.000000   85.000000   6   5   6015   0
  24   50006016    0.000000   80.000000   6   5   6016   0
  25   50006017    0.000000   95.000000   6   5   6017   0
  26   50006018    0.000000  110.000000   6   5   6018   0
  27   50006019    0.000000  120.000000   6   5   6019   0
  28   50006020    0.000000  140.000000   6   5   6020   0
  29   50006021    0.000000  150.000000   6   5   6021   0
  30   50006022    0.000000  170.000000   6   5   6022   0
  31   50007010    0.000000  170.000000   6   5   7010   0
  32   50007011    0.000000  140.000000   6   5   7011   0
  33   50007012    0.000000  130.000000   6   5   7012   0
  34   50007013    0.000000  110.000000   6   5   7013   0
  35   50007014    0.000000   95.000000   6   5   7014   0
  36   50007015    0.000000   85.000000   6   5   7015   0
  37   50007016    0.000000   70.000000   6   5   7016   0
  38   50007017    0.000000   62.000000   6   5   7017   0
  39   50007018    0.000000   76.000000   6   5   7018   0
  40   50007019    0.000000   78.000000   6   5   7019   0
  41   50007020    0.000000  100.000000   6   5   7020   0
  42   50007021    0.000000  110.000000   6   5   7021   0
  43   50007022    0.000000  120.000000   6   5   7022   0
  44   50007023    0.000000  140.000000   6   5   7023   0
  45   50007024    0.000000  160.000000   6   5   7024   0
  46   50007025    0.000000  180.000000   6   5   7025   0
  47   50008012    0.000000  160.000000   6   5   8012   0
  48   50008013    0.000000  140.000000   6   5   8013   0
  49   50008014    0.000000  120.000000   6   5   8014   0
  50   50008015    0.000000   95.000000   6   5   8015   0
  51   50008016    0.000000   85.000000   6   5   8016   0
  52   50008017    0.000000   70.000000   6   5   8017   0
  53   50008018    0.000000   62.000000   6   5   8018   0
  54   50008019    0.000000   64.000000   6   5   8019   0
  55   50008020    0.000000   62.000000   6   5   8020   0
  56   50008021    0.000000   74.000000   6   5   8021   0
  57   50008022    0.000000   78.000000   6   5   8022   0
  58   50008023    0.000000   95.000000   6   5   8023   0
  59   50008024    0.000000  110.000000   6   5   8024   0
  60   50008025    0.000000  130.000000   6   5   8025   0
  61   50008026    0.000000  140.000000   6   5   8026   0
  62   50008027    0.000000  170.000000   6   5   8027   0
  63   50009014    0.000000  160.000000   6   5   9014   0
  64   50009015    0.000000  130.000000   6   5   9015   0
  65   50009016    0.000000  120.000000   6   5   9016   0
  66   50009017    0.000000   95.000000   6   5   9017   0
  67   50009018    0.000000   78.000000   6   5   9018   0
  68   50009019    0.000000   66.000000   6   5   9019   0
  69   50009020    0.000000   54.000000   6   5   9020   0
  70   50009021    0.000000   46.000000   6   5   9021   0
  71   50009022    0.000000   62.000000   6   5   9022   0
  72   50009023    0.000000   62.000000   6   5   9023   0
  73   50009024    0.000000   78.000000   6   5   9024   0
  74   50009025    0.000000   85.000000   6   5   9025   0
  75   50009026    0.000000  110.000000   6   5   9026   0
  76   50009027    0.000000  130.000000   6   5   9027   0
  77   50009028    0.000000  140.000000   6   5   9028   0
  78   50010016    0.000000  150.000000   6   5  10016   0
  79   50010017    0.000000  120.000000   6   5  10017   0
  80   50010018    0.000000  100.000000   6   5  10018   0
  81   50010019    0.000000   90.000000   6   5  10019   0
  82   50010020    0.000000   68.000000   6   5  10020   0
  83   50010021    0.000000   62.000000   6   5  10021   0
  84   50010022    0.000000   50.000000   6   5  10022   0
  85   50010023    0.000000   50.000000   6   5  10023   0
  86   50010024    0.000000   44.000000   6   5  10024   0
  87   50010025    0.000000   60.000000   6   5  10025   0
  88   50010026    0.000000   62.000000   6   5  10026   0
  89   50010027    0.000000   85.000000   6   5  10027   0
  90   50010028    0.000000   90.000000   6   5  10028   0
  91   50010029    0.000000  110.000000   6   5  10029   0
  92   50010030    0.000000  160.000000   6   5  10030   0
  93   50011018    0.000000  150.000000   6   5  11018   0
  94   50011019    0.000000  120.000000   6   5  11019   0
  95   50011020    0.000000   95.000000   6   5  11020   0
  96   50011021    0.000000   76.000000   6   5  11021   0
  97   50011022    0.000000   62.000000   6   5  11022   0
  98   50011023    0.000000   50.000000   6   5  11023   0
  99   50011024    0.000000   42.000000   6   5  11024   0
 100   50011025    0.000000   32.000000   6   5  11025   0
 101   50011026    0.000000   48.000000   6   5  11026   0
 102   50011027    0.000000   48.000000   6   5  11027   0
 103   50011028    0.000000   66.000000   6   5  11028   0
 104   50011029    0.000000   70.000000   6   5  11029   0
 105   50011030    0.000000   90.000000   6   5  11030   0
 106   50011031    0.000000   95.000000   6   5  11031   0
 107   50012019    0.000000  160.000000   6   5  12019   0
 108   50012020    0.000000  130.000000   6   5  12020   0
 109   50012021    0.000000  110.000000   6   5  12021   0
 110   50012022    0.000000   90.000000   6   5  12022   0
 111   50012023    0.000000   74.000000   6   5  12023   0
 112   50012024    0.000000   58.000000   6   5  12024   0
 113   50012025    0.000000   50.000000   6   5  12025   0
 114   50012026    0.000000   38.000000   6   5  12026   0
 115   50012027    0.000000   38.000000   6   5  12027   0
 116   50012028    0.000000   32.000000   6   5  12028   0
 117   50012029    0.000000   48.000000   6   5  12029   0
 118   50012030    0.000000   50.000000   6   5  12030   0
 119   50012031    0.000000   68.000000   6   5  12031   0
 120   50012032    0.000000   70.000000   6   5  12032   0
 121   50013021    0.000000  150.000000   6   5  13021   0
 122   50013022    0.000000  120.000000   6   5  13022   0
 123   50013023    0.000000  100.000000   6   5  13023   0
 124   50013024    0.000000   85.000000   6   5  13024   0
 125   51013024    0.000000   85.000000   6   5  13024   1
 126   50013025    0.000000   64.000000   6   5  13025   0
 127   50013026    0.000000   52.000000   6   5  13026   0
 128   51013026    0.000000   52.000000   6   5  13026   1
 129   50013027    0.000000   38.000000   6   5  13027   0
 130   50013028    0.000000   29.000000   6   5  13028   0
 131   50013029    0.000000   19.500000   6   5  13029   0
 132   50013030    0.000000   34.000000   6   5  13030   0
 133   50013031    0.000000   36.000000   6   5  13031   0
 134   50013032    0.000000   52.000000   6   5  13032   0
 135   50013033    0.000000   54.000000   6   5  13033   0
 136   50014022    0.000000  170.000000   6   5  14022   0
 137   50014023    0.000000  140.000000   6   5  14023   0
 138   50014024    0.000000  120.000000   6   5  14024   0
 139   50014025    0.000000  100.000000   6   5  14025   0
 140   50014026    0.000000   78.000000   6   5  14026   0
 141   50014027    0.000000   64.000000   6   5  14027   0
 142   50014028    0.000000   46.000000   6   5  14028   0
 143   50014029    0.000000   38.000000   6   5  14029   0
 144   50014030    0.000000   26.000000   6   5  14030   0
 145   50014031    0.000000   25.000000   6   5  14031   0
 146   50014032    0.000000   18.000000   6   5  14032   0
 147   50014033    0.000000   34.000000   6   5  14033   0
 148   50014034    0.000000   34.000000   6   5  14034   0
 149   50015024    0.000000  170.000000   6   5  15024   0
 150   50015025    0.000000  140.000000   6   5  15025   0
 151   50015026    0.000000  110.000000   6   5  15026   0
 152   50015027    0.000000   90.000000   6   5  15027   0
 153   50015028    0.000000   70.000000   6   5  15028   0
 154   50015029    0.000000   52.000000   6   5  15029   0
 155   50015030    0.000000   40.000000   6   5  15030   0
 156   50015031    0.000000   27.000000   6   5  15031   0
 157   50015032    0.000000   18.500000   6   5  15032   0
 158   50015033    0.000000    8.500000   6   5  15033   0
 159   50015034    0.000000   23.000000   6   5  15034   0
 160   50015035    0.000000   22.000000   6   5  15035   0
 161   50016026    0.000000  150.000000   6   5  16026   0
 162   50016027    0.000000  130.000000   6   5  16027   0
 163   50016028    0.000000  110.000000   6   5  16028   0
 164   50016029    0.000000   90.000000   6   5  16029   0
 165   50016030    0.000000   68.000000   6   5  16030   0
 166   50016031    0.000000   54.000000   6   5  16031   0
 167   50016032    0.000000   38.000000   6   5  16032   0
 168   50016033    0.000000   29.000000   6   5  16033   0
 169   50016034    0.000000   17.000000   6   5  16034   0
 170   50016035    0.000000   16.500000   6   5  16035   0
 171   50016036    0.000000    8.500000   6   5  16036   0
 172   50017029    0.000000  120.000000   6   5  17029   0
 173   50017030    0.000000  100.000000   6   5  17030   0
 174   50017031    0.000000   76.000000   6   5  17031   0
 175   50017032    0.000000   60.000000   6   5  17032   0
 176   50017033    0.000000   44.000000   6   5  17033   0
 177   50017034    0.000000   32.000000   6   5  17034   0
 178   51017034    0.000000   32.000000   6   5  17034   1
 179   50017035    0.000000   19.500000   6   5  17035   0
 180   50017036    0.000000   10.500000   6   5  17036   0
 181   50017037    0.000000    1.000000   6   5  17037   0
 
   p   ZAP IP   NR    Tp [MeV]
   1     1  1    1   10.310850
   2     0  2    1    1.000000
   3  1001  9    1    8.386378
   4  1002 31    1   16.051050
   5  1003 32    1   16.779660
   6  2003 33    1   22.144060
   7  2004 34    1    7.849108
--------------------------------------------------------------------------------
 
