 
--------------------------------------------------------------------------------
 17-Cl- 35   T= 0.00 K from IAEA/PD-2019       (ACEMAKER)
 ZAID= 17035.38u  MAT=1725  ZA= 17035
 AWR=  34.668450  STA=  0  ELIS=   0.000 MeV  LIS=  0  LISO=  0
--------------------------------------------------------------------------------
 NTOTR= 162 NTRAN=   1 NPROD= 161 NE=     143 EMAX= 200.000 MeV
   i     MT/MTD     Q [MeV]     T [MeV] LMF  MT    ZAP LFS
   1          5    0.000000    1.000000   3   5
   2   50005006    0.000000  160.000000   6   5   5006   0
   3   50005007    0.000000  130.000000   6   5   5007   0
   4   50005008    0.000000  120.000000   6   5   5008   0
   5   50005009    0.000000  100.000000   6   5   5009   0
   6   50005010    0.000000   85.000000   6   5   5010   0
   7   50005011    0.000000   74.000000   6   5   5011   0
   8   50005012    0.000000   78.000000   6   5   5012   0
   9   50005013    0.000000   95.000000   6   5   5013   0
  10   50005014    0.000000  100.000000   6   5   5014   0
  11   50005015    0.000000  110.000000   6   5   5015   0
  12   50005016    0.000000  130.000000   6   5   5016   0
  13   50005017    0.000000  150.000000   6   5   5017   0
  14   50005018    0.000000  160.000000   6   5   5018   0
  15   50005019    0.000000  180.000000   6   5   5019   0
  16   50006008    0.000000  150.000000   6   5   6008   0
  17   50006009    0.000000  130.000000   6   5   6009   0
  18   50006010    0.000000  110.000000   6   5   6010   0
  19   50006011    0.000000   85.000000   6   5   6011   0
  20   50006012    0.000000   74.000000   6   5   6012   0
  21   50006013    0.000000   74.000000   6   5   6013   0
  22   50006014    0.000000   72.000000   6   5   6014   0
  23   50006015    0.000000   78.000000   6   5   6015   0
  24   50006016    0.000000   90.000000   6   5   6016   0
  25   50006017    0.000000  110.000000   6   5   6017   0
  26   50006018    0.000000  120.000000   6   5   6018   0
  27   50006019    0.000000  130.000000   6   5   6019   0
  28   50006020    0.000000  150.000000   6   5   6020   0
  29   50006021    0.000000  170.000000   6   5   6021   0
  30   50006022    0.000000  180.000000   6   5   6022   0
  31   50007010    0.000000  150.000000   6   5   7010   0
  32   50007011    0.000000  120.000000   6   5   7011   0
  33   50007012    0.000000  110.000000   6   5   7012   0
  34   50007013    0.000000   85.000000   6   5   7013   0
  35   50007014    0.000000   70.000000   6   5   7014   0
  36   50007015    0.000000   58.000000   6   5   7015   0
  37   50007016    0.000000   66.000000   6   5   7016   0
  38   50007017    0.000000   72.000000   6   5   7017   0
  39   50007018    0.000000   85.000000   6   5   7018   0
  40   50007019    0.000000   90.000000   6   5   7019   0
  41   50007020    0.000000  110.000000   6   5   7020   0
  42   50007021    0.000000  130.000000   6   5   7021   0
  43   50007022    0.000000  130.000000   6   5   7022   0
  44   50007023    0.000000  150.000000   6   5   7023   0
  45   50007024    0.000000  180.000000   6   5   7024   0
  46   50008012    0.000000  130.000000   6   5   8012   0
  47   50008013    0.000000  110.000000   6   5   8013   0
  48   50008014    0.000000   90.000000   6   5   8014   0
  49   50008015    0.000000   72.000000   6   5   8015   0
  50   50008016    0.000000   58.000000   6   5   8016   0
  51   50008017    0.000000   58.000000   6   5   8017   0
  52   50008018    0.000000   56.000000   6   5   8018   0
  53   50008019    0.000000   68.000000   6   5   8019   0
  54   50008020    0.000000   72.000000   6   5   8020   0
  55   50008021    0.000000   85.000000   6   5   8021   0
  56   50008022    0.000000   95.000000   6   5   8022   0
  57   50008023    0.000000  110.000000   6   5   8023   0
  58   50008024    0.000000  120.000000   6   5   8024   0
  59   50008025    0.000000  140.000000   6   5   8025   0
  60   50009014    0.000000  130.000000   6   5   9014   0
  61   50009015    0.000000  110.000000   6   5   9015   0
  62   50009016    0.000000   90.000000   6   5   9016   0
  63   50009017    0.000000   70.000000   6   5   9017   0
  64   50009018    0.000000   56.000000   6   5   9018   0
  65   50009019    0.000000   44.000000   6   5   9019   0
  66   50009020    0.000000   56.000000   6   5   9020   0
  67   50009021    0.000000   56.000000   6   5   9021   0
  68   50009022    0.000000   70.000000   6   5   9022   0
  69   50009023    0.000000   74.000000   6   5   9023   0
  70   50009024    0.000000   90.000000   6   5   9024   0
  71   50009025    0.000000   95.000000   6   5   9025   0
  72   50009026    0.000000  120.000000   6   5   9026   0
  73   50009027    0.000000  180.000000   6   5   9027   0
  74   50010016    0.000000  120.000000   6   5  10016   0
  75   50010017    0.000000  100.000000   6   5  10017   0
  76   50010018    0.000000   78.000000   6   5  10018   0
  77   50010019    0.000000   66.000000   6   5  10019   0
  78   50010020    0.000000   48.000000   6   5  10020   0
  79   50010021    0.000000   48.000000   6   5  10021   0
  80   50010022    0.000000   40.000000   6   5  10022   0
  81   50010023    0.000000   54.000000   6   5  10023   0
  82   50010024    0.000000   54.000000   6   5  10024   0
  83   50010025    0.000000   70.000000   6   5  10025   0
  84   50010026    0.000000   72.000000   6   5  10026   0
  85   50010027    0.000000   95.000000   6   5  10027   0
  86   50010028    0.000000  110.000000   6   5  10028   0
  87   50011018    0.000000  110.000000   6   5  11018   0
  88   50011019    0.000000   90.000000   6   5  11019   0
  89   50011020    0.000000   72.000000   6   5  11020   0
  90   50011021    0.000000   54.000000   6   5  11021   0
  91   50011022    0.000000   42.000000   6   5  11022   0
  92   50011023    0.000000   29.000000   6   5  11023   0
  93   50011024    0.000000   44.000000   6   5  11024   0
  94   50011025    0.000000   42.000000   6   5  11025   0
  95   50011026    0.000000   56.000000   6   5  11026   0
  96   50011027    0.000000   58.000000   6   5  11027   0
  97   50011028    0.000000   76.000000   6   5  11028   0
  98   50011029    0.000000   80.000000   6   5  11029   0
  99   50012019    0.000000  130.000000   6   5  12019   0
 100   50012020    0.000000  110.000000   6   5  12020   0
 101   50012021    0.000000   90.000000   6   5  12021   0
 102   50012022    0.000000   68.000000   6   5  12022   0
 103   50012023    0.000000   54.000000   6   5  12023   0
 104   50012024    0.000000   38.000000   6   5  12024   0
 105   50012025    0.000000   36.000000   6   5  12025   0
 106   50012026    0.000000   27.000000   6   5  12026   0
 107   50012027    0.000000   42.000000   6   5  12027   0
 108   50012028    0.000000   40.000000   6   5  12028   0
 109   50012029    0.000000   58.000000   6   5  12029   0
 110   50012030    0.000000   60.000000   6   5  12030   0
 111   50013021    0.000000  130.000000   6   5  13021   0
 112   50013022    0.000000  100.000000   6   5  13022   0
 113   50013023    0.000000   78.000000   6   5  13023   0
 114   50013024    0.000000   62.000000   6   5  13024   0
 115   51013024    0.000000   62.000000   6   5  13024   1
 116   50013025    0.000000   44.000000   6   5  13025   0
 117   50013026    0.000000   32.000000   6   5  13026   0
 118   51013026    0.000000   32.000000   6   5  13026   1
 119   50013027    0.000000   17.500000   6   5  13027   0
 120   50013028    0.000000   32.000000   6   5  13028   0
 121   50013029    0.000000   29.000000   6   5  13029   0
 122   50013030    0.000000   44.000000   6   5  13030   0
 123   50013031    0.000000   46.000000   6   5  13031   0
 124   50014022    0.000000  140.000000   6   5  14022   0
 125   50014023    0.000000  120.000000   6   5  14023   0
 126   50014024    0.000000   95.000000   6   5  14024   0
 127   50014025    0.000000   78.000000   6   5  14025   0
 128   50014026    0.000000   58.000000   6   5  14026   0
 129   50014027    0.000000   44.000000   6   5  14027   0
 130   50014028    0.000000   26.000000   6   5  14028   0
 131   50014029    0.000000   24.000000   6   5  14029   0
 132   50014030    0.000000   15.000000   6   5  14030   0
 133   50014031    0.000000   29.000000   6   5  14031   0
 134   50014032    0.000000   28.000000   6   5  14032   0
 135   50015024    0.000000  140.000000   6   5  15024   0
 136   50015025    0.000000  110.000000   6   5  15025   0
 137   50015026    0.000000   90.000000   6   5  15026   0
 138   50015027    0.000000   66.000000   6   5  15027   0
 139   50015028    0.000000   50.000000   6   5  15028   0
 140   50015029    0.000000   32.000000   6   5  15029   0
 141   50015030    0.000000   20.000000   6   5  15030   0
 142   50015031    0.000000    7.500000   6   5  15031   0
 143   50015032    0.000000   20.000000   6   5  15032   0
 144   50015033    0.000000   17.500000   6   5  15033   0
 145   50016026    0.000000  130.000000   6   5  16026   0
 146   50016027    0.000000  110.000000   6   5  16027   0
 147   50016028    0.000000   85.000000   6   5  16028   0
 148   50016029    0.000000   68.000000   6   5  16029   0
 149   50016030    0.000000   48.000000   6   5  16030   0
 150   50016031    0.000000   34.000000   6   5  16031   0
 151   50016032    0.000000   18.500000   6   5  16032   0
 152   50016033    0.000000   16.000000   6   5  16033   0
 153   50016034    0.000000    6.500000   6   5  16034   0
 154   50017028    0.000000  120.000000   6   5  17028   0
 155   50017029    0.000000   95.000000   6   5  17029   0
 156   50017030    0.000000   76.000000   6   5  17030   0
 157   50017031    0.000000   56.000000   6   5  17031   0
 158   50017032    0.000000   42.000000   6   5  17032   0
 159   50017033    0.000000   25.000000   6   5  17033   0
 160   50017034    0.000000   13.000000   6   5  17034   0
 161   51017034    0.000000   13.000000   6   5  17034   1
 162   50017035    0.000000    1.000000   6   5  17035   0
 
   p   ZAP IP   NR    Tp [MeV]
   1     1  1    1   12.644760
   2     0  2    1    1.000000
   3  1001  9    1    6.370814
   4  1002 31    1   15.563400
   5  1003 32    1   17.947800
   6  2003 33    1   19.639870
   7  2004 34    1    6.997903
--------------------------------------------------------------------------------
 
