 
--------------------------------------------------------------------------------
 19-K - 40   T= 0.00 K from IAEA/PD-2019       (ACEMAKER)
 ZAID= 19040.38u  MAT=1928  ZA= 19040
 AWR=  39.620690  STA=  0  ELIS=   0.000 MeV  LIS=  0  LISO=  0
--------------------------------------------------------------------------------
 NTOTR= 183 NTRAN=   1 NPROD= 182 NE=     142 EMAX= 200.000 MeV
   i     MT/MTD     Q [MeV]     T [MeV] LMF  MT    ZAP LFS
   1          5    0.000000    1.000000   3   5
   2   50007010    0.000000  170.000000   6   5   7010   0
   3   50007011    0.000000  140.000000   6   5   7011   0
   4   50007012    0.000000  130.000000   6   5   7012   0
   5   50007013    0.000000  110.000000   6   5   7013   0
   6   50007014    0.000000   95.000000   6   5   7014   0
   7   50007015    0.000000   85.000000   6   5   7015   0
   8   50007016    0.000000   72.000000   6   5   7016   0
   9   50007017    0.000000   78.000000   6   5   7017   0
  10   50007018    0.000000   85.000000   6   5   7018   0
  11   50007019    0.000000  100.000000   6   5   7019   0
  12   50007020    0.000000  110.000000   6   5   7020   0
  13   50007021    0.000000  120.000000   6   5   7021   0
  14   50007022    0.000000  130.000000   6   5   7022   0
  15   50007023    0.000000  150.000000   6   5   7023   0
  16   50007024    0.000000  170.000000   6   5   7024   0
  17   50007025    0.000000  190.000000   6   5   7025   0
  18   50008012    0.000000  160.000000   6   5   8012   0
  19   50008013    0.000000  140.000000   6   5   8013   0
  20   50008014    0.000000  120.000000   6   5   8014   0
  21   50008015    0.000000  100.000000   6   5   8015   0
  22   50008016    0.000000   85.000000   6   5   8016   0
  23   50008017    0.000000   72.000000   6   5   8017   0
  24   50008018    0.000000   72.000000   6   5   8018   0
  25   50008019    0.000000   70.000000   6   5   8019   0
  26   50008020    0.000000   78.000000   6   5   8020   0
  27   50008021    0.000000   85.000000   6   5   8021   0
  28   50008022    0.000000   95.000000   6   5   8022   0
  29   50008023    0.000000  110.000000   6   5   8023   0
  30   50008024    0.000000  120.000000   6   5   8024   0
  31   50008025    0.000000  140.000000   6   5   8025   0
  32   50008026    0.000000  150.000000   6   5   8026   0
  33   50008027    0.000000  190.000000   6   5   8027   0
  34   50009014    0.000000  160.000000   6   5   9014   0
  35   50009015    0.000000  130.000000   6   5   9015   0
  36   50009016    0.000000  110.000000   6   5   9016   0
  37   50009017    0.000000   95.000000   6   5   9017   0
  38   50009018    0.000000   80.000000   6   5   9018   0
  39   50009019    0.000000   66.000000   6   5   9019   0
  40   50009020    0.000000   56.000000   6   5   9020   0
  41   50009021    0.000000   66.000000   6   5   9021   0
  42   50009022    0.000000   68.000000   6   5   9022   0
  43   50009023    0.000000   85.000000   6   5   9023   0
  44   50009024    0.000000   85.000000   6   5   9024   0
  45   50009025    0.000000  110.000000   6   5   9025   0
  46   50009026    0.000000  110.000000   6   5   9026   0
  47   50009027    0.000000  130.000000   6   5   9027   0
  48   50009028    0.000000  150.000000   6   5   9028   0
  49   50009029    0.000000  160.000000   6   5   9029   0
  50   50010016    0.000000  150.000000   6   5  10016   0
  51   50010017    0.000000  130.000000   6   5  10017   0
  52   50010018    0.000000  100.000000   6   5  10018   0
  53   50010019    0.000000   85.000000   6   5  10019   0
  54   50010020    0.000000   66.000000   6   5  10020   0
  55   50010021    0.000000   60.000000   6   5  10021   0
  56   50010022    0.000000   56.000000   6   5  10022   0
  57   50010023    0.000000   52.000000   6   5  10023   0
  58   50010024    0.000000   64.000000   6   5  10024   0
  59   50010025    0.000000   66.000000   6   5  10025   0
  60   50010026    0.000000   85.000000   6   5  10026   0
  61   50010027    0.000000   90.000000   6   5  10027   0
  62   50010028    0.000000  110.000000   6   5  10028   0
  63   50010029    0.000000  120.000000   6   5  10029   0
  64   50010030    0.000000  140.000000   6   5  10030   0
  65   50010031    0.000000  160.000000   6   5  10031   0
  66   50011018    0.000000  140.000000   6   5  11018   0
  67   50011019    0.000000  120.000000   6   5  11019   0
  68   50011020    0.000000  100.000000   6   5  11020   0
  69   50011021    0.000000   78.000000   6   5  11021   0
  70   50011022    0.000000   64.000000   6   5  11022   0
  71   50011023    0.000000   48.000000   6   5  11023   0
  72   50011024    0.000000   40.000000   6   5  11024   0
  73   50011025    0.000000   52.000000   6   5  11025   0
  74   50011026    0.000000   54.000000   6   5  11026   0
  75   50011027    0.000000   68.000000   6   5  11027   0
  76   50011028    0.000000   72.000000   6   5  11028   0
  77   50011029    0.000000   90.000000   6   5  11029   0
  78   50011030    0.000000   95.000000   6   5  11030   0
  79   50011031    0.000000  120.000000   6   5  11031   0
  80   50011032    0.000000  120.000000   6   5  11032   0
  81   50012019    0.000000  160.000000   6   5  12019   0
  82   50012020    0.000000  130.000000   6   5  12020   0
  83   50012021    0.000000  110.000000   6   5  12021   0
  84   50012022    0.000000   90.000000   6   5  12022   0
  85   50012023    0.000000   72.000000   6   5  12023   0
  86   50012024    0.000000   56.000000   6   5  12024   0
  87   50012025    0.000000   48.000000   6   5  12025   0
  88   50012026    0.000000   42.000000   6   5  12026   0
  89   50012027    0.000000   38.000000   6   5  12027   0
  90   50012028    0.000000   50.000000   6   5  12028   0
  91   50012029    0.000000   54.000000   6   5  12029   0
  92   50012030    0.000000   68.000000   6   5  12030   0
  93   50012031    0.000000   74.000000   6   5  12031   0
  94   50012032    0.000000   90.000000   6   5  12032   0
  95   50012033    0.000000   95.000000   6   5  12033   0
  96   50013021    0.000000  150.000000   6   5  13021   0
  97   50013022    0.000000  130.000000   6   5  13022   0
  98   50013023    0.000000  110.000000   6   5  13023   0
  99   50013024    0.000000   80.000000   6   5  13024   0
 100   51013024    0.000000   80.000000   6   5  13024   1
 101   50013025    0.000000   62.000000   6   5  13025   0
 102   50013026    0.000000   48.000000   6   5  13026   0
 103   51013026    0.000000   50.000000   6   5  13026   1
 104   50013027    0.000000   36.000000   6   5  13027   0
 105   50013028    0.000000   27.000000   6   5  13028   0
 106   50013029    0.000000   38.000000   6   5  13029   0
 107   50013030    0.000000   40.000000   6   5  13030   0
 108   50013031    0.000000   54.000000   6   5  13031   0
 109   50013032    0.000000   58.000000   6   5  13032   0
 110   50013033    0.000000   72.000000   6   5  13033   0
 111   50013034    0.000000   78.000000   6   5  13034   0
 112   50014022    0.000000  170.000000   6   5  14022   0
 113   50014023    0.000000  140.000000   6   5  14023   0
 114   50014024    0.000000  120.000000   6   5  14024   0
 115   50014025    0.000000   95.000000   6   5  14025   0
 116   50014026    0.000000   76.000000   6   5  14026   0
 117   50014027    0.000000   60.000000   6   5  14027   0
 118   50014028    0.000000   44.000000   6   5  14028   0
 119   50014029    0.000000   34.000000   6   5  14029   0
 120   50014030    0.000000   29.000000   6   5  14030   0
 121   50014031    0.000000   25.000000   6   5  14031   0
 122   50014032    0.000000   36.000000   6   5  14032   0
 123   50014033    0.000000   40.000000   6   5  14033   0
 124   50014034    0.000000   54.000000   6   5  14034   0
 125   50014035    0.000000   58.000000   6   5  14035   0
 126   50015024    0.000000  160.000000   6   5  15024   0
 127   50015025    0.000000  140.000000   6   5  15025   0
 128   50015026    0.000000  110.000000   6   5  15026   0
 129   50015027    0.000000   85.000000   6   5  15027   0
 130   50015028    0.000000   68.000000   6   5  15028   0
 131   50015029    0.000000   48.000000   6   5  15029   0
 132   50015030    0.000000   36.000000   6   5  15030   0
 133   50015031    0.000000   24.000000   6   5  15031   0
 134   50015032    0.000000   15.000000   6   5  15032   0
 135   50015033    0.000000   26.000000   6   5  15033   0
 136   50015034    0.000000   27.000000   6   5  15034   0
 137   50015035    0.000000   40.000000   6   5  15035   0
 138   50015036    0.000000   44.000000   6   5  15036   0
 139   50016026    0.000000  150.000000   6   5  16026   0
 140   50016027    0.000000  130.000000   6   5  16027   0
 141   50016028    0.000000  100.000000   6   5  16028   0
 142   50016029    0.000000   85.000000   6   5  16029   0
 143   50016030    0.000000   64.000000   6   5  16030   0
 144   50016031    0.000000   50.000000   6   5  16031   0
 145   50016032    0.000000   34.000000   6   5  16032   0
 146   50016033    0.000000   25.000000   6   5  16033   0
 147   50016034    0.000000   20.000000   6   5  16034   0
 148   50016035    0.000000   15.000000   6   5  16035   0
 149   50016036    0.000000   26.000000   6   5  16036   0
 150   50016037    0.000000   29.000000   6   5  16037   0
 151   50017028    0.000000  150.000000   6   5  17028   0
 152   50017029    0.000000  120.000000   6   5  17029   0
 153   50017030    0.000000   95.000000   6   5  17030   0
 154   50017031    0.000000   72.000000   6   5  17031   0
 155   50017032    0.000000   58.000000   6   5  17032   0
 156   50017033    0.000000   42.000000   6   5  17033   0
 157   50017034    0.000000   29.000000   6   5  17034   0
 158   51017034    0.000000   29.000000   6   5  17034   1
 159   50017035    0.000000   15.500000   6   5  17035   0
 160   50017036    0.000000    7.000000   6   5  17036   0
 161   50017037    0.000000   17.000000   6   5  17037   0
 162   50017038    0.000000   19.000000   6   5  17038   0
 163   51017038    0.000000   19.500000   6   5  17038   1
 164   50018030    0.000000  140.000000   6   5  18030   0
 165   50018031    0.000000  120.000000   6   5  18031   0
 166   50018032    0.000000   90.000000   6   5  18032   0
 167   50018033    0.000000   74.000000   6   5  18033   0
 168   50018034    0.000000   56.000000   6   5  18034   0
 169   50018035    0.000000   44.000000   6   5  18035   0
 170   50018036    0.000000   27.000000   6   5  18036   0
 171   50018037    0.000000   18.000000   6   5  18037   0
 172   50018038    0.000000   12.500000   6   5  18038   0
 173   50018039    0.000000    8.000000   6   5  18039   0
 174   50019032    0.000000  140.000000   6   5  19032   0
 175   50019033    0.000000  110.000000   6   5  19033   0
 176   50019034    0.000000   85.000000   6   5  19034   0
 177   50019035    0.000000   66.000000   6   5  19035   0
 178   50019036    0.000000   50.000000   6   5  19036   0
 179   50019037    0.000000   34.000000   6   5  19037   0
 180   50019038    0.000000   22.000000   6   5  19038   0
 181   51019038    0.000000   22.000000   6   5  19038   1
 182   50019039    0.000000    8.000000   6   5  19039   0
 183   50019040    0.000000    1.000000   6   5  19040   0
 
   p   ZAP IP   NR    Tp [MeV]
   1     1  1    1    7.799619
   2     0  2    1    1.000000
   3  1001  9    1    7.582273
   4  1002 31    1   11.956390
   5  1003 32    1   17.537640
   6  2003 33    1   16.705170
   7  2004 34    1    6.438403
--------------------------------------------------------------------------------
 
