 
--------------------------------------------------------------------------------
 20-Ca- 48   T= 0.00 K from IAEA/PD-2019       (ACEMAKER)
 ZAID= 20048.38u  MAT=2049  ZA= 20048
 AWR=  47.541000  STA=  0  ELIS=   0.000 MeV  LIS=  0  LISO=  0
--------------------------------------------------------------------------------
 NTOTR=  21 NTRAN=   1 NPROD=  20 NE=     283 EMAX= 140.000 MeV
   i     MT/MTD     Q [MeV]     T [MeV] LMF  MT    ZAP LFS
   1          5    0.000000    9.944400   3   5
   2   50017040    0.000000   42.121000   6   5  17040   0
   3   50017041    0.000000   34.189000   6   5  17041   0
   4   50017042    0.000000   35.356000   6   5  17042   0
   5   50017043    0.000000   30.799000   6   5  17043   0
   6   50017044    0.000000   46.426000   6   5  17044   0
   7   50017045    0.000000   33.016000   6   5  17045   0
   8   50018041    0.000000   37.787000   6   5  18041   0
   9   50018042    0.000000   28.363000   6   5  18042   0
  10   50018043    0.000000   22.731000   6   5  18043   0
  11   50018044    0.000000   14.378000   6   5  18044   0
  12   50018045    0.000000   29.427000   6   5  18045   0
  13   50018046    0.000000   29.074000   6   5  18046   0
  14   50019045    0.000000   22.554000   6   5  19045   0
  15   50019046    0.000000   21.932000   6   5  19046   0
  16   50019047    0.000000   15.807000   6   5  19047   0
  17   50020043    0.000000   46.164000   6   5  20043   0
  18   50020044    0.000000   35.032000   6   5  20044   0
  19   50020045    0.000000   27.617000   6   5  20045   0
  20   50020046    0.000000   17.221000   6   5  20046   0
  21   50020047    0.000000    9.944400   6   5  20047   0
 
   p   ZAP IP   NR    Tp [MeV]
   1     1  1    1    9.944400
   2  1001  9    1   15.807000
   3  1002 31    1   21.932000
   4  1003 32    1   22.554000
   5  2003 33    1   29.427000
   6  2004 34    1   14.378000
--------------------------------------------------------------------------------
 
