 
--------------------------------------------------------------------------------
 20-Ca- 43   T= 0.00 K from IAEA/PD-2019       (ACEMAKER)
 ZAID= 20043.38u  MAT=2034  ZA= 20043
 AWR=  42.589730  STA=  0  ELIS=   0.000 MeV  LIS=  0  LISO=  0
--------------------------------------------------------------------------------
 NTOTR=  24 NTRAN=   1 NPROD=  23 NE=      80 EMAX= 140.000 MeV
   i     MT/MTD     Q [MeV]     T [MeV] LMF  MT    ZAP LFS
   1          5    0.000000    7.592500   3   5
   2   50018033    0.000000   80.000000   6   5  18033   0
   3   50018034    0.000000   66.000000   6   5  18034   0
   4   50018035    0.000000   52.000000   6   5  18035   0
   5   50018036    0.000000   37.000000   6   5  18036   0
   6   50018037    0.000000   28.000000   6   5  18037   0
   7   50018038    0.000000   16.500000   6   5  18038   0
   8   50018039    0.000000    9.000000   6   5  18039   0
   9   50018040    0.000000   28.000000   6   5  18040   0
  10   50018041    0.000000   20.000000   6   5  18041   0
  11   50019035    0.000000   82.548400   6   5  19035   0
  12   50019036    0.000000   68.219000   6   5  19036   0
  13   50019037    0.000000   52.774000   6   5  19037   0
  14   50019038    0.000000   40.699300   6   5  19038   0
  15   50019039    0.000000   29.000000   6   5  19039   0
  16   50019040    0.000000   20.500000   6   5  19040   0
  17   50019041    0.000000   17.000000   6   5  19041   0
  18   50019042    0.000000   11.000000   6   5  19042   0
  19   50020037    0.000000   73.677900   6   5  20037   0
  20   50020038    0.000000   56.706500   6   5  20038   0
  21   50020039    0.000000   43.418500   6   5  20039   0
  22   50020040    0.000000   27.776600   6   5  20040   0
  23   50020041    0.000000   19.413900   6   5  20041   0
  24   50020042    0.000000    7.933000   6   5  20042   0
 
   p   ZAP IP   NR    Tp [MeV]
   1     1  1    1    7.933000
   2     0  2    1    7.592500
   3  1001  9    1   11.000000
   4  1002 31    1   17.000000
   5  1003 32    1   20.500000
   6  2004 34    1    9.000000
--------------------------------------------------------------------------------
 
