 
--------------------------------------------------------------------------------
 20-Ca- 44   T= 0.00 K from IAEA/PD-2019       (ACEMAKER)
 ZAID= 20044.38u  MAT=2037  ZA= 20044
 AWR=  43.578000  STA=  0  ELIS=   0.000 MeV  LIS=  0  LISO=  0
--------------------------------------------------------------------------------
 NTOTR=  21 NTRAN=   1 NPROD=  20 NE=     278 EMAX= 140.000 MeV
   i     MT/MTD     Q [MeV]     T [MeV] LMF  MT    ZAP LFS
   1          5    0.000000    8.854100   3   5
   2   50017036    0.000000   37.392000   6   5  17036   0
   3   50017037    0.000000   27.081000   6   5  17037   0
   4   50017038    0.000000   27.231000   6   5  17038   0
   5   50017039    0.000000   21.378000   6   5  17039   0
   6   50017040    0.000000   36.149000   6   5  17040   0
   7   50017041    0.000000   35.936000   6   5  17041   0
   8   50018037    0.000000   37.160000   6   5  18037   0
   9   50018038    0.000000   25.322000   6   5  18038   0
  10   50018039    0.000000   18.722000   6   5  18039   0
  11   50018040    0.000000    8.854100   6   5  18040   0
  12   50018041    0.000000   23.333000   6   5  18041   0
  13   50018042    0.000000   21.627000   6   5  18042   0
  14   50019041    0.000000   20.859000   6   5  19041   0
  15   50019042    0.000000   19.583000   6   5  19042   0
  16   50019043    0.000000   12.166000   6   5  19043   0
  17   50020039    0.000000   54.550000   6   5  20039   0
  18   50020040    0.000000   38.908000   6   5  20040   0
  19   50020041    0.000000   30.545000   6   5  20041   0
  20   50020042    0.000000   19.065000   6   5  20042   0
  21   50020043    0.000000   11.131000   6   5  20043   0
 
   p   ZAP IP   NR    Tp [MeV]
   1     1  1    1   11.131000
   2  1001  9    1   12.166000
   3  1002 31    1   19.583000
   4  1003 32    1   20.859000
   5  2003 33    1   23.333000
   6  2004 34    1    8.854100
--------------------------------------------------------------------------------
 
