 
--------------------------------------------------------------------------------
 20-Ca- 46   T= 0.00 K from IAEA/PD-2019       (ACEMAKER)
 ZAID= 20046.38u  MAT=2043  ZA= 20046
 AWR=  45.558920  STA=  0  ELIS=   0.000 MeV  LIS=  0  LISO=  0
--------------------------------------------------------------------------------
 NTOTR=  27 NTRAN=   1 NPROD=  26 NE=      79 EMAX= 140.000 MeV
   i     MT/MTD     Q [MeV]     T [MeV] LMF  MT    ZAP LFS
   1          5    0.000000   10.399300   3   5
   2   50018035    0.000000   80.000000   6   5  18035   0
   3   50018036    0.000000   68.000000   6   5  18036   0
   4   50018037    0.000000   58.000000   6   5  18037   0
   5   50018038    0.000000   46.000000   6   5  18038   0
   6   50018039    0.000000   39.000000   6   5  18039   0
   7   50018040    0.000000   29.000000   6   5  18040   0
   8   50018041    0.000000   22.500000   6   5  18041   0
   9   50018042    0.000000   13.000000   6   5  18042   0
  10   50018044    0.000000   25.458800   6   5  18044   0
  11   50019037    0.000000   81.720200   6   5  19037   0
  12   50019038    0.000000   70.000000   6   5  19038   0
  13   50019039    0.000000   56.569800   6   5  19039   0
  14   50019040    0.000000   48.770300   6   5  19040   0
  15   50019041    0.000000   39.000000   6   5  19041   0
  16   50019042    0.000000   32.000000   6   5  19042   0
  17   50019043    0.000000   22.500000   6   5  19043   0
  18   50019044    0.000000   21.500000   6   5  19044   0
  19   50019045    0.000000   14.000000   6   5  19045   0
  20   50020038    0.000000   85.652700   6   5  20038   0
  21   50020039    0.000000   72.364800   6   5  20039   0
  22   50020040    0.000000   56.722900   6   5  20040   0
  23   50020041    0.000000   48.360100   6   5  20041   0
  24   50020042    0.000000   36.879200   6   5  20042   0
  25   50020043    0.000000   28.946200   6   5  20043   0
  26   50020044    0.000000   17.814300   6   5  20044   0
  27   50020045    0.000000   10.399300   6   5  20045   0
 
   p   ZAP IP   NR    Tp [MeV]
   1     1  1    1   10.399300
   2     0  2    1   10.399300
   3  1001  9    1   14.000000
   4  1002 31    1   21.500000
   5  1003 32    1   22.500000
   6  2004 34    1   13.000000
--------------------------------------------------------------------------------
 
