 
--------------------------------------------------------------------------------
 20-Ca- 40   T= 0.00 K from IAEA/PD-2019       (ACEMAKER)
 ZAID= 20040.38u  MAT=2025  ZA= 20040
 AWR=  39.619000  STA=  0  ELIS=   0.000 MeV  LIS=  0  LISO=  0
--------------------------------------------------------------------------------
 NTOTR=  19 NTRAN=   1 NPROD=  18 NE=     256 EMAX= 140.000 MeV
   i     MT/MTD     Q [MeV]     T [MeV] LMF  MT    ZAP LFS
   1          5    0.000000    8.329000   3   5
   2   50017032    0.000000   46.961000   6   5  17032   0
   3   50017033    0.000000   31.216000   6   5  17033   0
   4   50017034    0.000000   25.967000   6   5  17034   0
   5   50017035    0.000000   15.546000   6   5  17035   0
   6   50017036    0.000000   27.544000   6   5  17036   0
   7   50017037    0.000000   24.952000   6   5  17037   0
   8   50018033    0.000000   52.104000   6   5  18033   0
   9   50018034    0.000000   35.034000   6   5  18034   0
  10   50018035    0.000000   22.293000   6   5  18035   0
  11   50018036    0.000000    8.329000   6   5  18036   0
  12   50018037    0.000000   18.830000   6   5  18037   0
  13   50018038    0.000000   14.710000   6   5  18038   0
  14   50019037    0.000000   24.996000   6   5  19037   0
  15   50019038    0.000000   19.181000   6   5  19038   0
  16   50019039    0.000000    8.329000   6   5  19039   0
  17   50020037    0.000000   45.900000   6   5  20037   0
  18   50020038    0.000000   28.929000   6   5  20038   0
  19   50020039    0.000000   15.641000   6   5  20039   0
 
   p   ZAP IP   NR    Tp [MeV]
   1     1  1    1   15.641000
   2  1001  9    1    8.329000
   3  1002 31    1   19.181000
   4  1003 32    1   24.996000
   5  2003 33    1   18.830000
   6  2004 34    1    8.329000
--------------------------------------------------------------------------------
 
