 
--------------------------------------------------------------------------------
 21-Sc- 45   T= 0.00 K from IAEA/PD-2019       (ACEMAKER)
 ZAID= 21045.38u  MAT=2125  ZA= 21045
 AWR=  44.569710  STA=  0  ELIS=   0.000 MeV  LIS=  0  LISO=  0
--------------------------------------------------------------------------------
 NTOTR= 197 NTRAN=   1 NPROD= 196 NE=     140 EMAX= 200.000 MeV
   i     MT/MTD     Q [MeV]     T [MeV] LMF  MT    ZAP LFS
   1          5    0.000000    1.000000   3   5
   2   50009015    0.000000  160.000000   6   5   9015   0
   3   50009016    0.000000  140.000000   6   5   9016   0
   4   50009017    0.000000  120.000000   6   5   9017   0
   5   50009018    0.000000  110.000000   6   5   9018   0
   6   50009019    0.000000  100.000000   6   5   9019   0
   7   50009020    0.000000   90.000000   6   5   9020   0
   8   50009021    0.000000   78.000000   6   5   9021   0
   9   50009022    0.000000   85.000000   6   5   9022   0
  10   50009023    0.000000   95.000000   6   5   9023   0
  11   50009024    0.000000  110.000000   6   5   9024   0
  12   50009025    0.000000  120.000000   6   5   9025   0
  13   50009026    0.000000  130.000000   6   5   9026   0
  14   50009027    0.000000  150.000000   6   5   9027   0
  15   50009028    0.000000  170.000000   6   5   9028   0
  16   50009029    0.000000  180.000000   6   5   9029   0
  17   50010016    0.000000  180.000000   6   5  10016   0
  18   50010017    0.000000  160.000000   6   5  10017   0
  19   50010018    0.000000  140.000000   6   5  10018   0
  20   50010019    0.000000  120.000000   6   5  10019   0
  21   50010020    0.000000  100.000000   6   5  10020   0
  22   50010021    0.000000   90.000000   6   5  10021   0
  23   50010022    0.000000   78.000000   6   5  10022   0
  24   50010023    0.000000   76.000000   6   5  10023   0
  25   50010024    0.000000   74.000000   6   5  10024   0
  26   50010025    0.000000   85.000000   6   5  10025   0
  27   50010026    0.000000   95.000000   6   5  10026   0
  28   50010027    0.000000  110.000000   6   5  10027   0
  29   50010028    0.000000  120.000000   6   5  10028   0
  30   50010029    0.000000  140.000000   6   5  10029   0
  31   50010030    0.000000  150.000000   6   5  10030   0
  32   50010031    0.000000  180.000000   6   5  10031   0
  33   50010032    0.000000  190.000000   6   5  10032   0
  34   50011018    0.000000  170.000000   6   5  11018   0
  35   50011019    0.000000  150.000000   6   5  11019   0
  36   50011020    0.000000  130.000000   6   5  11020   0
  37   50011021    0.000000  110.000000   6   5  11021   0
  38   50011022    0.000000   95.000000   6   5  11022   0
  39   50011023    0.000000   78.000000   6   5  11023   0
  40   50011024    0.000000   66.000000   6   5  11024   0
  41   50011025    0.000000   58.000000   6   5  11025   0
  42   50011026    0.000000   68.000000   6   5  11026   0
  43   50011027    0.000000   72.000000   6   5  11027   0
  44   50011028    0.000000   85.000000   6   5  11028   0
  45   50011029    0.000000   95.000000   6   5  11029   0
  46   50011030    0.000000  110.000000   6   5  11030   0
  47   50011031    0.000000  130.000000   6   5  11031   0
  48   50011032    0.000000  140.000000   6   5  11032   0
  49   50011033    0.000000  150.000000   6   5  11033   0
  50   50011034    0.000000  190.000000   6   5  11034   0
  51   50012019    0.000000  190.000000   6   5  12019   0
  52   50012020    0.000000  160.000000   6   5  12020   0
  53   50012021    0.000000  140.000000   6   5  12021   0
  54   50012022    0.000000  120.000000   6   5  12022   0
  55   50012023    0.000000   95.000000   6   5  12023   0
  56   50012024    0.000000   78.000000   6   5  12024   0
  57   50012025    0.000000   70.000000   6   5  12025   0
  58   50012026    0.000000   58.000000   6   5  12026   0
  59   50012027    0.000000   58.000000   6   5  12027   0
  60   50012028    0.000000   54.000000   6   5  12028   0
  61   50012029    0.000000   68.000000   6   5  12029   0
  62   50012030    0.000000   72.000000   6   5  12030   0
  63   50012031    0.000000   90.000000   6   5  12031   0
  64   50012032    0.000000  110.000000   6   5  12032   0
  65   50012033    0.000000  110.000000   6   5  12033   0
  66   50012034    0.000000  130.000000   6   5  12034   0
  67   50012035    0.000000  150.000000   6   5  12035   0
  68   50013021    0.000000  170.000000   6   5  13021   0
  69   50013022    0.000000  160.000000   6   5  13022   0
  70   50013023    0.000000  130.000000   6   5  13023   0
  71   50013024    0.000000  120.000000   6   5  13024   0
  72   51013024    0.000000  120.000000   6   5  13024   1
  73   50013025    0.000000   95.000000   6   5  13025   0
  74   50013026    0.000000   76.000000   6   5  13026   0
  75   51013026    0.000000   76.000000   6   5  13026   1
  76   50013027    0.000000   62.000000   6   5  13027   0
  77   50013028    0.000000   50.000000   6   5  13028   0
  78   50013029    0.000000   40.000000   6   5  13029   0
  79   50013030    0.000000   54.000000   6   5  13030   0
  80   50013031    0.000000   54.000000   6   5  13031   0
  81   50013032    0.000000   70.000000   6   5  13032   0
  82   50013033    0.000000   74.000000   6   5  13033   0
  83   50013034    0.000000   95.000000   6   5  13034   0
  84   50013035    0.000000  110.000000   6   5  13035   0
  85   50013036    0.000000  120.000000   6   5  13036   0
  86   50014023    0.000000  170.000000   6   5  14023   0
  87   50014024    0.000000  140.000000   6   5  14024   0
  88   50014025    0.000000  120.000000   6   5  14025   0
  89   50014026    0.000000  100.000000   6   5  14026   0
  90   50014027    0.000000   85.000000   6   5  14027   0
  91   50014028    0.000000   64.000000   6   5  14028   0
  92   50014029    0.000000   56.000000   6   5  14029   0
  93   50014030    0.000000   44.000000   6   5  14030   0
  94   50014031    0.000000   44.000000   6   5  14031   0
  95   50014032    0.000000   38.000000   6   5  14032   0
  96   50014033    0.000000   52.000000   6   5  14033   0
  97   50014034    0.000000   54.000000   6   5  14034   0
  98   50014035    0.000000   70.000000   6   5  14035   0
  99   50014036    0.000000   76.000000   6   5  14036   0
 100   50014037    0.000000   95.000000   6   5  14037   0
 101   50014038    0.000000  120.000000   6   5  14038   0
 102   50015024    0.000000  190.000000   6   5  15024   0
 103   50015025    0.000000  160.000000   6   5  15025   0
 104   50015026    0.000000  140.000000   6   5  15026   0
 105   50015027    0.000000  120.000000   6   5  15027   0
 106   50015028    0.000000   95.000000   6   5  15028   0
 107   50015029    0.000000   76.000000   6   5  15029   0
 108   50015030    0.000000   62.000000   6   5  15030   0
 109   50015031    0.000000   48.000000   6   5  15031   0
 110   50015032    0.000000   36.000000   6   5  15032   0
 111   50015033    0.000000   26.000000   6   5  15033   0
 112   50015034    0.000000   40.000000   6   5  15034   0
 113   50015035    0.000000   40.000000   6   5  15035   0
 114   50015036    0.000000   56.000000   6   5  15036   0
 115   50015037    0.000000   58.000000   6   5  15037   0
 116   50015038    0.000000   74.000000   6   5  15038   0
 117   50015039    0.000000   76.000000   6   5  15039   0
 118   50016026    0.000000  190.000000   6   5  16026   0
 119   50016027    0.000000  150.000000   6   5  16027   0
 120   50016028    0.000000  130.000000   6   5  16028   0
 121   50016029    0.000000  110.000000   6   5  16029   0
 122   50016030    0.000000   85.000000   6   5  16030   0
 123   50016031    0.000000   72.000000   6   5  16031   0
 124   50016032    0.000000   56.000000   6   5  16032   0
 125   50016033    0.000000   46.000000   6   5  16033   0
 126   50016034    0.000000   34.000000   6   5  16034   0
 127   50016035    0.000000   34.000000   6   5  16035   0
 128   50016036    0.000000   25.000000   6   5  16036   0
 129   50016037    0.000000   42.000000   6   5  16037   0
 130   50016038    0.000000   42.000000   6   5  16038   0
 131   50016039    0.000000   58.000000   6   5  16039   0
 132   50016040    0.000000   58.000000   6   5  16040   0
 133   50017028    0.000000  170.000000   6   5  17028   0
 134   50017029    0.000000  150.000000   6   5  17029   0
 135   50017030    0.000000  130.000000   6   5  17030   0
 136   50017031    0.000000  100.000000   6   5  17031   0
 137   50017032    0.000000   78.000000   6   5  17032   0
 138   50017033    0.000000   62.000000   6   5  17033   0
 139   50017034    0.000000   50.000000   6   5  17034   0
 140   51017034    0.000000   50.000000   6   5  17034   1
 141   50017035    0.000000   36.000000   6   5  17035   0
 142   50017036    0.000000   26.000000   6   5  17036   0
 143   50017037    0.000000   15.500000   6   5  17037   0
 144   50017038    0.000000   30.000000   6   5  17038   0
 145   51017038    0.000000   32.000000   6   5  17038   1
 146   50017039    0.000000   30.000000   6   5  17039   0
 147   50017040    0.000000   46.000000   6   5  17040   0
 148   50017041    0.000000   46.000000   6   5  17041   0
 149   50018030    0.000000  170.000000   6   5  18030   0
 150   50018031    0.000000  140.000000   6   5  18031   0
 151   50018032    0.000000  120.000000   6   5  18032   0
 152   50018033    0.000000   95.000000   6   5  18033   0
 153   50018034    0.000000   76.000000   6   5  18034   0
 154   50018035    0.000000   62.000000   6   5  18035   0
 155   50018036    0.000000   46.000000   6   5  18036   0
 156   50018037    0.000000   38.000000   6   5  18037   0
 157   50018038    0.000000   25.000000   6   5  18038   0
 158   50018039    0.000000   24.000000   6   5  18039   0
 159   50018040    0.000000   16.500000   6   5  18040   0
 160   50018041    0.000000   32.000000   6   5  18041   0
 161   50018042    0.000000   30.000000   6   5  18042   0
 162   50019032    0.000000  160.000000   6   5  19032   0
 163   50019033    0.000000  140.000000   6   5  19033   0
 164   50019034    0.000000  110.000000   6   5  19034   0
 165   50019035    0.000000   85.000000   6   5  19035   0
 166   50019036    0.000000   70.000000   6   5  19036   0
 167   50019037    0.000000   54.000000   6   5  19037   0
 168   50019038    0.000000   40.000000   6   5  19038   0
 169   51019038    0.000000   42.000000   6   5  19038   1
 170   50019039    0.000000   27.000000   6   5  19039   0
 171   50019040    0.000000   18.500000   6   5  19040   0
 172   50019041    0.000000    8.500000   6   5  19041   0
 173   50019042    0.000000   22.000000   6   5  19042   0
 174   50019043    0.000000   19.500000   6   5  19043   0
 175   50020034    0.000000  150.000000   6   5  20034   0
 176   50020035    0.000000  130.000000   6   5  20035   0
 177   50020036    0.000000  110.000000   6   5  20036   0
 178   50020037    0.000000   90.000000   6   5  20037   0
 179   50020038    0.000000   70.000000   6   5  20038   0
 180   50020039    0.000000   54.000000   6   5  20039   0
 181   50020040    0.000000   38.000000   6   5  20040   0
 182   50020041    0.000000   30.000000   6   5  20041   0
 183   50020042    0.000000   18.000000   6   5  20042   0
 184   50020043    0.000000   16.000000   6   5  20043   0
 185   50020044    0.000000    7.000000   6   5  20044   0
 186   50021037    0.000000  120.000000   6   5  21037   0
 187   50021038    0.000000  100.000000   6   5  21038   0
 188   50021039    0.000000   78.000000   6   5  21039   0
 189   50021040    0.000000   64.000000   6   5  21040   0
 190   50021041    0.000000   46.000000   6   5  21041   0
 191   50021042    0.000000   34.000000   6   5  21042   0
 192   51021042    0.000000   36.000000   6   5  21042   1
 193   50021043    0.000000   22.000000   6   5  21043   0
 194   50021044    0.000000   11.500000   6   5  21044   0
 195   51021044    0.000000   12.000000   6   5  21044   1
 196   50021045    0.000000    1.000000   6   5  21045   0
 197   51021045    0.000000    1.000000   6   5  21045   1
 
   p   ZAP IP   NR    Tp [MeV]
   1     1  1    1   11.327230
   2     0  2    1    1.000000
   3  1001  9    1    6.892192
   4  1002 31    1   15.798800
   5  1003 32    1   17.474460
   6  2003 33    1   20.981090
   7  2004 34    1    7.937268
--------------------------------------------------------------------------------
 
