 
--------------------------------------------------------------------------------
 22-Ti- 49   T= 0.00 K from IAEA/PD-2019       (ACEMAKER)
 ZAID= 22049.38u  MAT=2234  ZA= 22049
 AWR=  48.527380  STA=  0  ELIS=   0.000 MeV  LIS=  0  LISO=  0
--------------------------------------------------------------------------------
 NTOTR= 216 NTRAN=   1 NPROD= 215 NE=     135 EMAX= 200.000 MeV
   i     MT/MTD     Q [MeV]     T [MeV] LMF  MT    ZAP LFS
   1          5    0.000000    1.000000   3   5
   2   50010019    0.000000  150.000000   6   5  10019   0
   3   50010020    0.000000  130.000000   6   5  10020   0
   4   50010021    0.000000  120.000000   6   5  10021   0
   5   50010022    0.000000  110.000000   6   5  10022   0
   6   50010023    0.000000   95.000000   6   5  10023   0
   7   50010024    0.000000   85.000000   6   5  10024   0
   8   50010025    0.000000   74.000000   6   5  10025   0
   9   50010026    0.000000   90.000000   6   5  10026   0
  10   50010027    0.000000   95.000000   6   5  10027   0
  11   50010028    0.000000  120.000000   6   5  10028   0
  12   50010029    0.000000  130.000000   6   5  10029   0
  13   50010030    0.000000  140.000000   6   5  10030   0
  14   50010031    0.000000  160.000000   6   5  10031   0
  15   50010032    0.000000  170.000000   6   5  10032   0
  16   50011020    0.000000  150.000000   6   5  11020   0
  17   50011021    0.000000  130.000000   6   5  11021   0
  18   50011022    0.000000  120.000000   6   5  11022   0
  19   50011023    0.000000  110.000000   6   5  11023   0
  20   50011024    0.000000  100.000000   6   5  11024   0
  21   50011025    0.000000   90.000000   6   5  11025   0
  22   50011026    0.000000   80.000000   6   5  11026   0
  23   50011027    0.000000   80.000000   6   5  11027   0
  24   50011028    0.000000   78.000000   6   5  11028   0
  25   50011029    0.000000   95.000000   6   5  11029   0
  26   50011030    0.000000  100.000000   6   5  11030   0
  27   50011031    0.000000  120.000000   6   5  11031   0
  28   50011032    0.000000  130.000000   6   5  11032   0
  29   50011033    0.000000  150.000000   6   5  11033   0
  30   50011034    0.000000  170.000000   6   5  11034   0
  31   50011035    0.000000  180.000000   6   5  11035   0
  32   50012021    0.000000  170.000000   6   5  12021   0
  33   50012022    0.000000  150.000000   6   5  12022   0
  34   50012023    0.000000  130.000000   6   5  12023   0
  35   50012024    0.000000  120.000000   6   5  12024   0
  36   50012025    0.000000  100.000000   6   5  12025   0
  37   50012026    0.000000   90.000000   6   5  12026   0
  38   50012027    0.000000   78.000000   6   5  12027   0
  39   50012028    0.000000   68.000000   6   5  12028   0
  40   50012029    0.000000   60.000000   6   5  12029   0
  41   50012030    0.000000   74.000000   6   5  12030   0
  42   50012031    0.000000   80.000000   6   5  12031   0
  43   50012032    0.000000   95.000000   6   5  12032   0
  44   50012033    0.000000  110.000000   6   5  12033   0
  45   50012034    0.000000  120.000000   6   5  12034   0
  46   50012035    0.000000  140.000000   6   5  12035   0
  47   50012036    0.000000  150.000000   6   5  12036   0
  48   50012037    0.000000  180.000000   6   5  12037   0
  49   50012038    0.000000  180.000000   6   5  12038   0
  50   50013022    0.000000  180.000000   6   5  13022   0
  51   50013023    0.000000  160.000000   6   5  13023   0
  52   50013024    0.000000  140.000000   6   5  13024   0
  53   51013024    0.000000  140.000000   6   5  13024   1
  54   50013025    0.000000  120.000000   6   5  13025   0
  55   50013026    0.000000  110.000000   6   5  13026   0
  56   51013026    0.000000  110.000000   6   5  13026   1
  57   50013027    0.000000   90.000000   6   5  13027   0
  58   50013028    0.000000   85.000000   6   5  13028   0
  59   50013029    0.000000   72.000000   6   5  13029   0
  60   50013030    0.000000   66.000000   6   5  13030   0
  61   50013031    0.000000   64.000000   6   5  13031   0
  62   50013032    0.000000   62.000000   6   5  13032   0
  63   50013033    0.000000   78.000000   6   5  13033   0
  64   50013034    0.000000   85.000000   6   5  13034   0
  65   50013035    0.000000  100.000000   6   5  13035   0
  66   50013036    0.000000  110.000000   6   5  13036   0
  67   50013037    0.000000  130.000000   6   5  13037   0
  68   50013038    0.000000  140.000000   6   5  13038   0
  69   50013039    0.000000  150.000000   6   5  13039   0
  70   50013040    0.000000  180.000000   6   5  13040   0
  71   50014024    0.000000  170.000000   6   5  14024   0
  72   50014025    0.000000  150.000000   6   5  14025   0
  73   50014026    0.000000  130.000000   6   5  14026   0
  74   50014027    0.000000  120.000000   6   5  14027   0
  75   50014028    0.000000  100.000000   6   5  14028   0
  76   50014029    0.000000   85.000000   6   5  14029   0
  77   50014030    0.000000   72.000000   6   5  14030   0
  78   50014031    0.000000   62.000000   6   5  14031   0
  79   50014032    0.000000   52.000000   6   5  14032   0
  80   50014033    0.000000   44.000000   6   5  14033   0
  81   50014034    0.000000   58.000000   6   5  14034   0
  82   50014035    0.000000   62.000000   6   5  14035   0
  83   50014036    0.000000   78.000000   6   5  14036   0
  84   50014037    0.000000   85.000000   6   5  14037   0
  85   50014038    0.000000  100.000000   6   5  14038   0
  86   50014039    0.000000  110.000000   6   5  14039   0
  87   50014040    0.000000  120.000000   6   5  14040   0
  88   50014041    0.000000  150.000000   6   5  14041   0
  89   50015025    0.000000  190.000000   6   5  15025   0
  90   50015026    0.000000  170.000000   6   5  15026   0
  91   50015027    0.000000  140.000000   6   5  15027   0
  92   50015028    0.000000  130.000000   6   5  15028   0
  93   50015029    0.000000  110.000000   6   5  15029   0
  94   50015030    0.000000   95.000000   6   5  15030   0
  95   50015031    0.000000   78.000000   6   5  15031   0
  96   50015032    0.000000   70.000000   6   5  15032   0
  97   50015033    0.000000   58.000000   6   5  15033   0
  98   50015034    0.000000   52.000000   6   5  15034   0
  99   50015035    0.000000   50.000000   6   5  15035   0
 100   50015036    0.000000   48.000000   6   5  15036   0
 101   50015037    0.000000   62.000000   6   5  15037   0
 102   50015038    0.000000   66.000000   6   5  15038   0
 103   50015039    0.000000   80.000000   6   5  15039   0
 104   50015040    0.000000   85.000000   6   5  15040   0
 105   50015041    0.000000  110.000000   6   5  15041   0
 106   50015042    0.000000  110.000000   6   5  15042   0
 107   50016027    0.000000  180.000000   6   5  16027   0
 108   50016028    0.000000  160.000000   6   5  16028   0
 109   50016029    0.000000  140.000000   6   5  16029   0
 110   50016030    0.000000  120.000000   6   5  16030   0
 111   50016031    0.000000  100.000000   6   5  16031   0
 112   50016032    0.000000   85.000000   6   5  16032   0
 113   50016033    0.000000   72.000000   6   5  16033   0
 114   50016034    0.000000   60.000000   6   5  16034   0
 115   50016035    0.000000   48.000000   6   5  16035   0
 116   50016036    0.000000   40.000000   6   5  16036   0
 117   50016037    0.000000   34.000000   6   5  16037   0
 118   50016038    0.000000   46.000000   6   5  16038   0
 119   50016039    0.000000   50.000000   6   5  16039   0
 120   50016040    0.000000   62.000000   6   5  16040   0
 121   50016041    0.000000   66.000000   6   5  16041   0
 122   50016042    0.000000   80.000000   6   5  16042   0
 123   50016043    0.000000   85.000000   6   5  16043   0
 124   50017029    0.000000  170.000000   6   5  17029   0
 125   50017030    0.000000  150.000000   6   5  17030   0
 126   50017031    0.000000  130.000000   6   5  17031   0
 127   50017032    0.000000  120.000000   6   5  17032   0
 128   50017033    0.000000   95.000000   6   5  17033   0
 129   50017034    0.000000   85.000000   6   5  17034   0
 130   51017034    0.000000   85.000000   6   5  17034   1
 131   50017035    0.000000   68.000000   6   5  17035   0
 132   50017036    0.000000   60.000000   6   5  17036   0
 133   50017037    0.000000   48.000000   6   5  17037   0
 134   50017038    0.000000   42.000000   6   5  17038   0
 135   51017038    0.000000   42.000000   6   5  17038   1
 136   50017039    0.000000   40.000000   6   5  17039   0
 137   50017040    0.000000   36.000000   6   5  17040   0
 138   50017041    0.000000   50.000000   6   5  17041   0
 139   50017042    0.000000   52.000000   6   5  17042   0
 140   50017043    0.000000   64.000000   6   5  17043   0
 141   50017044    0.000000   68.000000   6   5  17044   0
 142   50018031    0.000000  170.000000   6   5  18031   0
 143   50018032    0.000000  140.000000   6   5  18032   0
 144   50018033    0.000000  120.000000   6   5  18033   0
 145   50018034    0.000000  110.000000   6   5  18034   0
 146   50018035    0.000000   85.000000   6   5  18035   0
 147   50018036    0.000000   72.000000   6   5  18036   0
 148   50018037    0.000000   58.000000   6   5  18037   0
 149   50018038    0.000000   46.000000   6   5  18038   0
 150   50018039    0.000000   40.000000   6   5  18039   0
 151   50018040    0.000000   28.000000   6   5  18040   0
 152   50018041    0.000000   22.000000   6   5  18041   0
 153   50018042    0.000000   34.000000   6   5  18042   0
 154   50018043    0.000000   36.000000   6   5  18043   0
 155   50018044    0.000000   48.000000   6   5  18044   0
 156   50018045    0.000000   50.000000   6   5  18045   0
 157   50019032    0.000000  190.000000   6   5  19032   0
 158   50019033    0.000000  160.000000   6   5  19033   0
 159   50019034    0.000000  140.000000   6   5  19034   0
 160   50019035    0.000000  120.000000   6   5  19035   0
 161   50019036    0.000000  110.000000   6   5  19036   0
 162   50019037    0.000000   90.000000   6   5  19037   0
 163   50019038    0.000000   74.000000   6   5  19038   0
 164   51019038    0.000000   74.000000   6   5  19038   1
 165   50019039    0.000000   60.000000   6   5  19039   0
 166   50019040    0.000000   50.000000   6   5  19040   0
 167   50019041    0.000000   40.000000   6   5  19041   0
 168   50019042    0.000000   32.000000   6   5  19042   0
 169   50019043    0.000000   29.000000   6   5  19043   0
 170   50019044    0.000000   24.000000   6   5  19044   0
 171   50019045    0.000000   36.000000   6   5  19045   0
 172   50019046    0.000000   36.000000   6   5  19046   0
 173   50020034    0.000000  180.000000   6   5  20034   0
 174   50020035    0.000000  150.000000   6   5  20035   0
 175   50020036    0.000000  130.000000   6   5  20036   0
 176   50020037    0.000000  110.000000   6   5  20037   0
 177   50020038    0.000000   90.000000   6   5  20038   0
 178   50020039    0.000000   76.000000   6   5  20039   0
 179   50020040    0.000000   60.000000   6   5  20040   0
 180   50020041    0.000000   50.000000   6   5  20041   0
 181   50020042    0.000000   38.000000   6   5  20042   0
 182   50020043    0.000000   30.000000   6   5  20043   0
 183   50020044    0.000000   18.000000   6   5  20044   0
 184   50020045    0.000000   10.500000   6   5  20045   0
 185   50020046    0.000000   21.000000   6   5  20046   0
 186   50020047    0.000000   21.000000   6   5  20047   0
 187   50021036    0.000000  180.000000   6   5  21036   0
 188   50021037    0.000000  150.000000   6   5  21037   0
 189   50021038    0.000000  140.000000   6   5  21038   0
 190   50021039    0.000000  120.000000   6   5  21039   0
 191   50021040    0.000000   95.000000   6   5  21040   0
 192   50021041    0.000000   78.000000   6   5  21041   0
 193   50021042    0.000000   66.000000   6   5  21042   0
 194   51021042    0.000000   66.000000   6   5  21042   1
 195   50021043    0.000000   54.000000   6   5  21043   0
 196   50021044    0.000000   44.000000   6   5  21044   0
 197   51021044    0.000000   44.000000   6   5  21044   1
 198   50021045    0.000000   32.000000   6   5  21045   0
 199   51021045    0.000000   32.000000   6   5  21045   1
 200   50021046    0.000000   22.000000   6   5  21046   0
 201   51021046    0.000000   22.000000   6   5  21046   1
 202   50021047    0.000000   17.500000   6   5  21047   0
 203   50021048    0.000000   11.500000   6   5  21048   0
 204   50022038    0.000000  170.000000   6   5  22038   0
 205   50022039    0.000000  140.000000   6   5  22039   0
 206   50022040    0.000000  120.000000   6   5  22040   0
 207   50022041    0.000000  110.000000   6   5  22041   0
 208   50022042    0.000000   85.000000   6   5  22042   0
 209   50022043    0.000000   72.000000   6   5  22043   0
 210   50022044    0.000000   54.000000   6   5  22044   0
 211   50022045    0.000000   44.000000   6   5  22045   0
 212   50022046    0.000000   30.000000   6   5  22046   0
 213   50022047    0.000000   20.000000   6   5  22047   0
 214   50022048    0.000000    8.500000   6   5  22048   0
 215   51022048    0.000000   12.000000   6   5  22048   1
 216   50022049    0.000000    1.000000   6   5  22049   0
 
   p   ZAP IP   NR    Tp [MeV]
   1     1  1    1    8.142395
   2     0  2    1    1.000000
   3  1001  9    1   11.348920
   4  1002 31    1   17.362910
   5  1003 32    1   21.752380
   6  2003 33    1   20.355640
   7  2004 34    1   10.500000
--------------------------------------------------------------------------------
 
