 
--------------------------------------------------------------------------------
 24-Cr- 52   T= 0.00 K from IAEA/PD-2019       (ACEMAKER)
 ZAID= 24052.38u  MAT=2431  ZA= 24052
 AWR=  51.494310  STA=  0  ELIS=   0.000 MeV  LIS=  0  LISO=  0
--------------------------------------------------------------------------------
 NTOTR= 211 NTRAN=   1 NPROD= 210 NE=     136 EMAX= 200.000 MeV
   i     MT/MTD     Q [MeV]     T [MeV] LMF  MT    ZAP LFS
   1          5    0.000000    1.000000   3   5
   2   50012022    0.000000  160.000000   6   5  12022   0
   3   50012023    0.000000  140.000000   6   5  12023   0
   4   50012024    0.000000  120.000000   6   5  12024   0
   5   50012025    0.000000  110.000000   6   5  12025   0
   6   50012026    0.000000   95.000000   6   5  12026   0
   7   50012027    0.000000   85.000000   6   5  12027   0
   8   50012028    0.000000   80.000000   6   5  12028   0
   9   50012029    0.000000   90.000000   6   5  12029   0
  10   50012030    0.000000  100.000000   6   5  12030   0
  11   50012031    0.000000  110.000000   6   5  12031   0
  12   50012032    0.000000  120.000000   6   5  12032   0
  13   50012033    0.000000  140.000000   6   5  12033   0
  14   50012034    0.000000  150.000000   6   5  12034   0
  15   50012035    0.000000  170.000000   6   5  12035   0
  16   50012036    0.000000  180.000000   6   5  12036   0
  17   50013023    0.000000  160.000000   6   5  13023   0
  18   50013024    0.000000  150.000000   6   5  13024   0
  19   51013024    0.000000  150.000000   6   5  13024   1
  20   50013025    0.000000  130.000000   6   5  13025   0
  21   50013026    0.000000  110.000000   6   5  13026   0
  22   51013026    0.000000  110.000000   6   5  13026   1
  23   50013027    0.000000   95.000000   6   5  13027   0
  24   50013028    0.000000   90.000000   6   5  13028   0
  25   50013029    0.000000   80.000000   6   5  13029   0
  26   50013030    0.000000   80.000000   6   5  13030   0
  27   50013031    0.000000   80.000000   6   5  13031   0
  28   50013032    0.000000   90.000000   6   5  13032   0
  29   50013033    0.000000  100.000000   6   5  13033   0
  30   50013034    0.000000  110.000000   6   5  13034   0
  31   50013035    0.000000  130.000000   6   5  13035   0
  32   50013036    0.000000  140.000000   6   5  13036   0
  33   50013037    0.000000  150.000000   6   5  13037   0
  34   50013038    0.000000  180.000000   6   5  13038   0
  35   50013039    0.000000  190.000000   6   5  13039   0
  36   50014024    0.000000  180.000000   6   5  14024   0
  37   50014025    0.000000  160.000000   6   5  14025   0
  38   50014026    0.000000  140.000000   6   5  14026   0
  39   50014027    0.000000  120.000000   6   5  14027   0
  40   50014028    0.000000  110.000000   6   5  14028   0
  41   50014029    0.000000   95.000000   6   5  14029   0
  42   50014030    0.000000   80.000000   6   5  14030   0
  43   50014031    0.000000   70.000000   6   5  14031   0
  44   50014032    0.000000   62.000000   6   5  14032   0
  45   50014033    0.000000   72.000000   6   5  14033   0
  46   50014034    0.000000   76.000000   6   5  14034   0
  47   50014035    0.000000   90.000000   6   5  14035   0
  48   50014036    0.000000  110.000000   6   5  14036   0
  49   50014037    0.000000  120.000000   6   5  14037   0
  50   50014038    0.000000  130.000000   6   5  14038   0
  51   50014039    0.000000  150.000000   6   5  14039   0
  52   50014040    0.000000  150.000000   6   5  14040   0
  53   50014041    0.000000  190.000000   6   5  14041   0
  54   50015025    0.000000  190.000000   6   5  15025   0
  55   50015026    0.000000  170.000000   6   5  15026   0
  56   50015027    0.000000  150.000000   6   5  15027   0
  57   50015028    0.000000  130.000000   6   5  15028   0
  58   50015029    0.000000  110.000000   6   5  15029   0
  59   50015030    0.000000  100.000000   6   5  15030   0
  60   50015031    0.000000   85.000000   6   5  15031   0
  61   50015032    0.000000   74.000000   6   5  15032   0
  62   50015033    0.000000   64.000000   6   5  15033   0
  63   50015034    0.000000   64.000000   6   5  15034   0
  64   50015035    0.000000   62.000000   6   5  15035   0
  65   50015036    0.000000   74.000000   6   5  15036   0
  66   50015037    0.000000   76.000000   6   5  15037   0
  67   50015038    0.000000   95.000000   6   5  15038   0
  68   50015039    0.000000  110.000000   6   5  15039   0
  69   50015040    0.000000  120.000000   6   5  15040   0
  70   50015041    0.000000  130.000000   6   5  15041   0
  71   50015042    0.000000  150.000000   6   5  15042   0
  72   50016027    0.000000  190.000000   6   5  16027   0
  73   50016028    0.000000  170.000000   6   5  16028   0
  74   50016029    0.000000  150.000000   6   5  16029   0
  75   50016030    0.000000  130.000000   6   5  16030   0
  76   50016031    0.000000  110.000000   6   5  16031   0
  77   50016032    0.000000   90.000000   6   5  16032   0
  78   50016033    0.000000   78.000000   6   5  16033   0
  79   50016034    0.000000   66.000000   6   5  16034   0
  80   50016035    0.000000   56.000000   6   5  16035   0
  81   50016036    0.000000   48.000000   6   5  16036   0
  82   50016037    0.000000   58.000000   6   5  16037   0
  83   50016038    0.000000   62.000000   6   5  16038   0
  84   50016039    0.000000   74.000000   6   5  16039   0
  85   50016040    0.000000   76.000000   6   5  16040   0
  86   50016041    0.000000   90.000000   6   5  16041   0
  87   50016042    0.000000  110.000000   6   5  16042   0
  88   50016043    0.000000  120.000000   6   5  16043   0
  89   50017029    0.000000  180.000000   6   5  17029   0
  90   50017030    0.000000  160.000000   6   5  17030   0
  91   50017031    0.000000  140.000000   6   5  17031   0
  92   50017032    0.000000  120.000000   6   5  17032   0
  93   50017033    0.000000  100.000000   6   5  17033   0
  94   50017034    0.000000   90.000000   6   5  17034   0
  95   51017034    0.000000   90.000000   6   5  17034   1
  96   50017035    0.000000   72.000000   6   5  17035   0
  97   50017036    0.000000   64.000000   6   5  17036   0
  98   50017037    0.000000   52.000000   6   5  17037   0
  99   50017038    0.000000   52.000000   6   5  17038   0
 100   51017038    0.000000   52.000000   6   5  17038   1
 101   50017039    0.000000   46.000000   6   5  17039   0
 102   50017040    0.000000   60.000000   6   5  17040   0
 103   50017041    0.000000   62.000000   6   5  17041   0
 104   50017042    0.000000   76.000000   6   5  17042   0
 105   50017043    0.000000   76.000000   6   5  17043   0
 106   50017044    0.000000   95.000000   6   5  17044   0
 107   50017045    0.000000  110.000000   6   5  17045   0
 108   50018031    0.000000  170.000000   6   5  18031   0
 109   50018032    0.000000  150.000000   6   5  18032   0
 110   50018033    0.000000  130.000000   6   5  18033   0
 111   50018034    0.000000  110.000000   6   5  18034   0
 112   50018035    0.000000   90.000000   6   5  18035   0
 113   50018036    0.000000   78.000000   6   5  18036   0
 114   50018037    0.000000   64.000000   6   5  18037   0
 115   50018038    0.000000   52.000000   6   5  18038   0
 116   50018039    0.000000   42.000000   6   5  18039   0
 117   50018040    0.000000   32.000000   6   5  18040   0
 118   50018041    0.000000   46.000000   6   5  18041   0
 119   50018042    0.000000   46.000000   6   5  18042   0
 120   50018043    0.000000   60.000000   6   5  18043   0
 121   50018044    0.000000   60.000000   6   5  18044   0
 122   50018045    0.000000   74.000000   6   5  18045   0
 123   50018046    0.000000   80.000000   6   5  18046   0
 124   50019032    0.000000  190.000000   6   5  19032   0
 125   50019033    0.000000  170.000000   6   5  19033   0
 126   50019034    0.000000  150.000000   6   5  19034   0
 127   50019035    0.000000  130.000000   6   5  19035   0
 128   50019036    0.000000  110.000000   6   5  19036   0
 129   50019037    0.000000   90.000000   6   5  19037   0
 130   50019038    0.000000   76.000000   6   5  19038   0
 131   51019038    0.000000   76.000000   6   5  19038   1
 132   50019039    0.000000   62.000000   6   5  19039   0
 133   50019040    0.000000   54.000000   6   5  19040   0
 134   50019041    0.000000   44.000000   6   5  19041   0
 135   50019042    0.000000   42.000000   6   5  19042   0
 136   50019043    0.000000   34.000000   6   5  19043   0
 137   50019044    0.000000   48.000000   6   5  19044   0
 138   50019045    0.000000   46.000000   6   5  19045   0
 139   50019046    0.000000   60.000000   6   5  19046   0
 140   50019047    0.000000   60.000000   6   5  19047   0
 141   50020034    0.000000  190.000000   6   5  20034   0
 142   50020035    0.000000  160.000000   6   5  20035   0
 143   50020036    0.000000  130.000000   6   5  20036   0
 144   50020037    0.000000  120.000000   6   5  20037   0
 145   50020038    0.000000   95.000000   6   5  20038   0
 146   50020039    0.000000   78.000000   6   5  20039   0
 147   50020040    0.000000   64.000000   6   5  20040   0
 148   50020041    0.000000   52.000000   6   5  20041   0
 149   50020042    0.000000   40.000000   6   5  20042   0
 150   50020043    0.000000   32.000000   6   5  20043   0
 151   50020044    0.000000   21.000000   6   5  20044   0
 152   50020045    0.000000   34.000000   6   5  20045   0
 153   50020046    0.000000   32.000000   6   5  20046   0
 154   50020047    0.000000   44.000000   6   5  20047   0
 155   50020048    0.000000   42.000000   6   5  20048   0
 156   50021036    0.000000  180.000000   6   5  21036   0
 157   50021037    0.000000  160.000000   6   5  21037   0
 158   50021038    0.000000  140.000000   6   5  21038   0
 159   50021039    0.000000  120.000000   6   5  21039   0
 160   50021040    0.000000  100.000000   6   5  21040   0
 161   50021041    0.000000   80.000000   6   5  21041   0
 162   50021042    0.000000   68.000000   6   5  21042   0
 163   51021042    0.000000   68.000000   6   5  21042   1
 164   50021043    0.000000   56.000000   6   5  21043   0
 165   50021044    0.000000   46.000000   6   5  21044   0
 166   51021044    0.000000   46.000000   6   5  21044   1
 167   50021045    0.000000   34.000000   6   5  21045   0
 168   51021045    0.000000   34.000000   6   5  21045   1
 169   50021046    0.000000   32.000000   6   5  21046   0
 170   51021046    0.000000   32.000000   6   5  21046   1
 171   50021047    0.000000   22.000000   6   5  21047   0
 172   50021048    0.000000   34.000000   6   5  21048   0
 173   50021049    0.000000   32.000000   6   5  21049   0
 174   50022038    0.000000  170.000000   6   5  22038   0
 175   50022039    0.000000  150.000000   6   5  22039   0
 176   50022040    0.000000  130.000000   6   5  22040   0
 177   50022041    0.000000  110.000000   6   5  22041   0
 178   50022042    0.000000   85.000000   6   5  22042   0
 179   50022043    0.000000   72.000000   6   5  22043   0
 180   50022044    0.000000   56.000000   6   5  22044   0
 181   50022045    0.000000   46.000000   6   5  22045   0
 182   50022046    0.000000   32.000000   6   5  22046   0
 183   50022047    0.000000   22.000000   6   5  22047   0
 184   50022048    0.000000   10.000000   6   5  22048   0
 185   51022048    0.000000   13.500000   6   5  22048   1
 186   50022049    0.000000   23.000000   6   5  22049   0
 187   50022050    0.000000   19.000000   6   5  22050   0
 188   50023040    0.000000  170.000000   6   5  23040   0
 189   50023041    0.000000  150.000000   6   5  23041   0
 190   50023042    0.000000  130.000000   6   5  23042   0
 191   50023043    0.000000  110.000000   6   5  23043   0
 192   50023044    0.000000   90.000000   6   5  23044   0
 193   51023044    0.000000   90.000000   6   5  23044   1
 194   50023045    0.000000   74.000000   6   5  23045   0
 195   50023046    0.000000   60.000000   6   5  23046   0
 196   50023047    0.000000   46.000000   6   5  23047   0
 197   50023048    0.000000   36.000000   6   5  23048   0
 198   50023049    0.000000   23.000000   6   5  23049   0
 199   50023050    0.000000   20.000000   6   5  23050   0
 200   50023051    0.000000   11.000000   6   5  23051   0
 201   50024042    0.000000  160.000000   6   5  24042   0
 202   50024043    0.000000  140.000000   6   5  24043   0
 203   50024044    0.000000  120.000000   6   5  24044   0
 204   50024045    0.000000  100.000000   6   5  24045   0
 205   50024046    0.000000   78.000000   6   5  24046   0
 206   50024047    0.000000   64.000000   6   5  24047   0
 207   50024048    0.000000   46.000000   6   5  24048   0
 208   50024049    0.000000   36.000000   6   5  24049   0
 209   50024050    0.000000   22.000000   6   5  24050   0
 210   50024051    0.000000   12.500000   6   5  24051   0
 211   50024052    0.000000    1.000000   6   5  24052   0
 
   p   ZAP IP   NR    Tp [MeV]
   1     1  1    1   12.039160
   2     0  2    1    1.000000
   3  1001  9    1   10.504370
   4  1002 31    1   19.330950
   5  1003 32    1   22.407120
   6  2003 33    1   21.786670
   7  2004 34    1    9.351449
--------------------------------------------------------------------------------
 
