 
--------------------------------------------------------------------------------
 24-Cr- 50   T= 0.00 K from IAEA/PD-2019       (ACEMAKER)
 ZAID= 24050.38u  MAT=2425  ZA= 24050
 AWR=  49.517000  STA=  0  ELIS=   0.000 MeV  LIS=  0  LISO=  0
--------------------------------------------------------------------------------
 NTOTR=  50 NTRAN=   1 NPROD=  49 NE=     102 EMAX= 200.000 MeV
   i     MT/MTD     Q [MeV]     T [MeV] LMF  MT    ZAP LFS
   1          5    0.000000    0.999000   3   5
   2        201  -13.001000   13.000900   3 201
   3        203   -9.590700    9.590740   3 203
   4        204  -18.920000   20.000000   3 204
   5        205  -23.203000   24.800000   3 205
   6        206  -20.258000   23.600000   3 206
   7        207   -8.556800    9.000000   3 207
   8   50016034    0.000000    1.000000   6   5  16034   0
   9   50017035    0.000000    1.000000   6   5  17035   0
  10   50017036    0.000000    1.000000   6   5  17036   0
  11   50017037    0.000000    1.000000   6   5  17037   0
  12   50017038    0.000000    1.000000   6   5  17038   0
  13   50018036    0.000000    1.000000   6   5  18036   0
  14   50018037    0.000000    1.000000   6   5  18037   0
  15   50018038    0.000000    1.000000   6   5  18038   0
  16   50018039    0.000000    1.000000   6   5  18039   0
  17   50018040    0.000000    1.000000   6   5  18040   0
  18   50019038    0.000000    1.000000   6   5  19038   0
  19   50019039    0.000000    1.000000   6   5  19039   0
  20   50019040    0.000000    1.000000   6   5  19040   0
  21   50019041    0.000000    1.000000   6   5  19041   0
  22   50019042    0.000000    1.000000   6   5  19042   0
  23   50019043    0.000000    1.000000   6   5  19043   0
  24   50019044    0.000000    1.000000   6   5  19044   0
  25   50020040    0.000000    1.000000   6   5  20040   0
  26   50020041    0.000000    1.000000   6   5  20041   0
  27   50020042    0.000000    1.000000   6   5  20042   0
  28   50020043    0.000000    1.000000   6   5  20043   0
  29   50020044    0.000000    1.000000   6   5  20044   0
  30   50020045    0.000000    1.000000   6   5  20045   0
  31   50020046    0.000000    1.000000   6   5  20046   0
  32   50021042    0.000000    1.000000   6   5  21042   0
  33   50021043    0.000000    1.000000   6   5  21043   0
  34   50021044    0.000000    1.000000   6   5  21044   0
  35   50021045    0.000000    1.000000   6   5  21045   0
  36   50021046    0.000000    1.000000   6   5  21046   0
  37   50021047    0.000000    1.000000   6   5  21047   0
  38   50022044    0.000000    1.000000   6   5  22044   0
  39   50022045    0.000000    1.000000   6   5  22045   0
  40   50022046    0.000000    1.000000   6   5  22046   0
  41   50022047    0.000000    1.000000   6   5  22047   0
  42   50022048    0.000000    1.000000   6   5  22048   0
  43   50023045    0.000000    1.000000   6   5  23045   0
  44   50023046    0.000000    1.000000   6   5  23046   0
  45   50023047    0.000000    1.000000   6   5  23047   0
  46   50023048    0.000000    1.000000   6   5  23048   0
  47   50023049    0.000000    1.000000   6   5  23049   0
  48   50024047    0.000000    1.000000   6   5  24047   0
  49   50024048    0.000000    1.000000   6   5  24048   0
  50   50024049    0.000000    1.000000   6   5  24049   0
 
   p   ZAP IP   NR    Tp [MeV]
   1     1  1    1   12.800000
   2  1001  9    1    9.000000
   3  1002 31    1   19.600000
   4  1003 32    1   24.400000
   5  2003 33    1   23.200000
   6  2004 34    1    9.000000
--------------------------------------------------------------------------------
 
