 
--------------------------------------------------------------------------------
 24-Cr- 54   T= 0.00 K from IAEA/PD-2019       (ACEMAKER)
 ZAID= 24054.38u  MAT=2437  ZA= 24054
 AWR=  53.476000  STA=  0  ELIS=   0.000 MeV  LIS=  0  LISO=  0
--------------------------------------------------------------------------------
 NTOTR=  49 NTRAN=   1 NPROD=  48 NE=     101 EMAX= 200.000 MeV
   i     MT/MTD     Q [MeV]     T [MeV] LMF  MT    ZAP LFS
   1          5    0.000000    0.999000   3   5
   2        201   -9.719300    9.719290   3 201
   3        203  -12.372000   13.200000   3 203
   4        204  -18.627000   19.600000   3 204
   5        205  -19.681000   21.200000   3 205
   6        206  -22.135000   26.400000   3 206
   7        207   -7.928100    9.000000   3 207
   8   50019042    0.000000    1.000000   6   5  19042   0
   9   50019043    0.000000    1.000000   6   5  19043   0
  10   50019044    0.000000    1.000000   6   5  19044   0
  11   50019045    0.000000    1.000000   6   5  19045   0
  12   50019046    0.000000    1.000000   6   5  19046   0
  13   50020042    0.000000    1.000000   6   5  20042   0
  14   50020043    0.000000    1.000000   6   5  20043   0
  15   50020044    0.000000    1.000000   6   5  20044   0
  16   50020045    0.000000    1.000000   6   5  20045   0
  17   50020046    0.000000    1.000000   6   5  20046   0
  18   50020047    0.000000    1.000000   6   5  20047   0
  19   50020048    0.000000    1.000000   6   5  20048   0
  20   50020049    0.000000    1.000000   6   5  20049   0
  21   50021044    0.000000    1.000000   6   5  21044   0
  22   50021045    0.000000    1.000000   6   5  21045   0
  23   50021046    0.000000    1.000000   6   5  21046   0
  24   50021047    0.000000    1.000000   6   5  21047   0
  25   50021048    0.000000    1.000000   6   5  21048   0
  26   50021049    0.000000    1.000000   6   5  21049   0
  27   50021050    0.000000    1.000000   6   5  21050   0
  28   50021051    0.000000    1.000000   6   5  21051   0
  29   50022045    0.000000    1.000000   6   5  22045   0
  30   50022046    0.000000    1.000000   6   5  22046   0
  31   50022047    0.000000    1.000000   6   5  22047   0
  32   50022048    0.000000    1.000000   6   5  22048   0
  33   50022049    0.000000    1.000000   6   5  22049   0
  34   50022050    0.000000    1.000000   6   5  22050   0
  35   50022051    0.000000    1.000000   6   5  22051   0
  36   50022052    0.000000    1.000000   6   5  22052   0
  37   50023047    0.000000    1.000000   6   5  23047   0
  38   50023048    0.000000    1.000000   6   5  23048   0
  39   50023049    0.000000    1.000000   6   5  23049   0
  40   50023050    0.000000    1.000000   6   5  23050   0
  41   50023051    0.000000    1.000000   6   5  23051   0
  42   50023052    0.000000    1.000000   6   5  23052   0
  43   50023053    0.000000    1.000000   6   5  23053   0
  44   50024048    0.000000    1.000000   6   5  24048   0
  45   50024049    0.000000    1.000000   6   5  24049   0
  46   50024050    0.000000    1.000000   6   5  24050   0
  47   50024051    0.000000    1.000000   6   5  24051   0
  48   50024052    0.000000    1.000000   6   5  24052   0
  49   50024053    0.000000    1.000000   6   5  24053   0
 
   p   ZAP IP   NR    Tp [MeV]
   1     1  1    1    9.000000
   2  1001  9    1   12.800000
   3  1002 31    1   19.600000
   4  1003 32    1   20.400000
   5  2003 33    1   25.600000
   6  2004 34    1    9.000000
--------------------------------------------------------------------------------
 
