 
--------------------------------------------------------------------------------
 24-Cr- 53   T= 0.00 K from IAEA/PD-2019       (ACEMAKER)
 ZAID= 24053.38u  MAT=2434  ZA= 24053
 AWR=  52.486000  STA=  0  ELIS=   0.000 MeV  LIS=  0  LISO=  0
--------------------------------------------------------------------------------
 NTOTR=  49 NTRAN=   1 NPROD=  48 NE=     101 EMAX= 200.000 MeV
   i     MT/MTD     Q [MeV]     T [MeV] LMF  MT    ZAP LFS
   1          5    0.000000    0.999000   3   5
   2        201   -7.939200    7.939230   3 201
   3        203  -11.132000   12.000000   3 203
   4        204  -16.219000   17.200000   3 204
   5        205  -21.013000   22.400000   3 205
   6        206  -18.787000   22.800000   3 206
   7        207   -9.148300   12.000000   3 207
   8   50018038    0.000000    1.000000   6   5  18038   0
   9   50018039    0.000000    1.000000   6   5  18039   0
  10   50019041    0.000000    1.000000   6   5  19041   0
  11   50019042    0.000000    1.000000   6   5  19042   0
  12   50019043    0.000000    1.000000   6   5  19043   0
  13   50019044    0.000000    1.000000   6   5  19044   0
  14   50019046    0.000000    1.000000   6   5  19046   0
  15   50020041    0.000000    1.000000   6   5  20041   0
  16   50020042    0.000000    1.000000   6   5  20042   0
  17   50020043    0.000000    1.000000   6   5  20043   0
  18   50020044    0.000000    1.000000   6   5  20044   0
  19   50020045    0.000000    1.000000   6   5  20045   0
  20   50020046    0.000000    1.000000   6   5  20046   0
  21   50020047    0.000000    1.000000   6   5  20047   0
  22   50020048    0.000000    1.000000   6   5  20048   0
  23   50021044    0.000000    1.000000   6   5  21044   0
  24   50021045    0.000000    1.000000   6   5  21045   0
  25   50021046    0.000000    1.000000   6   5  21046   0
  26   50021047    0.000000    1.000000   6   5  21047   0
  27   50021048    0.000000    1.000000   6   5  21048   0
  28   50021049    0.000000    1.000000   6   5  21049   0
  29   50021050    0.000000    1.000000   6   5  21050   0
  30   50022044    0.000000    1.000000   6   5  22044   0
  31   50022045    0.000000    1.000000   6   5  22045   0
  32   50022046    0.000000    1.000000   6   5  22046   0
  33   50022047    0.000000    1.000000   6   5  22047   0
  34   50022048    0.000000    1.000000   6   5  22048   0
  35   50022049    0.000000    1.000000   6   5  22049   0
  36   50022050    0.000000    1.000000   6   5  22050   0
  37   50022051    0.000000    1.000000   6   5  22051   0
  38   50023046    0.000000    1.000000   6   5  23046   0
  39   50023047    0.000000    1.000000   6   5  23047   0
  40   50023048    0.000000    1.000000   6   5  23048   0
  41   50023049    0.000000    1.000000   6   5  23049   0
  42   50023050    0.000000    1.000000   6   5  23050   0
  43   50023051    0.000000    1.000000   6   5  23051   0
  44   50023052    0.000000    1.000000   6   5  23052   0
  45   50024048    0.000000    1.000000   6   5  24048   0
  46   50024049    0.000000    1.000000   6   5  24049   0
  47   50024050    0.000000    1.000000   6   5  24050   0
  48   50024051    0.000000    1.000000   6   5  24051   0
  49   50024052    0.000000    1.000000   6   5  24052   0
 
   p   ZAP IP   NR    Tp [MeV]
   1     1  1    1    7.000000
   2  1001  9    1   11.600000
   3  1002 31    1   17.200000
   4  1003 32    1   22.000000
   5  2003 33    1   22.000000
   6  2004 34    1   11.300000
--------------------------------------------------------------------------------
 
