 
--------------------------------------------------------------------------------
 26-Fe- 54   T= 0.00 K from IAEA/PD-2019       (ACEMAKER)
 ZAID= 26054.38u  MAT=2625  ZA= 26054
 AWR=  53.476240  STA=  0  ELIS=   0.000 MeV  LIS=  0  LISO=  0
--------------------------------------------------------------------------------
 NTOTR= 200 NTRAN=   1 NPROD= 199 NE=     138 EMAX= 200.000 MeV
   i     MT/MTD     Q [MeV]     T [MeV] LMF  MT    ZAP LFS
   1          5    0.000000    1.000000   3   5
   2   50014024    0.000000  160.000000   6   5  14024   0
   3   50014025    0.000000  150.000000   6   5  14025   0
   4   50014026    0.000000  130.000000   6   5  14026   0
   5   50014027    0.000000  120.000000   6   5  14027   0
   6   50014028    0.000000  100.000000   6   5  14028   0
   7   50014029    0.000000   85.000000   6   5  14029   0
   8   50014030    0.000000   74.000000   6   5  14030   0
   9   50014031    0.000000   78.000000   6   5  14031   0
  10   50014032    0.000000   90.000000   6   5  14032   0
  11   50014033    0.000000   95.000000   6   5  14033   0
  12   50014034    0.000000  110.000000   6   5  14034   0
  13   50014035    0.000000  120.000000   6   5  14035   0
  14   50014036    0.000000  130.000000   6   5  14036   0
  15   50014037    0.000000  140.000000   6   5  14037   0
  16   50014038    0.000000  150.000000   6   5  14038   0
  17   50014039    0.000000  180.000000   6   5  14039   0
  18   50014040    0.000000  190.000000   6   5  14040   0
  19   50015025    0.000000  180.000000   6   5  15025   0
  20   50015026    0.000000  160.000000   6   5  15026   0
  21   50015027    0.000000  140.000000   6   5  15027   0
  22   50015028    0.000000  120.000000   6   5  15028   0
  23   50015029    0.000000  100.000000   6   5  15029   0
  24   50015030    0.000000   90.000000   6   5  15030   0
  25   50015031    0.000000   76.000000   6   5  15031   0
  26   50015032    0.000000   74.000000   6   5  15032   0
  27   50015033    0.000000   72.000000   6   5  15033   0
  28   50015034    0.000000   80.000000   6   5  15034   0
  29   50015035    0.000000   90.000000   6   5  15035   0
  30   50015036    0.000000   95.000000   6   5  15036   0
  31   50015037    0.000000  110.000000   6   5  15037   0
  32   50015038    0.000000  120.000000   6   5  15038   0
  33   50015039    0.000000  130.000000   6   5  15039   0
  34   50015040    0.000000  150.000000   6   5  15040   0
  35   50015041    0.000000  150.000000   6   5  15041   0
  36   50015042    0.000000  190.000000   6   5  15042   0
  37   50016027    0.000000  180.000000   6   5  16027   0
  38   50016028    0.000000  160.000000   6   5  16028   0
  39   50016029    0.000000  140.000000   6   5  16029   0
  40   50016030    0.000000  120.000000   6   5  16030   0
  41   50016031    0.000000  100.000000   6   5  16031   0
  42   50016032    0.000000   85.000000   6   5  16032   0
  43   50016033    0.000000   70.000000   6   5  16033   0
  44   50016034    0.000000   60.000000   6   5  16034   0
  45   50016035    0.000000   66.000000   6   5  16035   0
  46   50016036    0.000000   70.000000   6   5  16036   0
  47   50016037    0.000000   80.000000   6   5  16037   0
  48   50016038    0.000000   90.000000   6   5  16038   0
  49   50016039    0.000000   95.000000   6   5  16039   0
  50   50016040    0.000000  110.000000   6   5  16040   0
  51   50016041    0.000000  120.000000   6   5  16041   0
  52   50016042    0.000000  130.000000   6   5  16042   0
  53   50016043    0.000000  150.000000   6   5  16043   0
  54   50017028    0.000000  190.000000   6   5  17028   0
  55   50017029    0.000000  170.000000   6   5  17029   0
  56   50017030    0.000000  150.000000   6   5  17030   0
  57   50017031    0.000000  130.000000   6   5  17031   0
  58   50017032    0.000000  110.000000   6   5  17032   0
  59   50017033    0.000000   90.000000   6   5  17033   0
  60   50017034    0.000000   76.000000   6   5  17034   0
  61   51017034    0.000000   76.000000   6   5  17034   1
  62   50017035    0.000000   64.000000   6   5  17035   0
  63   50017036    0.000000   60.000000   6   5  17036   0
  64   50017037    0.000000   58.000000   6   5  17037   0
  65   50017038    0.000000   66.000000   6   5  17038   0
  66   51017038    0.000000   68.000000   6   5  17038   1
  67   50017039    0.000000   70.000000   6   5  17039   0
  68   50017040    0.000000   80.000000   6   5  17040   0
  69   50017041    0.000000   90.000000   6   5  17041   0
  70   50017042    0.000000  100.000000   6   5  17042   0
  71   50017043    0.000000  110.000000   6   5  17043   0
  72   50017044    0.000000  120.000000   6   5  17044   0
  73   50018030    0.000000  190.000000   6   5  18030   0
  74   50018031    0.000000  160.000000   6   5  18031   0
  75   50018032    0.000000  140.000000   6   5  18032   0
  76   50018033    0.000000  120.000000   6   5  18033   0
  77   50018034    0.000000  100.000000   6   5  18034   0
  78   50018035    0.000000   85.000000   6   5  18035   0
  79   50018036    0.000000   70.000000   6   5  18036   0
  80   50018037    0.000000   56.000000   6   5  18037   0
  81   50018038    0.000000   44.000000   6   5  18038   0
  82   50018039    0.000000   54.000000   6   5  18039   0
  83   50018040    0.000000   54.000000   6   5  18040   0
  84   50018041    0.000000   66.000000   6   5  18041   0
  85   50018042    0.000000   68.000000   6   5  18042   0
  86   50018043    0.000000   80.000000   6   5  18043   0
  87   50018044    0.000000   85.000000   6   5  18044   0
  88   50018045    0.000000   95.000000   6   5  18045   0
  89   50018046    0.000000  120.000000   6   5  18046   0
  90   50019032    0.000000  180.000000   6   5  19032   0
  91   50019033    0.000000  150.000000   6   5  19033   0
  92   50019034    0.000000  140.000000   6   5  19034   0
  93   50019035    0.000000  120.000000   6   5  19035   0
  94   50019036    0.000000   95.000000   6   5  19036   0
  95   50019037    0.000000   78.000000   6   5  19037   0
  96   50019038    0.000000   66.000000   6   5  19038   0
  97   51019038    0.000000   66.000000   6   5  19038   1
  98   50019039    0.000000   52.000000   6   5  19039   0
  99   50019040    0.000000   50.000000   6   5  19040   0
 100   50019041    0.000000   42.000000   6   5  19041   0
 101   50019042    0.000000   54.000000   6   5  19042   0
 102   50019043    0.000000   52.000000   6   5  19043   0
 103   50019044    0.000000   66.000000   6   5  19044   0
 104   50019045    0.000000   66.000000   6   5  19045   0
 105   50019046    0.000000   80.000000   6   5  19046   0
 106   50019047    0.000000   85.000000   6   5  19047   0
 107   50020034    0.000000  180.000000   6   5  20034   0
 108   50020035    0.000000  150.000000   6   5  20035   0
 109   50020036    0.000000  120.000000   6   5  20036   0
 110   50020037    0.000000  110.000000   6   5  20037   0
 111   50020038    0.000000   85.000000   6   5  20038   0
 112   50020039    0.000000   70.000000   6   5  20039   0
 113   50020040    0.000000   54.000000   6   5  20040   0
 114   50020041    0.000000   42.000000   6   5  20041   0
 115   50020042    0.000000   30.000000   6   5  20042   0
 116   50020043    0.000000   42.000000   6   5  20043   0
 117   50020044    0.000000   38.000000   6   5  20044   0
 118   50020045    0.000000   52.000000   6   5  20045   0
 119   50020046    0.000000   50.000000   6   5  20046   0
 120   50020047    0.000000   64.000000   6   5  20047   0
 121   50020048    0.000000   66.000000   6   5  20048   0
 122   50021036    0.000000  170.000000   6   5  21036   0
 123   50021037    0.000000  140.000000   6   5  21037   0
 124   50021038    0.000000  130.000000   6   5  21038   0
 125   50021039    0.000000  110.000000   6   5  21039   0
 126   50021040    0.000000   90.000000   6   5  21040   0
 127   50021041    0.000000   70.000000   6   5  21041   0
 128   50021042    0.000000   56.000000   6   5  21042   0
 129   51021042    0.000000   58.000000   6   5  21042   1
 130   50021043    0.000000   44.000000   6   5  21043   0
 131   50021044    0.000000   40.000000   6   5  21044   0
 132   51021044    0.000000   40.000000   6   5  21044   1
 133   50021045    0.000000   30.000000   6   5  21045   0
 134   51021045    0.000000   30.000000   6   5  21045   1
 135   50021046    0.000000   42.000000   6   5  21046   0
 136   51021046    0.000000   42.000000   6   5  21046   1
 137   50021047    0.000000   40.000000   6   5  21047   0
 138   50021048    0.000000   52.000000   6   5  21048   0
 139   50021049    0.000000   50.000000   6   5  21049   0
 140   50022038    0.000000  160.000000   6   5  22038   0
 141   50022039    0.000000  130.000000   6   5  22039   0
 142   50022040    0.000000  110.000000   6   5  22040   0
 143   50022041    0.000000   95.000000   6   5  22041   0
 144   50022042    0.000000   74.000000   6   5  22042   0
 145   50022043    0.000000   60.000000   6   5  22043   0
 146   50022044    0.000000   44.000000   6   5  22044   0
 147   50022045    0.000000   34.000000   6   5  22045   0
 148   50022046    0.000000   19.000000   6   5  22046   0
 149   50022047    0.000000   32.000000   6   5  22047   0
 150   50022048    0.000000   27.000000   6   5  22048   0
 151   51022048    0.000000   30.000000   6   5  22048   1
 152   50022049    0.000000   40.000000   6   5  22049   0
 153   50022050    0.000000   36.000000   6   5  22050   0
 154   50023040    0.000000  160.000000   6   5  23040   0
 155   50023041    0.000000  130.000000   6   5  23041   0
 156   50023042    0.000000  120.000000   6   5  23042   0
 157   50023043    0.000000   95.000000   6   5  23043   0
 158   50023044    0.000000   78.000000   6   5  23044   0
 159   51023044    0.000000   78.000000   6   5  23044   1
 160   50023045    0.000000   60.000000   6   5  23045   0
 161   50023046    0.000000   48.000000   6   5  23046   0
 162   50023047    0.000000   34.000000   6   5  23047   0
 163   50023048    0.000000   29.000000   6   5  23048   0
 164   50023049    0.000000   19.000000   6   5  23049   0
 165   50023050    0.000000   30.000000   6   5  23050   0
 166   50023051    0.000000   27.000000   6   5  23051   0
 167   50024042    0.000000  140.000000   6   5  24042   0
 168   50024043    0.000000  120.000000   6   5  24043   0
 169   50024044    0.000000  100.000000   6   5  24044   0
 170   50024045    0.000000   85.000000   6   5  24045   0
 171   50024046    0.000000   64.000000   6   5  24046   0
 172   50024047    0.000000   50.000000   6   5  24047   0
 173   50024048    0.000000   34.000000   6   5  24048   0
 174   50024049    0.000000   22.000000   6   5  24049   0
 175   50024050    0.000000    9.000000   6   5  24050   0
 176   50024051    0.000000   21.000000   6   5  24051   0
 177   50024052    0.000000   16.000000   6   5  24052   0
 178   50025044    0.000000  150.000000   6   5  25044   0
 179   50025045    0.000000  120.000000   6   5  25045   0
 180   50025046    0.000000  110.000000   6   5  25046   0
 181   50025047    0.000000   85.000000   6   5  25047   0
 182   50025048    0.000000   68.000000   6   5  25048   0
 183   50025049    0.000000   52.000000   6   5  25049   0
 184   50025050    0.000000   38.000000   6   5  25050   0
 185   51025050    0.000000   38.000000   6   5  25050   1
 186   50025051    0.000000   24.000000   6   5  25051   0
 187   50025052    0.000000   19.000000   6   5  25052   0
 188   51025052    0.000000   19.500000   6   5  25052   1
 189   50025053    0.000000    9.000000   6   5  25053   0
 190   50026045    0.000000  160.000000   6   5  26045   0
 191   50026046    0.000000  130.000000   6   5  26046   0
 192   50026047    0.000000  110.000000   6   5  26047   0
 193   50026048    0.000000   90.000000   6   5  26048   0
 194   50026049    0.000000   74.000000   6   5  26049   0
 195   50026050    0.000000   56.000000   6   5  26050   0
 196   50026051    0.000000   42.000000   6   5  26051   0
 197   50026052    0.000000   25.000000   6   5  26052   0
 198   50026053    0.000000   13.500000   6   5  26053   0
 199   51026053    0.000000   16.500000   6   5  26053   1
 200   50026054    0.000000    1.000000   6   5  26054   0
 
   p   ZAP IP   NR    Tp [MeV]
   1     1  1    1   13.378290
   2     0  2    1    1.000000
   3  1001  9    1    8.853355
   4  1002 31    1   19.000000
   5  1003 32    1   22.960430
   6  2003 33    1   19.734320
   7  2004 34    1    8.417344
--------------------------------------------------------------------------------
 
