 
--------------------------------------------------------------------------------
 26-Fe- 58   T= 0.00 K from IAEA/PD-2019       (ACEMAKER)
 ZAID= 26058.38u  MAT=2637  ZA= 26058
 AWR=  57.435600  STA=  0  ELIS=   0.000 MeV  LIS=  0  LISO=  0
--------------------------------------------------------------------------------
 NTOTR= 222 NTRAN=   1 NPROD= 221 NE=     137 EMAX= 200.000 MeV
   i     MT/MTD     Q [MeV]     T [MeV] LMF  MT    ZAP LFS
   1          5    0.000000    1.000000   3   5
   2   50014028    0.000000  150.000000   6   5  14028   0
   3   50014029    0.000000  130.000000   6   5  14029   0
   4   50014030    0.000000  120.000000   6   5  14030   0
   5   50014031    0.000000  110.000000   6   5  14031   0
   6   50014032    0.000000   95.000000   6   5  14032   0
   7   50014033    0.000000   90.000000   6   5  14033   0
   8   50014034    0.000000   90.000000   6   5  14034   0
   9   50014035    0.000000   95.000000   6   5  14035   0
  10   50014036    0.000000  110.000000   6   5  14036   0
  11   50014037    0.000000  120.000000   6   5  14037   0
  12   50014038    0.000000  130.000000   6   5  14038   0
  13   50014039    0.000000  150.000000   6   5  14039   0
  14   50014040    0.000000  150.000000   6   5  14040   0
  15   50014041    0.000000  190.000000   6   5  14041   0
  16   50014042    0.000000  190.000000   6   5  14042   0
  17   50015029    0.000000  150.000000   6   5  15029   0
  18   50015030    0.000000  130.000000   6   5  15030   0
  19   50015031    0.000000  120.000000   6   5  15031   0
  20   50015032    0.000000  110.000000   6   5  15032   0
  21   50015033    0.000000   95.000000   6   5  15033   0
  22   50015034    0.000000   90.000000   6   5  15034   0
  23   50015035    0.000000   90.000000   6   5  15035   0
  24   50015036    0.000000   90.000000   6   5  15036   0
  25   50015037    0.000000   90.000000   6   5  15037   0
  26   50015038    0.000000  100.000000   6   5  15038   0
  27   50015039    0.000000  110.000000   6   5  15039   0
  28   50015040    0.000000  120.000000   6   5  15040   0
  29   50015041    0.000000  130.000000   6   5  15041   0
  30   50015042    0.000000  150.000000   6   5  15042   0
  31   50015043    0.000000  160.000000   6   5  15043   0
  32   50015044    0.000000  190.000000   6   5  15044   0
  33   50016030    0.000000  170.000000   6   5  16030   0
  34   50016031    0.000000  150.000000   6   5  16031   0
  35   50016032    0.000000  130.000000   6   5  16032   0
  36   50016033    0.000000  120.000000   6   5  16033   0
  37   50016034    0.000000  110.000000   6   5  16034   0
  38   50016035    0.000000   95.000000   6   5  16035   0
  39   50016036    0.000000   85.000000   6   5  16036   0
  40   50016037    0.000000   74.000000   6   5  16037   0
  41   50016038    0.000000   68.000000   6   5  16038   0
  42   50016039    0.000000   78.000000   6   5  16039   0
  43   50016040    0.000000   80.000000   6   5  16040   0
  44   50016041    0.000000   95.000000   6   5  16041   0
  45   50016042    0.000000  110.000000   6   5  16042   0
  46   50016043    0.000000  120.000000   6   5  16043   0
  47   50016044    0.000000  130.000000   6   5  16044   0
  48   50016045    0.000000  150.000000   6   5  16045   0
  49   50016046    0.000000  160.000000   6   5  16046   0
  50   50017031    0.000000  170.000000   6   5  17031   0
  51   50017032    0.000000  150.000000   6   5  17032   0
  52   50017033    0.000000  140.000000   6   5  17033   0
  53   50017034    0.000000  120.000000   6   5  17034   0
  54   51017034    0.000000  120.000000   6   5  17034   1
  55   50017035    0.000000  110.000000   6   5  17035   0
  56   50017036    0.000000   95.000000   6   5  17036   0
  57   50017037    0.000000   85.000000   6   5  17037   0
  58   50017038    0.000000   78.000000   6   5  17038   0
  59   51017038    0.000000   78.000000   6   5  17038   1
  60   50017039    0.000000   70.000000   6   5  17039   0
  61   50017040    0.000000   68.000000   6   5  17040   0
  62   50017041    0.000000   66.000000   6   5  17041   0
  63   50017042    0.000000   78.000000   6   5  17042   0
  64   50017043    0.000000   80.000000   6   5  17043   0
  65   50017044    0.000000   95.000000   6   5  17044   0
  66   50017045    0.000000  110.000000   6   5  17045   0
  67   50017046    0.000000  120.000000   6   5  17046   0
  68   50017047    0.000000  130.000000   6   5  17047   0
  69   50017048    0.000000  160.000000   6   5  17048   0
  70   50018032    0.000000  190.000000   6   5  18032   0
  71   50018033    0.000000  170.000000   6   5  18033   0
  72   50018034    0.000000  150.000000   6   5  18034   0
  73   50018035    0.000000  130.000000   6   5  18035   0
  74   50018036    0.000000  120.000000   6   5  18036   0
  75   50018037    0.000000  110.000000   6   5  18037   0
  76   50018038    0.000000   90.000000   6   5  18038   0
  77   50018039    0.000000   76.000000   6   5  18039   0
  78   50018040    0.000000   66.000000   6   5  18040   0
  79   50018041    0.000000   56.000000   6   5  18041   0
  80   50018042    0.000000   48.000000   6   5  18042   0
  81   50018043    0.000000   60.000000   6   5  18043   0
  82   50018044    0.000000   60.000000   6   5  18044   0
  83   50018045    0.000000   76.000000   6   5  18045   0
  84   50018046    0.000000   85.000000   6   5  18046   0
  85   50018047    0.000000   95.000000   6   5  18047   0
  86   50018048    0.000000  110.000000   6   5  18048   0
  87   50018049    0.000000  130.000000   6   5  18049   0
  88   50019034    0.000000  180.000000   6   5  19034   0
  89   50019035    0.000000  160.000000   6   5  19035   0
  90   50019036    0.000000  140.000000   6   5  19036   0
  91   50019037    0.000000  130.000000   6   5  19037   0
  92   50019038    0.000000  110.000000   6   5  19038   0
  93   51019038    0.000000  110.000000   6   5  19038   1
  94   50019039    0.000000   95.000000   6   5  19039   0
  95   50019040    0.000000   85.000000   6   5  19040   0
  96   50019041    0.000000   74.000000   6   5  19041   0
  97   50019042    0.000000   66.000000   6   5  19042   0
  98   50019043    0.000000   56.000000   6   5  19043   0
  99   50019044    0.000000   54.000000   6   5  19044   0
 100   50019045    0.000000   48.000000   6   5  19045   0
 101   50019046    0.000000   60.000000   6   5  19046   0
 102   50019047    0.000000   60.000000   6   5  19047   0
 103   50019048    0.000000   76.000000   6   5  19048   0
 104   50019049    0.000000   85.000000   6   5  19049   0
 105   50019050    0.000000   95.000000   6   5  19050   0
 106   50019051    0.000000  130.000000   6   5  19051   0
 107   50020036    0.000000  180.000000   6   5  20036   0
 108   50020037    0.000000  160.000000   6   5  20037   0
 109   50020038    0.000000  140.000000   6   5  20038   0
 110   50020039    0.000000  120.000000   6   5  20039   0
 111   50020040    0.000000  100.000000   6   5  20040   0
 112   50020041    0.000000   90.000000   6   5  20041   0
 113   50020042    0.000000   72.000000   6   5  20042   0
 114   50020043    0.000000   62.000000   6   5  20043   0
 115   50020044    0.000000   50.000000   6   5  20044   0
 116   50020045    0.000000   42.000000   6   5  20045   0
 117   50020046    0.000000   32.000000   6   5  20046   0
 118   50020047    0.000000   44.000000   6   5  20047   0
 119   50020048    0.000000   44.000000   6   5  20048   0
 120   50020049    0.000000   58.000000   6   5  20049   0
 121   50020050    0.000000   62.000000   6   5  20050   0
 122   50020051    0.000000   76.000000   6   5  20051   0
 123   50020052    0.000000   90.000000   6   5  20052   0
 124   50021037    0.000000  190.000000   6   5  21037   0
 125   50021038    0.000000  170.000000   6   5  21038   0
 126   50021039    0.000000  150.000000   6   5  21039   0
 127   50021040    0.000000  130.000000   6   5  21040   0
 128   50021041    0.000000  120.000000   6   5  21041   0
 129   50021042    0.000000  100.000000   6   5  21042   0
 130   51021042    0.000000  100.000000   6   5  21042   1
 131   50021043    0.000000   85.000000   6   5  21043   0
 132   50021044    0.000000   74.000000   6   5  21044   0
 133   51021044    0.000000   74.000000   6   5  21044   1
 134   50021045    0.000000   62.000000   6   5  21045   0
 135   51021045    0.000000   62.000000   6   5  21045   1
 136   50021046    0.000000   54.000000   6   5  21046   0
 137   51021046    0.000000   54.000000   6   5  21046   1
 138   50021047    0.000000   42.000000   6   5  21047   0
 139   50021048    0.000000   40.000000   6   5  21048   0
 140   50021049    0.000000   32.000000   6   5  21049   0
 141   50021050    0.000000   46.000000   6   5  21050   0
 142   51021050    0.000000   46.000000   6   5  21050   1
 143   50021051    0.000000   48.000000   6   5  21051   0
 144   50021052    0.000000   62.000000   6   5  21052   0
 145   50021053    0.000000   64.000000   6   5  21053   0
 146   50022039    0.000000  190.000000   6   5  22039   0
 147   50022040    0.000000  160.000000   6   5  22040   0
 148   50022041    0.000000  140.000000   6   5  22041   0
 149   50022042    0.000000  120.000000   6   5  22042   0
 150   50022043    0.000000  110.000000   6   5  22043   0
 151   50022044    0.000000   85.000000   6   5  22044   0
 152   50022045    0.000000   74.000000   6   5  22045   0
 153   50022046    0.000000   60.000000   6   5  22046   0
 154   50022047    0.000000   50.000000   6   5  22047   0
 155   50022048    0.000000   38.000000   6   5  22048   0
 156   51022048    0.000000   42.000000   6   5  22048   1
 157   50022049    0.000000   29.000000   6   5  22049   0
 158   50022050    0.000000   17.500000   6   5  22050   0
 159   50022051    0.000000   32.000000   6   5  22051   0
 160   50022052    0.000000   32.000000   6   5  22052   0
 161   50022053    0.000000   48.000000   6   5  22053   0
 162   50022054    0.000000   48.000000   6   5  22054   0
 163   50023041    0.000000  180.000000   6   5  23041   0
 164   50023042    0.000000  160.000000   6   5  23042   0
 165   50023043    0.000000  140.000000   6   5  23043   0
 166   50023044    0.000000  120.000000   6   5  23044   0
 167   51023044    0.000000  120.000000   6   5  23044   1
 168   50023045    0.000000  110.000000   6   5  23045   0
 169   50023046    0.000000   90.000000   6   5  23046   0
 170   50023047    0.000000   74.000000   6   5  23047   0
 171   50023048    0.000000   62.000000   6   5  23048   0
 172   50023049    0.000000   50.000000   6   5  23049   0
 173   50023050    0.000000   40.000000   6   5  23050   0
 174   50023051    0.000000   29.000000   6   5  23051   0
 175   50023052    0.000000   28.000000   6   5  23052   0
 176   50023053    0.000000   21.000000   6   5  23053   0
 177   50023054    0.000000   36.000000   6   5  23054   0
 178   50023055    0.000000   36.000000   6   5  23055   0
 179   50024043    0.000000  170.000000   6   5  24043   0
 180   50024044    0.000000  150.000000   6   5  24044   0
 181   50024045    0.000000  130.000000   6   5  24045   0
 182   50024046    0.000000  110.000000   6   5  24046   0
 183   50024047    0.000000   95.000000   6   5  24047   0
 184   50024048    0.000000   74.000000   6   5  24048   0
 185   50024049    0.000000   64.000000   6   5  24049   0
 186   50024050    0.000000   50.000000   6   5  24050   0
 187   50024051    0.000000   40.000000   6   5  24051   0
 188   50024052    0.000000   27.000000   6   5  24052   0
 189   50024053    0.000000   18.000000   6   5  24053   0
 190   50024054    0.000000    8.000000   6   5  24054   0
 191   50024055    0.000000   23.000000   6   5  24055   0
 192   50024056    0.000000   22.000000   6   5  24056   0
 193   50025044    0.000000  190.000000   6   5  25044   0
 194   50025045    0.000000  170.000000   6   5  25045   0
 195   50025046    0.000000  150.000000   6   5  25046   0
 196   50025047    0.000000  130.000000   6   5  25047   0
 197   50025048    0.000000  110.000000   6   5  25048   0
 198   50025049    0.000000   95.000000   6   5  25049   0
 199   50025050    0.000000   78.000000   6   5  25050   0
 200   51025050    0.000000   78.000000   6   5  25050   1
 201   50025051    0.000000   64.000000   6   5  25051   0
 202   50025052    0.000000   52.000000   6   5  25052   0
 203   51025052    0.000000   52.000000   6   5  25052   1
 204   50025053    0.000000   40.000000   6   5  25053   0
 205   50025054    0.000000   30.000000   6   5  25054   0
 206   50025055    0.000000   20.000000   6   5  25055   0
 207   50025056    0.000000   18.500000   6   5  25056   0
 208   50025057    0.000000   12.500000   6   5  25057   0
 209   50026046    0.000000  190.000000   6   5  26046   0
 210   50026047    0.000000  160.000000   6   5  26047   0
 211   50026048    0.000000  140.000000   6   5  26048   0
 212   50026049    0.000000  120.000000   6   5  26049   0
 213   50026050    0.000000  100.000000   6   5  26050   0
 214   50026051    0.000000   85.000000   6   5  26051   0
 215   50026052    0.000000   66.000000   6   5  26052   0
 216   50026053    0.000000   54.000000   6   5  26053   0
 217   51026053    0.000000   58.000000   6   5  26053   1
 218   50026054    0.000000   40.000000   6   5  26054   0
 219   50026055    0.000000   30.000000   6   5  26055   0
 220   50026056    0.000000   18.000000   6   5  26056   0
 221   50026057    0.000000   10.500000   6   5  26057   0
 222   50026058    0.000000    1.000000   6   5  26058   0
 
   p   ZAP IP   NR    Tp [MeV]
   1     1  1    1   10.044590
   2     0  2    1    1.000000
   3  1001  9    1   11.957830
   4  1002 31    1   18.379300
   5  1003 32    1   19.392510
   6  2003 33    1   21.976620
   7  2004 34    1    8.000000
--------------------------------------------------------------------------------
 
