 
--------------------------------------------------------------------------------
 26-Fe- 56   T= 0.00 K from IAEA/PD-2019       (ACEMAKER)
 ZAID= 26056.38u  MAT=2631  ZA= 26056
 AWR=  55.454430  STA=  0  ELIS=   0.000 MeV  LIS=  0  LISO=  0
--------------------------------------------------------------------------------
 NTOTR= 215 NTRAN=   1 NPROD= 214 NE=     131 EMAX= 200.000 MeV
   i     MT/MTD     Q [MeV]     T [MeV] LMF  MT    ZAP LFS
   1          5    0.000000    1.000000   3   5
   2   50014026    0.000000  160.000000   6   5  14026   0
   3   50014027    0.000000  140.000000   6   5  14027   0
   4   50014028    0.000000  130.000000   6   5  14028   0
   5   50014029    0.000000  110.000000   6   5  14029   0
   6   50014030    0.000000   95.000000   6   5  14030   0
   7   50014031    0.000000   85.000000   6   5  14031   0
   8   50014032    0.000000   80.000000   6   5  14032   0
   9   50014033    0.000000   85.000000   6   5  14033   0
  10   50014034    0.000000   95.000000   6   5  14034   0
  11   50014035    0.000000  110.000000   6   5  14035   0
  12   50014036    0.000000  120.000000   6   5  14036   0
  13   50014037    0.000000  130.000000   6   5  14037   0
  14   50014038    0.000000  140.000000   6   5  14038   0
  15   50014039    0.000000  160.000000   6   5  14039   0
  16   50014040    0.000000  170.000000   6   5  14040   0
  17   50015027    0.000000  160.000000   6   5  15027   0
  18   50015028    0.000000  150.000000   6   5  15028   0
  19   50015029    0.000000  130.000000   6   5  15029   0
  20   50015030    0.000000  110.000000   6   5  15030   0
  21   50015031    0.000000   95.000000   6   5  15031   0
  22   50015032    0.000000   90.000000   6   5  15032   0
  23   50015033    0.000000   80.000000   6   5  15033   0
  24   50015034    0.000000   80.000000   6   5  15034   0
  25   50015035    0.000000   80.000000   6   5  15035   0
  26   50015036    0.000000   90.000000   6   5  15036   0
  27   50015037    0.000000  100.000000   6   5  15037   0
  28   50015038    0.000000  110.000000   6   5  15038   0
  29   50015039    0.000000  120.000000   6   5  15039   0
  30   50015040    0.000000  130.000000   6   5  15040   0
  31   50015041    0.000000  140.000000   6   5  15041   0
  32   50015042    0.000000  170.000000   6   5  15042   0
  33   50015043    0.000000  170.000000   6   5  15043   0
  34   50016028    0.000000  190.000000   6   5  16028   0
  35   50016029    0.000000  160.000000   6   5  16029   0
  36   50016030    0.000000  140.000000   6   5  16030   0
  37   50016031    0.000000  130.000000   6   5  16031   0
  38   50016032    0.000000  110.000000   6   5  16032   0
  39   50016033    0.000000   95.000000   6   5  16033   0
  40   50016034    0.000000   85.000000   6   5  16034   0
  41   50016035    0.000000   72.000000   6   5  16035   0
  42   50016036    0.000000   64.000000   6   5  16036   0
  43   50016037    0.000000   72.000000   6   5  16037   0
  44   50016038    0.000000   80.000000   6   5  16038   0
  45   50016039    0.000000   90.000000   6   5  16039   0
  46   50016040    0.000000   95.000000   6   5  16040   0
  47   50016041    0.000000  110.000000   6   5  16041   0
  48   50016042    0.000000  120.000000   6   5  16042   0
  49   50016043    0.000000  140.000000   6   5  16043   0
  50   50016044    0.000000  140.000000   6   5  16044   0
  51   50016045    0.000000  170.000000   6   5  16045   0
  52   50017029    0.000000  190.000000   6   5  17029   0
  53   50017030    0.000000  170.000000   6   5  17030   0
  54   50017031    0.000000  150.000000   6   5  17031   0
  55   50017032    0.000000  130.000000   6   5  17032   0
  56   50017033    0.000000  120.000000   6   5  17033   0
  57   50017034    0.000000  100.000000   6   5  17034   0
  58   51017034    0.000000  100.000000   6   5  17034   1
  59   50017035    0.000000   85.000000   6   5  17035   0
  60   50017036    0.000000   76.000000   6   5  17036   0
  61   50017037    0.000000   66.000000   6   5  17037   0
  62   50017038    0.000000   66.000000   6   5  17038   0
  63   51017038    0.000000   66.000000   6   5  17038   1
  64   50017039    0.000000   62.000000   6   5  17039   0
  65   50017040    0.000000   72.000000   6   5  17040   0
  66   50017041    0.000000   78.000000   6   5  17041   0
  67   50017042    0.000000   90.000000   6   5  17042   0
  68   50017043    0.000000   95.000000   6   5  17043   0
  69   50017044    0.000000  110.000000   6   5  17044   0
  70   50017045    0.000000  120.000000   6   5  17045   0
  71   50017046    0.000000  140.000000   6   5  17046   0
  72   50018031    0.000000  190.000000   6   5  18031   0
  73   50018032    0.000000  170.000000   6   5  18032   0
  74   50018033    0.000000  150.000000   6   5  18033   0
  75   50018034    0.000000  130.000000   6   5  18034   0
  76   50018035    0.000000  110.000000   6   5  18035   0
  77   50018036    0.000000   95.000000   6   5  18036   0
  78   50018037    0.000000   80.000000   6   5  18037   0
  79   50018038    0.000000   68.000000   6   5  18038   0
  80   50018039    0.000000   56.000000   6   5  18039   0
  81   50018040    0.000000   46.000000   6   5  18040   0
  82   50018041    0.000000   58.000000   6   5  18041   0
  83   50018042    0.000000   60.000000   6   5  18042   0
  84   50018043    0.000000   70.000000   6   5  18043   0
  85   50018044    0.000000   74.000000   6   5  18044   0
  86   50018045    0.000000   90.000000   6   5  18045   0
  87   50018046    0.000000  100.000000   6   5  18046   0
  88   50018047    0.000000  110.000000   6   5  18047   0
  89   50018048    0.000000  180.000000   6   5  18048   0
  90   50019033    0.000000  180.000000   6   5  19033   0
  91   50019034    0.000000  160.000000   6   5  19034   0
  92   50019035    0.000000  140.000000   6   5  19035   0
  93   50019036    0.000000  120.000000   6   5  19036   0
  94   50019037    0.000000  110.000000   6   5  19037   0
  95   50019038    0.000000   90.000000   6   5  19038   0
  96   51019038    0.000000   90.000000   6   5  19038   1
  97   50019039    0.000000   74.000000   6   5  19039   0
  98   50019040    0.000000   66.000000   6   5  19040   0
  99   50019041    0.000000   56.000000   6   5  19041   0
 100   50019042    0.000000   54.000000   6   5  19042   0
 101   50019043    0.000000   46.000000   6   5  19043   0
 102   50019044    0.000000   58.000000   6   5  19044   0
 103   50019045    0.000000   58.000000   6   5  19045   0
 104   50019046    0.000000   70.000000   6   5  19046   0
 105   50019047    0.000000   74.000000   6   5  19047   0
 106   50019048    0.000000   90.000000   6   5  19048   0
 107   50019049    0.000000  110.000000   6   5  19049   0
 108   50020035    0.000000  180.000000   6   5  20035   0
 109   50020036    0.000000  150.000000   6   5  20036   0
 110   50020037    0.000000  130.000000   6   5  20037   0
 111   50020038    0.000000  110.000000   6   5  20038   0
 112   50020039    0.000000   95.000000   6   5  20039   0
 113   50020040    0.000000   78.000000   6   5  20040   0
 114   50020041    0.000000   66.000000   6   5  20041   0
 115   50020042    0.000000   52.000000   6   5  20042   0
 116   50020043    0.000000   44.000000   6   5  20043   0
 117   50020044    0.000000   32.000000   6   5  20044   0
 118   50020045    0.000000   44.000000   6   5  20045   0
 119   50020046    0.000000   42.000000   6   5  20046   0
 120   50020047    0.000000   56.000000   6   5  20047   0
 121   50020048    0.000000   56.000000   6   5  20048   0
 122   50020049    0.000000   70.000000   6   5  20049   0
 123   50020050    0.000000   78.000000   6   5  20050   0
 124   50021036    0.000000  190.000000   6   5  21036   0
 125   50021037    0.000000  170.000000   6   5  21037   0
 126   50021038    0.000000  150.000000   6   5  21038   0
 127   50021039    0.000000  130.000000   6   5  21039   0
 128   50021040    0.000000  110.000000   6   5  21040   0
 129   50021041    0.000000   95.000000   6   5  21041   0
 130   50021042    0.000000   78.000000   6   5  21042   0
 131   51021042    0.000000   80.000000   6   5  21042   1
 132   50021043    0.000000   66.000000   6   5  21043   0
 133   50021044    0.000000   56.000000   6   5  21044   0
 134   51021044    0.000000   56.000000   6   5  21044   1
 135   50021045    0.000000   44.000000   6   5  21045   0
 136   51021045    0.000000   44.000000   6   5  21045   1
 137   50021046    0.000000   40.000000   6   5  21046   0
 138   51021046    0.000000   42.000000   6   5  21046   1
 139   50021047    0.000000   32.000000   6   5  21047   0
 140   50021048    0.000000   44.000000   6   5  21048   0
 141   50021049    0.000000   42.000000   6   5  21049   0
 142   50021050    0.000000   56.000000   6   5  21050   0
 143   51021050    0.000000   56.000000   6   5  21050   1
 144   50021051    0.000000   58.000000   6   5  21051   0
 145   50022038    0.000000  190.000000   6   5  22038   0
 146   50022039    0.000000  160.000000   6   5  22039   0
 147   50022040    0.000000  140.000000   6   5  22040   0
 148   50022041    0.000000  120.000000   6   5  22041   0
 149   50022042    0.000000  100.000000   6   5  22042   0
 150   50022043    0.000000   85.000000   6   5  22043   0
 151   50022044    0.000000   64.000000   6   5  22044   0
 152   50022045    0.000000   54.000000   6   5  22045   0
 153   50022046    0.000000   40.000000   6   5  22046   0
 154   50022047    0.000000   32.000000   6   5  22047   0
 155   50022048    0.000000   19.000000   6   5  22048   0
 156   51022048    0.000000   23.000000   6   5  22048   1
 157   50022049    0.000000   32.000000   6   5  22049   0
 158   50022050    0.000000   28.000000   6   5  22050   0
 159   50022051    0.000000   42.000000   6   5  22051   0
 160   50022052    0.000000   42.000000   6   5  22052   0
 161   50023040    0.000000  180.000000   6   5  23040   0
 162   50023041    0.000000  160.000000   6   5  23041   0
 163   50023042    0.000000  140.000000   6   5  23042   0
 164   50023043    0.000000  120.000000   6   5  23043   0
 165   50023044    0.000000  100.000000   6   5  23044   0
 166   51023044    0.000000  100.000000   6   5  23044   1
 167   50023045    0.000000   85.000000   6   5  23045   0
 168   50023046    0.000000   68.000000   6   5  23046   0
 169   50023047    0.000000   54.000000   6   5  23047   0
 170   50023048    0.000000   44.000000   6   5  23048   0
 171   50023049    0.000000   32.000000   6   5  23049   0
 172   50023050    0.000000   28.000000   6   5  23050   0
 173   50023051    0.000000   19.000000   6   5  23051   0
 174   50023052    0.000000   34.000000   6   5  23052   0
 175   50023053    0.000000   32.000000   6   5  23053   0
 176   50024042    0.000000  170.000000   6   5  24042   0
 177   50024043    0.000000  150.000000   6   5  24043   0
 178   50024044    0.000000  130.000000   6   5  24044   0
 179   50024045    0.000000  110.000000   6   5  24045   0
 180   50024046    0.000000   90.000000   6   5  24046   0
 181   50024047    0.000000   72.000000   6   5  24047   0
 182   50024048    0.000000   56.000000   6   5  24048   0
 183   50024049    0.000000   44.000000   6   5  24049   0
 184   50024050    0.000000   30.000000   6   5  24050   0
 185   50024051    0.000000   21.000000   6   5  24051   0
 186   50024052    0.000000    8.000000   6   5  24052   0
 187   50024053    0.000000   21.000000   6   5  24053   0
 188   50024054    0.000000   18.500000   6   5  24054   0
 189   50025044    0.000000  170.000000   6   5  25044   0
 190   50025045    0.000000  150.000000   6   5  25045   0
 191   50025046    0.000000  130.000000   6   5  25046   0
 192   50025047    0.000000  110.000000   6   5  25047   0
 193   50025048    0.000000   90.000000   6   5  25048   0
 194   50025049    0.000000   72.000000   6   5  25049   0
 195   50025050    0.000000   60.000000   6   5  25050   0
 196   51025050    0.000000   60.000000   6   5  25050   1
 197   50025051    0.000000   46.000000   6   5  25051   0
 198   50025052    0.000000   34.000000   6   5  25052   0
 199   51025052    0.000000   34.000000   6   5  25052   1
 200   50025053    0.000000   21.000000   6   5  25053   0
 201   50025054    0.000000   18.500000   6   5  25054   0
 202   50025055    0.000000   10.500000   6   5  25055   0
 203   50026045    0.000000  190.000000   6   5  26045   0
 204   50026046    0.000000  160.000000   6   5  26046   0
 205   50026047    0.000000  140.000000   6   5  26047   0
 206   50026048    0.000000  120.000000   6   5  26048   0
 207   50026049    0.000000  100.000000   6   5  26049   0
 208   50026050    0.000000   78.000000   6   5  26050   0
 209   50026051    0.000000   64.000000   6   5  26051   0
 210   50026052    0.000000   46.000000   6   5  26052   0
 211   50026053    0.000000   36.000000   6   5  26053   0
 212   51026053    0.000000   38.000000   6   5  26053   1
 213   50026054    0.000000   21.000000   6   5  26054   0
 214   50026055    0.000000   11.500000   6   5  26055   0
 215   50026056    0.000000    1.000000   6   5  26056   0
 
   p   ZAP IP   NR    Tp [MeV]
   1     1  1    1   11.197100
   2     0  2    1    1.000000
   3  1001  9    1   10.183640
   4  1002 31    1   18.185170
   5  1003 32    1   20.866780
   6  2003 33    1   20.251300
   7  2004 34    1    8.000000
--------------------------------------------------------------------------------
 
