 
--------------------------------------------------------------------------------
 27-Co- 59   T= 0.00 K from IAEA/PD-2019       (ACEMAKER)
 ZAID= 27059.38u  MAT=2725  ZA= 27059
 AWR=  58.426930  STA=  0  ELIS=   0.000 MeV  LIS=  0  LISO=  0
--------------------------------------------------------------------------------
 NTOTR= 247 NTRAN= 143 NPROD= 104 NE=     250 EMAX= 200.000 MeV
   i     MT/MTD     Q [MeV]     T [MeV] LMF  MT    ZAP LFS
   1          5   -7.320000   13.500000   3   5
   2         11  -27.770370   35.000000   3  11
   3         16  -19.026000   19.026000   3  16
   4         17  -30.402000   30.402000   3  17
   5         22  -17.169000   19.750000   3  22
   6         28  -17.408000   18.500000   3  28
   7         32  -22.830000   24.000000   3  32
   8         33  -27.770000   29.000000   3  33
   9         34  -27.520000   30.000000   3  34
  10         41  -25.054000   26.500000   3  41
  11         42  -36.251000   38.000000   3  42
  12         44  -27.967000   30.000000   3  44
  13         50  -10.454430   10.454430   3  50
  14         51  -10.479380   10.479380   3  51
  15         52  -10.507580   10.507580   3  52
  16         53  -10.566190   10.566190   3  53
  17         54  -10.820090   10.820090   3  54
  18         55  -10.828360   10.828360   3  55
  19         56  -10.911930   10.911930   3  56
  20         57  -11.340060   11.340060   3  57
  21         58  -11.494550   11.494550   3  58
  22         59  -11.498690   11.498690   3  59
  23         60  -11.504620   11.504620   3  60
  24         61  -11.529930   11.529930   3  61
  25         62  -11.587430   11.587430   3  62
  26         63  -11.639060   11.639060   3  63
  27         64  -11.690980   11.690980   3  64
  28         65  -11.805940   11.805940   3  65
  29         66  -11.807900   11.807900   3  66
  30         67  -11.823430   11.823430   3  67
  31         68  -11.831310   11.831310   3  68
  32         69  -11.872550   11.872550   3  69
  33         70  -11.878430   11.878430   3  70
  34         71  -11.879030   11.879030   3  71
  35         72  -11.889330   11.889330   3  72
  36         73  -11.967750   11.967750   3  73
  37         74  -11.977000   11.977000   3  74
  38         75  -11.978830   11.978830   3  75
  39         76  -12.003240   12.003240   3  76
  40         77  -12.009170   12.009170   3  77
  41         78  -12.060050   12.060050   3  78
  42         79  -12.124330   12.124330   3  79
  43         80  -12.183670   12.183670   3  80
  44         81  -12.194930   12.194930   3  81
  45         82  -12.203780   12.203780   3  82
  46         83  -12.211630   12.211630   3  83
  47         84  -12.232430   12.232430   3  84
  48         85  -12.267730   12.267730   3  85
  49         86  -12.282430   12.282430   3  86
  50         87  -12.297430   12.297430   3  87
  51         88  -12.320230   12.320230   3  88
  52         89  -12.322130   12.322130   3  89
  53         91  -12.321700   12.321700   3  91
  54        102    0.000000    5.000000   3 102
  55        104  -15.184000   16.250000   3 104
  56        105  -16.573000   17.750000   3 105
  57        106  -20.249000   22.500000   3 106
  58        111  -19.317000   21.500000   3 111
  59        112  -15.010000   18.500000   3 112
  60        115  -25.743000   28.000000   3 115
  61        116  -26.757000   29.000000   3 116
  62        600   -7.364030    8.500000   3 600
  63        601   -8.174796    9.250000   3 601
  64        602   -9.038761   10.250000   3 602
  65        603   -9.440550   10.500000   3 603
  66        604   -9.497925   10.750000   3 604
  67        605   -9.621980   10.750000   3 605
  68        606   -9.964427   11.000000   3 606
  69        607  -10.146170   11.250000   3 607
  70        608  -10.228750   11.500000   3 608
  71        609  -10.240370   11.500000   3 609
  72        610  -10.334030   11.500000   3 610
  73        611  -10.447720   11.500000   3 611
  74        612  -10.498030   11.500000   3 612
  75        613  -10.597290   11.750000   3 613
  76        614  -10.608000   11.750000   3 614
  77        615  -10.753030   11.750000   3 615
  78        616  -10.813730   12.000000   3 616
  79        617  -10.902000   12.000000   3 617
  80        618  -10.907030   12.000000   3 618
  81        619  -10.960930   12.000000   3 619
  82        620  -10.993630   12.000000   3 620
  83        621  -11.118230   12.250000   3 621
  84        622  -11.153520   12.250000   3 622
  85        623  -11.218030   12.250000   3 623
  86        624  -11.224930   12.250000   3 624
  87        625  -11.244130   12.500000   3 625
  88        626  -11.250430   12.500000   3 626
  89        627  -11.265650   12.500000   3 627
  90        628  -11.374830   12.500000   3 628
  91        629  -11.379040   12.500000   3 629
  92        630  -11.452520   12.500000   3 630
  93        631  -11.503270   12.500000   3 631
  94        632  -11.522030   12.500000   3 632
  95        633  -11.578670   12.500000   3 633
  96        634  -11.594030   12.500000   3 634
  97        635  -11.601030   12.500000   3 635
  98        636  -11.661830   12.500000   3 636
  99        637  -11.676950   12.500000   3 637
 100        638  -11.686530   12.500000   3 638
 101        639  -11.704030   12.500000   3 639
 102        649  -11.704000   11.704000   3 649
 103        800   -6.942930    9.500000   3 800
 104        801   -7.068879    9.500000   3 801
 105        802   -7.927190   10.250000   3 802
 106        803   -8.232030   10.500000   3 803
 107        804   -8.235040   10.500000   3 804
 108        805   -8.235930   10.500000   3 805
 109        806   -8.471280   10.750000   3 806
 110        807   -8.827020   11.250000   3 807
 111        808   -8.958130   11.500000   3 808
 112        809   -9.141360   11.500000   3 809
 113        810   -9.157930   11.500000   3 810
 114        811   -9.195390   11.500000   3 811
 115        812   -9.209740   11.500000   3 812
 116        813   -9.223930   11.750000   3 813
 117        814   -9.254380   11.750000   3 814
 118        815   -9.308760   11.750000   3 815
 119        816   -9.322930   11.750000   3 816
 120        817   -9.341330   11.750000   3 817
 121        818   -9.369450   11.750000   3 818
 122        819   -9.506090   12.000000   3 819
 123        820   -9.524930   12.000000   3 820
 124        821   -9.564630   12.000000   3 821
 125        822   -9.637530   12.000000   3 822
 126        823   -9.670240   12.000000   3 823
 127        824   -9.683930   12.000000   3 824
 128        825   -9.695630   12.000000   3 825
 129        826   -9.765030   12.250000   3 826
 130        827   -9.766590   12.250000   3 827
 131        828   -9.771370   12.250000   3 828
 132        829   -9.816210   12.250000   3 829
 133        830   -9.867930   12.250000   3 830
 134        831   -9.896350   12.250000   3 831
 135        832   -9.919110   12.250000   3 832
 136        833   -9.926930   12.250000   3 833
 137        834   -9.934700   12.250000   3 834
 138        835   -9.948750   12.250000   3 835
 139        836   -9.970930   12.250000   3 836
 140        837   -9.978850   12.250000   3 837
 141        838   -9.980290   12.250000   3 838
 142        839   -9.982830   12.500000   3 839
 143        849   -9.982900   13.250000   3 849
 144      10004  -10.454430   10.500000  10   4  27058   0
 145      11004  -10.479380   10.500000  10   4  27058   1
 146   50016033  -86.926880  120.000000  10   5  16033   0
 147   50016034  -75.509460  100.000000  10   5  16034   0
 148   50016035  -68.524020  100.000000  10   5  16035   0
 149   50016036  -58.634590   80.000000  10   5  16036   0
 150   50016037  -60.588490   90.000000  10   5  16037   0
 151   50016038  -54.776680   90.000000  10   5  16038   0
 152   50016039  -70.983070  100.000000  10   5  16039   0
 153   50017035  -77.620370  120.000000  10   5  17035   0
 154   50017036  -69.040940  100.000000  10   5  17036   0
 155   50017037  -58.729510   90.000000  10   5  17037   0
 156   50017038  -52.622080   80.000000  10   5  17038   0
 157   50017039  -44.547650   70.000000  10   5  17039   0
 158   50017040  -59.297040   90.000000  10   5  17040   0
 159   50017041  -59.162780   90.000000  10   5  17041   0
 160   50017042  -74.021170  100.000000  10   5  17042   0
 161   50018036  -88.929380  120.000000  10   5  18036   0
 162   50018037  -80.139950  100.000000  10   5  18037   0
 163   50018038  -68.301520   90.000000  10   5  18038   0
 164   50018039  -61.703090   80.000000  10   5  18039   0
 165   50018040  -51.833660   70.000000  10   5  18040   0
 166   50018041  -51.992560   80.000000  10   5  18041   0
 167   50018042  -44.790750   70.000000  10   5  18042   0
 168   50018043  -59.741140   80.000000  10   5  18043   0
 169   50018044  -59.103880   90.000000  10   5  18044   0
 170   50018045  -74.153260  100.000000  10   5  18045   0
 171   50019038  -83.478860  120.000000  10   5  19038   0
 172   50019039  -70.402440  100.000000  10   5  19039   0
 173   50019040  -62.603010   90.000000  10   5  19040   0
 174   50019041  -52.507580   80.000000  10   5  19041   0
 175   50019042  -44.974150   60.000000  10   5  19042   0
 176   50019043  -35.330720   55.000000  10   5  19043   0
 177   50019044  -48.620110   70.000000  10   5  19044   0
 178   50019045  -47.468850   70.000000  10   5  19045   0
 179   50019046  -61.164240   80.000000  10   5  19046   0
 180   50019047  -60.532980   90.000000  10   5  19047   0
 181   50020039  -97.529880  120.000000  10   5  20039   0
 182   50020040  -81.888450  100.000000  10   5  20040   0
 183   50020041  -73.526020   90.000000  10   5  20041   0
 184   50020042  -62.044590   80.000000  10   5  20042   0
 185   50020043  -54.112160   70.000000  10   5  20043   0
 186   50020044  -42.979730   60.000000  10   5  20044   0
 187   50020045  -41.821630   60.000000  10   5  20045   0
 188   50020046  -33.652820   50.000000  10   5  20046   0
 189   50020047  -46.954210   60.000000  10   5  20047   0
 190   50020048  -44.725950   60.000000  10   5  20048   0
 191   50020049  -60.157340   80.000000  10   5  20049   0
 192   50021041  -89.285370  120.000000  10   5  21041   0
 193   50021042  -77.734940  100.000000  10   5  21042   0
 194   50021043  -65.596510   90.000000  10   5  21043   0
 195   50021044  -55.897080   80.000000  10   5  21044   0
 196   50021045  -44.572650   60.000000  10   5  21045   0
 197   50021048  -37.512180   50.000000  10   5  21048   0
 198   50021049  -35.099920   50.000000  10   5  21049   0
 199   50021050  -49.620310   60.000000  10   5  21050   0
 200   50021051  -50.586050   70.000000  10   5  21051   0
 201   50022043  -93.060950  120.000000  10   5  22043   0
 202   50022044  -76.761520   90.000000  10   5  22044   0
 203   50022045  -67.231090   80.000000  10   5  22045   0
 204   50022046  -54.041660   60.000000  10   5  22046   0
 205   50022050  -22.936890   32.000000  10   5  22050   0
 206   50022051  -37.142280   45.000000  10   5  22051   0
 207   50022052  -37.052020   45.000000  10   5  22052   0
 208   50022053  -52.197410   60.000000  10   5  22053   0
 209   50023045  -83.628440  100.000000  10   5  23045   0
 210   50023046  -70.357010   90.000000  10   5  23046   0
 211   50023047  -57.355580   70.000000  10   5  23047   0
 212   50023048  -46.813150   55.000000  10   5  23048   0
 213   50023052  -28.143250   35.000000  10   5  23052   0
 214   50023053  -27.381990   35.000000  10   5  23053   0
 215   50023054  -41.846380   50.000000  10   5  23054   0
 216   50024046  -98.556450  120.000000  10   5  24046   0
 217   50024047  -85.404020  100.000000  10   5  24047   0
 218   50024048  -69.069580   80.000000  10   5  24048   0
 219   50024049  -58.488160   60.000000  10   5  24049   0
 220   50024050  -45.487730   50.000000  10   5  24050   0
 221   50024051  -36.225300   41.000000  10   5  24051   0
 222   50024052  -24.185870   28.000000  10   5  24052   0
 223   50024055  -29.341350   34.000000  10   5  24055   0
 224   50025048  -92.151940  120.000000  10   5  25048   0
 225   50025049  -75.466500   90.000000  10   5  25049   0
 226   50025050  -62.385080   70.000000  10   5  25050   0
 227   50025051  -48.697650   55.000000  10   5  25051   0
 228   50025055  -15.606000   16.250000  10   5  25055   0
 229   50026051  -77.314090   80.000000  10   5  26051   0
 230   50026052  -61.130660   61.130660  10   5  26052   0
 231   50026053  -20.044000   55.000000  10   5  26053   0
 232   50026054  -18.042000   39.000000  10   5  26054   0
 233   50027054  -54.576150   55.000000  10   5  27054   0
 234      10022  -17.169000   37.000000  10  22  25054   0
 235      10023  -35.811220   50.000000  10  23  21046   0
 236      10024  -26.107000   29.000000  10  24  25053   0
 237      10025  -26.785000   42.000000  10  25  25052   0
 238      10029  -25.927290   34.000000  10  29  23050   0
 239      10030  -35.260720   44.000000  10  30  23049   0
 240      10035  -33.536800   43.000000  10  35  22048   0
 241      10036  -45.163230   55.000000  10  36  22047   0
 242      10037  -40.484000   41.000000  10  37  27055   0
 243      10045   -7.320000   27.000000  10  45  24053   0
 244      10108  -14.876860   21.000000  10 108  23051   0
 245      10109  -25.166790   39.000000  10 109  21047   0
 246      10112  -15.010000   38.000000  10 112  24054   0
 247      10114  -31.651700   43.000000  10 114  22049   0
 
   p   ZAP IP   NR    Tp [MeV]
   1     1  1   53   10.454430
   2     0  2  139    5.000000
   3  1001  9   50    8.500000
   4  1002 31    5   13.500000
   5  1003 32    4   13.500000
   6  2003 33    3   13.500000
   7  2004 34   44    9.500000
--------------------------------------------------------------------------------
 
