 
--------------------------------------------------------------------------------
 28-Ni- 61   T= 0.00 K from IAEA/PD-2019       (ACEMAKER)
 ZAID= 28061.38u  MAT=2834  ZA= 28061
 AWR=  60.407630  STA=  0  ELIS=   0.000 MeV  LIS=  0  LISO=  0
--------------------------------------------------------------------------------
 NTOTR= 226 NTRAN=   1 NPROD= 225 NE=     137 EMAX= 200.000 MeV
   i     MT/MTD     Q [MeV]     T [MeV] LMF  MT    ZAP LFS
   1          5    0.000000    1.000000   3   5
   2   50016031    0.000000  150.000000   6   5  16031   0
   3   50016032    0.000000  140.000000   6   5  16032   0
   4   50016033    0.000000  120.000000   6   5  16033   0
   5   50016034    0.000000  110.000000   6   5  16034   0
   6   50016035    0.000000   95.000000   6   5  16035   0
   7   50016036    0.000000   85.000000   6   5  16036   0
   8   50016037    0.000000   78.000000   6   5  16037   0
   9   50016038    0.000000   85.000000   6   5  16038   0
  10   50016039    0.000000   90.000000   6   5  16039   0
  11   50016040    0.000000  100.000000   6   5  16040   0
  12   50016041    0.000000  110.000000   6   5  16041   0
  13   50016042    0.000000  120.000000   6   5  16042   0
  14   50016043    0.000000  140.000000   6   5  16043   0
  15   50016044    0.000000  140.000000   6   5  16044   0
  16   50016045    0.000000  170.000000   6   5  16045   0
  17   50016046    0.000000  180.000000   6   5  16046   0
  18   50017032    0.000000  160.000000   6   5  17032   0
  19   50017033    0.000000  140.000000   6   5  17033   0
  20   50017034    0.000000  120.000000   6   5  17034   0
  21   51017034    0.000000  120.000000   6   5  17034   1
  22   50017035    0.000000  110.000000   6   5  17035   0
  23   50017036    0.000000   95.000000   6   5  17036   0
  24   50017037    0.000000   85.000000   6   5  17037   0
  25   50017038    0.000000   78.000000   6   5  17038   0
  26   51017038    0.000000   80.000000   6   5  17038   1
  27   50017039    0.000000   78.000000   6   5  17039   0
  28   50017040    0.000000   72.000000   6   5  17040   0
  29   50017041    0.000000   85.000000   6   5  17041   0
  30   50017042    0.000000   90.000000   6   5  17042   0
  31   50017043    0.000000  100.000000   6   5  17043   0
  32   50017044    0.000000  110.000000   6   5  17044   0
  33   50017045    0.000000  120.000000   6   5  17045   0
  34   50017046    0.000000  140.000000   6   5  17046   0
  35   50017047    0.000000  150.000000   6   5  17047   0
  36   50017048    0.000000  180.000000   6   5  17048   0
  37   50017049    0.000000  190.000000   6   5  17049   0
  38   50018033    0.000000  180.000000   6   5  18033   0
  39   50018034    0.000000  160.000000   6   5  18034   0
  40   50018035    0.000000  140.000000   6   5  18035   0
  41   50018036    0.000000  120.000000   6   5  18036   0
  42   50018037    0.000000  110.000000   6   5  18037   0
  43   50018038    0.000000   90.000000   6   5  18038   0
  44   50018039    0.000000   80.000000   6   5  18039   0
  45   50018040    0.000000   68.000000   6   5  18040   0
  46   50018041    0.000000   60.000000   6   5  18041   0
  47   50018042    0.000000   68.000000   6   5  18042   0
  48   50018043    0.000000   72.000000   6   5  18043   0
  49   50018044    0.000000   85.000000   6   5  18044   0
  50   50018045    0.000000   90.000000   6   5  18045   0
  51   50018046    0.000000  100.000000   6   5  18046   0
  52   50018047    0.000000  110.000000   6   5  18047   0
  53   50018048    0.000000  120.000000   6   5  18048   0
  54   50018049    0.000000  140.000000   6   5  18049   0
  55   50018050    0.000000  150.000000   6   5  18050   0
  56   50018051    0.000000  190.000000   6   5  18051   0
  57   50019034    0.000000  180.000000   6   5  19034   0
  58   50019035    0.000000  160.000000   6   5  19035   0
  59   50019036    0.000000  140.000000   6   5  19036   0
  60   50019037    0.000000  130.000000   6   5  19037   0
  61   50019038    0.000000  110.000000   6   5  19038   0
  62   51019038    0.000000  110.000000   6   5  19038   1
  63   50019039    0.000000   95.000000   6   5  19039   0
  64   50019040    0.000000   85.000000   6   5  19040   0
  65   50019041    0.000000   76.000000   6   5  19041   0
  66   50019042    0.000000   66.000000   6   5  19042   0
  67   50019043    0.000000   62.000000   6   5  19043   0
  68   50019044    0.000000   56.000000   6   5  19044   0
  69   50019045    0.000000   70.000000   6   5  19045   0
  70   50019046    0.000000   70.000000   6   5  19046   0
  71   50019047    0.000000   85.000000   6   5  19047   0
  72   50019048    0.000000   90.000000   6   5  19048   0
  73   50019049    0.000000  100.000000   6   5  19049   0
  74   50019050    0.000000  110.000000   6   5  19050   0
  75   50019051    0.000000  120.000000   6   5  19051   0
  76   50019052    0.000000  150.000000   6   5  19052   0
  77   50020036    0.000000  180.000000   6   5  20036   0
  78   50020037    0.000000  160.000000   6   5  20037   0
  79   50020038    0.000000  140.000000   6   5  20038   0
  80   50020039    0.000000  120.000000   6   5  20039   0
  81   50020040    0.000000  110.000000   6   5  20040   0
  82   50020041    0.000000   90.000000   6   5  20041   0
  83   50020042    0.000000   74.000000   6   5  20042   0
  84   50020043    0.000000   64.000000   6   5  20043   0
  85   50020044    0.000000   52.000000   6   5  20044   0
  86   50020045    0.000000   42.000000   6   5  20045   0
  87   50020046    0.000000   52.000000   6   5  20046   0
  88   50020047    0.000000   56.000000   6   5  20047   0
  89   50020048    0.000000   64.000000   6   5  20048   0
  90   50020049    0.000000   68.000000   6   5  20049   0
  91   50020050    0.000000   80.000000   6   5  20050   0
  92   50020051    0.000000   90.000000   6   5  20051   0
  93   50020052    0.000000  100.000000   6   5  20052   0
  94   50020053    0.000000  120.000000   6   5  20053   0
  95   50021038    0.000000  170.000000   6   5  21038   0
  96   50021039    0.000000  150.000000   6   5  21039   0
  97   50021040    0.000000  130.000000   6   5  21040   0
  98   50021041    0.000000  120.000000   6   5  21041   0
  99   50021042    0.000000  100.000000   6   5  21042   0
 100   51021042    0.000000  100.000000   6   5  21042   1
 101   50021043    0.000000   85.000000   6   5  21043   0
 102   50021044    0.000000   74.000000   6   5  21044   0
 103   51021044    0.000000   74.000000   6   5  21044   1
 104   50021045    0.000000   62.000000   6   5  21045   0
 105   51021045    0.000000   62.000000   6   5  21045   1
 106   50021046    0.000000   52.000000   6   5  21046   0
 107   51021046    0.000000   54.000000   6   5  21046   1
 108   50021047    0.000000   48.000000   6   5  21047   0
 109   50021048    0.000000   42.000000   6   5  21048   0
 110   50021049    0.000000   52.000000   6   5  21049   0
 111   50021050    0.000000   54.000000   6   5  21050   0
 112   51021050    0.000000   54.000000   6   5  21050   1
 113   50021051    0.000000   68.000000   6   5  21051   0
 114   50021052    0.000000   70.000000   6   5  21052   0
 115   50021053    0.000000   85.000000   6   5  21053   0
 116   50021054    0.000000   95.000000   6   5  21054   0
 117   50022040    0.000000  170.000000   6   5  22040   0
 118   50022041    0.000000  140.000000   6   5  22041   0
 119   50022042    0.000000  130.000000   6   5  22042   0
 120   50022043    0.000000  110.000000   6   5  22043   0
 121   50022044    0.000000   90.000000   6   5  22044   0
 122   50022045    0.000000   74.000000   6   5  22045   0
 123   50022046    0.000000   60.000000   6   5  22046   0
 124   50022047    0.000000   50.000000   6   5  22047   0
 125   50022048    0.000000   36.000000   6   5  22048   0
 126   51022048    0.000000   40.000000   6   5  22048   1
 127   50022049    0.000000   28.000000   6   5  22049   0
 128   50022050    0.000000   38.000000   6   5  22050   0
 129   50022051    0.000000   40.000000   6   5  22051   0
 130   50022052    0.000000   52.000000   6   5  22052   0
 131   50022053    0.000000   54.000000   6   5  22053   0
 132   50022054    0.000000   68.000000   6   5  22054   0
 133   50022055    0.000000   72.000000   6   5  22055   0
 134   50023041    0.000000  180.000000   6   5  23041   0
 135   50023042    0.000000  160.000000   6   5  23042   0
 136   50023043    0.000000  140.000000   6   5  23043   0
 137   50023044    0.000000  120.000000   6   5  23044   0
 138   51023044    0.000000  120.000000   6   5  23044   1
 139   50023045    0.000000  110.000000   6   5  23045   0
 140   50023046    0.000000   90.000000   6   5  23046   0
 141   50023047    0.000000   72.000000   6   5  23047   0
 142   50023048    0.000000   62.000000   6   5  23048   0
 143   50023049    0.000000   50.000000   6   5  23049   0
 144   50023050    0.000000   40.000000   6   5  23050   0
 145   50023051    0.000000   34.000000   6   5  23051   0
 146   50023052    0.000000   29.000000   6   5  23052   0
 147   50023053    0.000000   42.000000   6   5  23053   0
 148   50023054    0.000000   42.000000   6   5  23054   0
 149   50023055    0.000000   56.000000   6   5  23055   0
 150   50023056    0.000000   58.000000   6   5  23056   0
 151   50024043    0.000000  180.000000   6   5  24043   0
 152   50024044    0.000000  150.000000   6   5  24044   0
 153   50024045    0.000000  130.000000   6   5  24045   0
 154   50024046    0.000000  110.000000   6   5  24046   0
 155   50024047    0.000000   90.000000   6   5  24047   0
 156   50024048    0.000000   72.000000   6   5  24048   0
 157   50024049    0.000000   60.000000   6   5  24049   0
 158   50024050    0.000000   48.000000   6   5  24050   0
 159   50024051    0.000000   38.000000   6   5  24051   0
 160   50024052    0.000000   24.000000   6   5  24052   0
 161   50024053    0.000000   16.000000   6   5  24053   0
 162   50024054    0.000000   27.000000   6   5  24054   0
 163   50024055    0.000000   28.000000   6   5  24055   0
 164   50024056    0.000000   42.000000   6   5  24056   0
 165   50024057    0.000000   44.000000   6   5  24057   0
 166   50025044    0.000000  190.000000   6   5  25044   0
 167   50025045    0.000000  170.000000   6   5  25045   0
 168   50025046    0.000000  150.000000   6   5  25046   0
 169   50025047    0.000000  130.000000   6   5  25047   0
 170   50025048    0.000000  110.000000   6   5  25048   0
 171   50025049    0.000000   90.000000   6   5  25049   0
 172   50025050    0.000000   76.000000   6   5  25050   0
 173   51025050    0.000000   76.000000   6   5  25050   1
 174   50025051    0.000000   62.000000   6   5  25051   0
 175   50025052    0.000000   50.000000   6   5  25052   0
 176   51025052    0.000000   50.000000   6   5  25052   1
 177   50025053    0.000000   38.000000   6   5  25053   0
 178   50025054    0.000000   28.000000   6   5  25054   0
 179   50025055    0.000000   24.000000   6   5  25055   0
 180   50025056    0.000000   18.000000   6   5  25056   0
 181   50025057    0.000000   30.000000   6   5  25057   0
 182   50025058    0.000000   32.000000   6   5  25058   0
 183   51025058    0.000000   32.000000   6   5  25058   1
 184   50026046    0.000000  190.000000   6   5  26046   0
 185   50026047    0.000000  160.000000   6   5  26047   0
 186   50026048    0.000000  130.000000   6   5  26048   0
 187   50026049    0.000000  120.000000   6   5  26049   0
 188   50026050    0.000000   95.000000   6   5  26050   0
 189   50026051    0.000000   80.000000   6   5  26051   0
 190   50026052    0.000000   62.000000   6   5  26052   0
 191   50026053    0.000000   50.000000   6   5  26053   0
 192   51026053    0.000000   54.000000   6   5  26053   1
 193   50026054    0.000000   36.000000   6   5  26054   0
 194   50026055    0.000000   27.000000   6   5  26055   0
 195   50026056    0.000000   15.000000   6   5  26056   0
 196   50026057    0.000000    7.000000   6   5  26057   0
 197   50026058    0.000000   17.500000   6   5  26058   0
 198   50026059    0.000000   18.500000   6   5  26059   0
 199   50027048    0.000000  180.000000   6   5  27048   0
 200   50027049    0.000000  160.000000   6   5  27049   0
 201   50027050    0.000000  140.000000   6   5  27050   0
 202   50027051    0.000000  120.000000   6   5  27051   0
 203   50027052    0.000000  100.000000   6   5  27052   0
 204   50027053    0.000000   80.000000   6   5  27053   0
 205   50027054    0.000000   66.000000   6   5  27054   0
 206   51027054    0.000000   66.000000   6   5  27054   1
 207   50027055    0.000000   52.000000   6   5  27055   0
 208   50027056    0.000000   40.000000   6   5  27056   0
 209   50027057    0.000000   29.000000   6   5  27057   0
 210   50027058    0.000000   19.500000   6   5  27058   0
 211   51027058    0.000000   19.500000   6   5  27058   1
 212   50027059    0.000000   15.500000   6   5  27059   0
 213   50027060    0.000000   10.000000   6   5  27060   0
 214   51027060    0.000000   10.500000   6   5  27060   1
 215   50028050    0.000000  170.000000   6   5  28050   0
 216   50028051    0.000000  150.000000   6   5  28051   0
 217   50028052    0.000000  120.000000   6   5  28052   0
 218   50028053    0.000000  110.000000   6   5  28053   0
 219   50028054    0.000000   85.000000   6   5  28054   0
 220   50028055    0.000000   70.000000   6   5  28055   0
 221   50028056    0.000000   54.000000   6   5  28056   0
 222   50028057    0.000000   42.000000   6   5  28057   0
 223   50028058    0.000000   29.000000   6   5  28058   0
 224   50028059    0.000000   19.500000   6   5  28059   0
 225   50028060    0.000000    8.000000   6   5  28060   0
 226   50028061    0.000000    1.000000   6   5  28061   0
 
   p   ZAP IP   NR    Tp [MeV]
   1     1  1    1    7.820104
   2     0  2    1    1.000000
   3  1001  9    1    9.860567
   4  1002 31    1   15.127920
   5  1003 32    1   19.324560
   6  2003 33    1   17.500000
   7  2004 34    1    7.000000
--------------------------------------------------------------------------------
 
