 
--------------------------------------------------------------------------------
 28-Ni- 64   T= 0.00 K from IAEA/PD-2019       (ACEMAKER)
 ZAID= 28064.38u  MAT=2843  ZA= 28064
 AWR=  63.378790  STA=  0  ELIS=   0.000 MeV  LIS=  0  LISO=  0
--------------------------------------------------------------------------------
 NTOTR= 232 NTRAN=   1 NPROD= 231 NE=     134 EMAX= 200.000 MeV
   i     MT/MTD     Q [MeV]     T [MeV] LMF  MT    ZAP LFS
   1          5    0.000000    1.000000   3   5
   2   50016034    0.000000  140.000000   6   5  16034   0
   3   50016035    0.000000  130.000000   6   5  16035   0
   4   50016036    0.000000  120.000000   6   5  16036   0
   5   50016037    0.000000  110.000000   6   5  16037   0
   6   50016038    0.000000  100.000000   6   5  16038   0
   7   50016039    0.000000   90.000000   6   5  16039   0
   8   50016040    0.000000   95.000000   6   5  16040   0
   9   50016041    0.000000  100.000000   6   5  16041   0
  10   50016042    0.000000  110.000000   6   5  16042   0
  11   50016043    0.000000  130.000000   6   5  16043   0
  12   50016044    0.000000  130.000000   6   5  16044   0
  13   50016045    0.000000  160.000000   6   5  16045   0
  14   50016046    0.000000  160.000000   6   5  16046   0
  15   50017035    0.000000  140.000000   6   5  17035   0
  16   50017036    0.000000  130.000000   6   5  17036   0
  17   50017037    0.000000  120.000000   6   5  17037   0
  18   50017038    0.000000  110.000000   6   5  17038   0
  19   51017038    0.000000  110.000000   6   5  17038   1
  20   50017039    0.000000  100.000000   6   5  17039   0
  21   50017040    0.000000   95.000000   6   5  17040   0
  22   50017041    0.000000   90.000000   6   5  17041   0
  23   50017042    0.000000   90.000000   6   5  17042   0
  24   50017043    0.000000   95.000000   6   5  17043   0
  25   50017044    0.000000  100.000000   6   5  17044   0
  26   50017045    0.000000  110.000000   6   5  17045   0
  27   50017046    0.000000  120.000000   6   5  17046   0
  28   50017047    0.000000  140.000000   6   5  17047   0
  29   50017048    0.000000  160.000000   6   5  17048   0
  30   50017049    0.000000  170.000000   6   5  17049   0
  31   50018036    0.000000  160.000000   6   5  18036   0
  32   50018037    0.000000  140.000000   6   5  18037   0
  33   50018038    0.000000  130.000000   6   5  18038   0
  34   50018039    0.000000  120.000000   6   5  18039   0
  35   50018040    0.000000  110.000000   6   5  18040   0
  36   50018041    0.000000   90.000000   6   5  18041   0
  37   50018042    0.000000   85.000000   6   5  18042   0
  38   50018043    0.000000   72.000000   6   5  18043   0
  39   50018044    0.000000   68.000000   6   5  18044   0
  40   50018045    0.000000   78.000000   6   5  18045   0
  41   50018046    0.000000   90.000000   6   5  18046   0
  42   50018047    0.000000   95.000000   6   5  18047   0
  43   50018048    0.000000  110.000000   6   5  18048   0
  44   50018049    0.000000  130.000000   6   5  18049   0
  45   50018050    0.000000  140.000000   6   5  18050   0
  46   50018051    0.000000  170.000000   6   5  18051   0
  47   50018052    0.000000  170.000000   6   5  18052   0
  48   50019037    0.000000  160.000000   6   5  19037   0
  49   50019038    0.000000  140.000000   6   5  19038   0
  50   51019038    0.000000  140.000000   6   5  19038   1
  51   50019039    0.000000  130.000000   6   5  19039   0
  52   50019040    0.000000  120.000000   6   5  19040   0
  53   50019041    0.000000  110.000000   6   5  19041   0
  54   50019042    0.000000   95.000000   6   5  19042   0
  55   50019043    0.000000   85.000000   6   5  19043   0
  56   50019044    0.000000   78.000000   6   5  19044   0
  57   50019045    0.000000   70.000000   6   5  19045   0
  58   50019046    0.000000   68.000000   6   5  19046   0
  59   50019047    0.000000   68.000000   6   5  19047   0
  60   50019048    0.000000   78.000000   6   5  19048   0
  61   50019049    0.000000   90.000000   6   5  19049   0
  62   50019050    0.000000  100.000000   6   5  19050   0
  63   50019051    0.000000  120.000000   6   5  19051   0
  64   50019052    0.000000  130.000000   6   5  19052   0
  65   50019053    0.000000  140.000000   6   5  19053   0
  66   50019054    0.000000  170.000000   6   5  19054   0
  67   50020038    0.000000  180.000000   6   5  20038   0
  68   50020039    0.000000  160.000000   6   5  20039   0
  69   50020040    0.000000  140.000000   6   5  20040   0
  70   50020041    0.000000  130.000000   6   5  20041   0
  71   50020042    0.000000  110.000000   6   5  20042   0
  72   50020043    0.000000   95.000000   6   5  20043   0
  73   50020044    0.000000   85.000000   6   5  20044   0
  74   50020045    0.000000   74.000000   6   5  20045   0
  75   50020046    0.000000   64.000000   6   5  20046   0
  76   50020047    0.000000   56.000000   6   5  20047   0
  77   50020048    0.000000   48.000000   6   5  20048   0
  78   50020049    0.000000   58.000000   6   5  20049   0
  79   50020050    0.000000   64.000000   6   5  20050   0
  80   50020051    0.000000   76.000000   6   5  20051   0
  81   50020052    0.000000   90.000000   6   5  20052   0
  82   50020053    0.000000  100.000000   6   5  20053   0
  83   50020054    0.000000  120.000000   6   5  20054   0
  84   50020055    0.000000  140.000000   6   5  20055   0
  85   50021039    0.000000  180.000000   6   5  21039   0
  86   50021040    0.000000  170.000000   6   5  21040   0
  87   50021041    0.000000  150.000000   6   5  21041   0
  88   50021042    0.000000  130.000000   6   5  21042   0
  89   51021042    0.000000  130.000000   6   5  21042   1
  90   50021043    0.000000  120.000000   6   5  21043   0
  91   50021044    0.000000  110.000000   6   5  21044   0
  92   51021044    0.000000  110.000000   6   5  21044   1
  93   50021045    0.000000   95.000000   6   5  21045   0
  94   51021045    0.000000   95.000000   6   5  21045   1
  95   50021046    0.000000   85.000000   6   5  21046   0
  96   51021046    0.000000   85.000000   6   5  21046   1
  97   50021047    0.000000   70.000000   6   5  21047   0
  98   50021048    0.000000   62.000000   6   5  21048   0
  99   50021049    0.000000   52.000000   6   5  21049   0
 100   50021050    0.000000   52.000000   6   5  21050   0
 101   51021050    0.000000   52.000000   6   5  21050   1
 102   50021051    0.000000   46.000000   6   5  21051   0
 103   50021052    0.000000   62.000000   6   5  21052   0
 104   50021053    0.000000   64.000000   6   5  21053   0
 105   50021054    0.000000   80.000000   6   5  21054   0
 106   50021055    0.000000   95.000000   6   5  21055   0
 107   50021056    0.000000  110.000000   6   5  21056   0
 108   50021057    0.000000  160.000000   6   5  21057   0
 109   50022041    0.000000  180.000000   6   5  22041   0
 110   50022042    0.000000  160.000000   6   5  22042   0
 111   50022043    0.000000  140.000000   6   5  22043   0
 112   50022044    0.000000  120.000000   6   5  22044   0
 113   50022045    0.000000  110.000000   6   5  22045   0
 114   50022046    0.000000   95.000000   6   5  22046   0
 115   50022047    0.000000   80.000000   6   5  22047   0
 116   50022048    0.000000   66.000000   6   5  22048   0
 117   51022048    0.000000   70.000000   6   5  22048   1
 118   50022049    0.000000   58.000000   6   5  22049   0
 119   50022050    0.000000   46.000000   6   5  22050   0
 120   50022051    0.000000   40.000000   6   5  22051   0
 121   50022052    0.000000   30.000000   6   5  22052   0
 122   50022053    0.000000   46.000000   6   5  22053   0
 123   50022054    0.000000   48.000000   6   5  22054   0
 124   50022055    0.000000   64.000000   6   5  22055   0
 125   50022056    0.000000   66.000000   6   5  22056   0
 126   50022057    0.000000   85.000000   6   5  22057   0
 127   50022058    0.000000  110.000000   6   5  22058   0
 128   50023042    0.000000  190.000000   6   5  23042   0
 129   50023043    0.000000  170.000000   6   5  23043   0
 130   50023044    0.000000  150.000000   6   5  23044   0
 131   51023044    0.000000  160.000000   6   5  23044   1
 132   50023045    0.000000  140.000000   6   5  23045   0
 133   50023046    0.000000  120.000000   6   5  23046   0
 134   50023047    0.000000  110.000000   6   5  23047   0
 135   50023048    0.000000   95.000000   6   5  23048   0
 136   50023049    0.000000   78.000000   6   5  23049   0
 137   50023050    0.000000   68.000000   6   5  23050   0
 138   50023051    0.000000   56.000000   6   5  23051   0
 139   50023052    0.000000   48.000000   6   5  23052   0
 140   50023053    0.000000   40.000000   6   5  23053   0
 141   50023054    0.000000   40.000000   6   5  23054   0
 142   50023055    0.000000   34.000000   6   5  23055   0
 143   50023056    0.000000   50.000000   6   5  23056   0
 144   50023057    0.000000   52.000000   6   5  23057   0
 145   50023058    0.000000   68.000000   6   5  23058   0
 146   50023059    0.000000   70.000000   6   5  23059   0
 147   50024044    0.000000  190.000000   6   5  24044   0
 148   50024045    0.000000  170.000000   6   5  24045   0
 149   50024046    0.000000  140.000000   6   5  24046   0
 150   50024047    0.000000  120.000000   6   5  24047   0
 151   50024048    0.000000  110.000000   6   5  24048   0
 152   50024049    0.000000   90.000000   6   5  24049   0
 153   50024050    0.000000   76.000000   6   5  24050   0
 154   50024051    0.000000   66.000000   6   5  24051   0
 155   50024052    0.000000   54.000000   6   5  24052   0
 156   50024053    0.000000   44.000000   6   5  24053   0
 157   50024054    0.000000   34.000000   6   5  24054   0
 158   50024055    0.000000   28.000000   6   5  24055   0
 159   50024056    0.000000   19.500000   6   5  24056   0
 160   50024057    0.000000   34.000000   6   5  24057   0
 161   50024058    0.000000   36.000000   6   5  24058   0
 162   50024059    0.000000   52.000000   6   5  24059   0
 163   50024060    0.000000   52.000000   6   5  24060   0
 164   50025046    0.000000  180.000000   6   5  25046   0
 165   50025047    0.000000  160.000000   6   5  25047   0
 166   50025048    0.000000  140.000000   6   5  25048   0
 167   50025049    0.000000  120.000000   6   5  25049   0
 168   50025050    0.000000  110.000000   6   5  25050   0
 169   51025050    0.000000  110.000000   6   5  25050   1
 170   50025051    0.000000   90.000000   6   5  25051   0
 171   50025052    0.000000   78.000000   6   5  25052   0
 172   51025052    0.000000   80.000000   6   5  25052   1
 173   50025053    0.000000   66.000000   6   5  25053   0
 174   50025054    0.000000   56.000000   6   5  25054   0
 175   50025055    0.000000   46.000000   6   5  25055   0
 176   50025056    0.000000   38.000000   6   5  25056   0
 177   50025057    0.000000   29.000000   6   5  25057   0
 178   50025058    0.000000   29.000000   6   5  25058   0
 179   51025058    0.000000   29.000000   6   5  25058   1
 180   50025059    0.000000   23.000000   6   5  25059   0
 181   50025060    0.000000   38.000000   6   5  25060   0
 182   51025060    0.000000   38.000000   6   5  25060   1
 183   50025061    0.000000   40.000000   6   5  25061   0
 184   50026048    0.000000  170.000000   6   5  26048   0
 185   50026049    0.000000  150.000000   6   5  26049   0
 186   50026050    0.000000  130.000000   6   5  26050   0
 187   50026051    0.000000  110.000000   6   5  26051   0
 188   50026052    0.000000   95.000000   6   5  26052   0
 189   50026053    0.000000   80.000000   6   5  26053   0
 190   51026053    0.000000   85.000000   6   5  26053   1
 191   50026054    0.000000   66.000000   6   5  26054   0
 192   50026055    0.000000   56.000000   6   5  26055   0
 193   50026056    0.000000   44.000000   6   5  26056   0
 194   50026057    0.000000   36.000000   6   5  26057   0
 195   50026058    0.000000   25.000000   6   5  26058   0
 196   50026059    0.000000   17.500000   6   5  26059   0
 197   50026060    0.000000    9.000000   6   5  26060   0
 198   50026061    0.000000   24.000000   6   5  26061   0
 199   50026062    0.000000   24.000000   6   5  26062   0
 200   50027049    0.000000  190.000000   6   5  27049   0
 201   50027050    0.000000  170.000000   6   5  27050   0
 202   50027051    0.000000  150.000000   6   5  27051   0
 203   50027052    0.000000  130.000000   6   5  27052   0
 204   50027053    0.000000  110.000000   6   5  27053   0
 205   50027054    0.000000   95.000000   6   5  27054   0
 206   51027054    0.000000   95.000000   6   5  27054   1
 207   50027055    0.000000   80.000000   6   5  27055   0
 208   50027056    0.000000   70.000000   6   5  27056   0
 209   50027057    0.000000   58.000000   6   5  27057   0
 210   50027058    0.000000   48.000000   6   5  27058   0
 211   51027058    0.000000   48.000000   6   5  27058   1
 212   50027059    0.000000   38.000000   6   5  27059   0
 213   50027060    0.000000   29.000000   6   5  27060   0
 214   51027060    0.000000   29.000000   6   5  27060   1
 215   50027061    0.000000   19.500000   6   5  27061   0
 216   50027062    0.000000   19.000000   6   5  27062   0
 217   51027062    0.000000   19.000000   6   5  27062   1
 218   50027063    0.000000   13.000000   6   5  27063   0
 219   50028051    0.000000  180.000000   6   5  28051   0
 220   50028052    0.000000  160.000000   6   5  28052   0
 221   50028053    0.000000  140.000000   6   5  28053   0
 222   50028054    0.000000  120.000000   6   5  28054   0
 223   50028055    0.000000  100.000000   6   5  28055   0
 224   50028056    0.000000   85.000000   6   5  28056   0
 225   50028057    0.000000   72.000000   6   5  28057   0
 226   50028058    0.000000   58.000000   6   5  28058   0
 227   50028059    0.000000   48.000000   6   5  28059   0
 228   50028060    0.000000   36.000000   6   5  28060   0
 229   50028061    0.000000   28.000000   6   5  28061   0
 230   50028062    0.000000   17.000000   6   5  28062   0
 231   50028063    0.000000   10.000000   6   5  28063   0
 232   50028064    0.000000    1.000000   6   5  28064   0
 
   p   ZAP IP   NR    Tp [MeV]
   1     1  1    1    9.657463
   2     0  2    1    1.000000
   3  1001  9    1   12.536450
   4  1002 31    1   18.810360
   5  1003 32    1   19.150660
   6  2003 33    1   23.109640
   7  2004 34    1    8.500000
--------------------------------------------------------------------------------
 
