 
--------------------------------------------------------------------------------
 30-Zn- 66   T= 0.00 K from IAEA/PD-2019       (ACEMAKER)
 ZAID= 30066.38u  MAT=3031  ZA= 30066
 AWR=  65.359700  STA=  0  ELIS=   0.000 MeV  LIS=  0  LISO=  0
--------------------------------------------------------------------------------
 NTOTR= 292 NTRAN=   1 NPROD= 291 NE=     138 EMAX= 200.000 MeV
   i     MT/MTD     Q [MeV]     T [MeV] LMF  MT    ZAP LFS
   1          5    0.000000    1.000000   3   5
   2   50010028    0.000000  180.000000   6   5  10028   0
   3   50011029    0.000000  160.000000   6   5  11029   0
   4   50011030    0.000000  180.000000   6   5  11030   0
   5   50011031    0.000000  180.000000   6   5  11031   0
   6   50012030    0.000000  140.000000   6   5  12030   0
   7   50012031    0.000000  160.000000   6   5  12031   0
   8   50012032    0.000000  160.000000   6   5  12032   0
   9   50012033    0.000000  180.000000   6   5  12033   0
  10   50012034    0.000000  190.000000   6   5  12034   0
  11   50013031    0.000000  140.000000   6   5  13031   0
  12   50013032    0.000000  140.000000   6   5  13032   0
  13   50013033    0.000000  140.000000   6   5  13033   0
  14   50013034    0.000000  160.000000   6   5  13034   0
  15   50013035    0.000000  160.000000   6   5  13035   0
  16   50013036    0.000000  190.000000   6   5  13036   0
  17   50013037    0.000000  190.000000   6   5  13037   0
  18   50014032    0.000000  130.000000   6   5  14032   0
  19   50014033    0.000000  120.000000   6   5  14033   0
  20   50014034    0.000000  120.000000   6   5  14034   0
  21   50014035    0.000000  140.000000   6   5  14035   0
  22   50014036    0.000000  140.000000   6   5  14036   0
  23   50014037    0.000000  160.000000   6   5  14037   0
  24   50014038    0.000000  160.000000   6   5  14038   0
  25   50014039    0.000000  190.000000   6   5  14039   0
  26   50014040    0.000000  190.000000   6   5  14040   0
  27   50015033    0.000000  130.000000   6   5  15033   0
  28   50015034    0.000000  120.000000   6   5  15034   0
  29   50015035    0.000000  120.000000   6   5  15035   0
  30   50015036    0.000000  120.000000   6   5  15036   0
  31   50015037    0.000000  130.000000   6   5  15037   0
  32   50015038    0.000000  130.000000   6   5  15038   0
  33   50015039    0.000000  140.000000   6   5  15039   0
  34   50015040    0.000000  160.000000   6   5  15040   0
  35   50015041    0.000000  160.000000   6   5  15041   0
  36   50015042    0.000000  190.000000   6   5  15042   0
  37   50015043    0.000000  190.000000   6   5  15043   0
  38   50016034    0.000000  140.000000   6   5  16034   0
  39   50016035    0.000000  130.000000   6   5  16035   0
  40   50016036    0.000000  120.000000   6   5  16036   0
  41   50016037    0.000000  110.000000   6   5  16037   0
  42   50016038    0.000000  110.000000   6   5  16038   0
  43   50016039    0.000000  110.000000   6   5  16039   0
  44   50016040    0.000000  120.000000   6   5  16040   0
  45   50016041    0.000000  130.000000   6   5  16041   0
  46   50016042    0.000000  130.000000   6   5  16042   0
  47   50016043    0.000000  160.000000   6   5  16043   0
  48   50016044    0.000000  160.000000   6   5  16044   0
  49   50016045    0.000000  190.000000   6   5  16045   0
  50   50017035    0.000000  140.000000   6   5  17035   0
  51   50017036    0.000000  130.000000   6   5  17036   0
  52   50017037    0.000000  120.000000   6   5  17037   0
  53   50017038    0.000000  110.000000   6   5  17038   0
  54   51017038    0.000000  110.000000   6   5  17038   1
  55   50017039    0.000000  110.000000   6   5  17039   0
  56   50017040    0.000000  100.000000   6   5  17040   0
  57   50017041    0.000000  110.000000   6   5  17041   0
  58   50017042    0.000000  110.000000   6   5  17042   0
  59   50017043    0.000000  120.000000   6   5  17043   0
  60   50017044    0.000000  130.000000   6   5  17044   0
  61   50017045    0.000000  140.000000   6   5  17045   0
  62   50017046    0.000000  160.000000   6   5  17046   0
  63   50017047    0.000000  160.000000   6   5  17047   0
  64   50018036    0.000000  150.000000   6   5  18036   0
  65   50018037    0.000000  140.000000   6   5  18037   0
  66   50018038    0.000000  120.000000   6   5  18038   0
  67   50018039    0.000000  110.000000   6   5  18039   0
  68   50018040    0.000000   95.000000   6   5  18040   0
  69   50018041    0.000000   85.000000   6   5  18041   0
  70   50018042    0.000000   85.000000   6   5  18042   0
  71   50018043    0.000000   90.000000   6   5  18043   0
  72   50018044    0.000000   95.000000   6   5  18044   0
  73   50018045    0.000000  110.000000   6   5  18045   0
  74   50018046    0.000000  120.000000   6   5  18046   0
  75   50018047    0.000000  130.000000   6   5  18047   0
  76   50018048    0.000000  140.000000   6   5  18048   0
  77   50018049    0.000000  160.000000   6   5  18049   0
  78   50018050    0.000000  170.000000   6   5  18050   0
  79   50019037    0.000000  150.000000   6   5  19037   0
  80   50019038    0.000000  140.000000   6   5  19038   0
  81   51019038    0.000000  140.000000   6   5  19038   1
  82   50019039    0.000000  120.000000   6   5  19039   0
  83   50019040    0.000000  110.000000   6   5  19040   0
  84   50019041    0.000000  100.000000   6   5  19041   0
  85   50019042    0.000000   90.000000   6   5  19042   0
  86   50019043    0.000000   85.000000   6   5  19043   0
  87   50019044    0.000000   85.000000   6   5  19044   0
  88   50019045    0.000000   78.000000   6   5  19045   0
  89   50019046    0.000000   85.000000   6   5  19046   0
  90   50019047    0.000000   95.000000   6   5  19047   0
  91   50019048    0.000000  110.000000   6   5  19048   0
  92   50019049    0.000000  120.000000   6   5  19049   0
  93   50019050    0.000000  130.000000   6   5  19050   0
  94   50019051    0.000000  140.000000   6   5  19051   0
  95   50019052    0.000000  170.000000   6   5  19052   0
  96   50019053    0.000000  180.000000   6   5  19053   0
  97   50020038    0.000000  170.000000   6   5  20038   0
  98   50020039    0.000000  150.000000   6   5  20039   0
  99   50020040    0.000000  130.000000   6   5  20040   0
 100   50020041    0.000000  120.000000   6   5  20041   0
 101   50020042    0.000000  100.000000   6   5  20042   0
 102   50020043    0.000000   90.000000   6   5  20043   0
 103   50020044    0.000000   78.000000   6   5  20044   0
 104   50020045    0.000000   68.000000   6   5  20045   0
 105   50020046    0.000000   60.000000   6   5  20046   0
 106   50020047    0.000000   68.000000   6   5  20047   0
 107   50020048    0.000000   76.000000   6   5  20048   0
 108   50020049    0.000000   80.000000   6   5  20049   0
 109   50020050    0.000000   95.000000   6   5  20050   0
 110   50020051    0.000000  110.000000   6   5  20051   0
 111   50020052    0.000000  120.000000   6   5  20052   0
 112   50020053    0.000000  140.000000   6   5  20053   0
 113   50020054    0.000000  150.000000   6   5  20054   0
 114   50020055    0.000000  180.000000   6   5  20055   0
 115   50021039    0.000000  170.000000   6   5  21039   0
 116   50021040    0.000000  160.000000   6   5  21040   0
 117   50021041    0.000000  140.000000   6   5  21041   0
 118   50021042    0.000000  120.000000   6   5  21042   0
 119   51021042    0.000000  130.000000   6   5  21042   1
 120   50021043    0.000000  110.000000   6   5  21043   0
 121   50021044    0.000000   95.000000   6   5  21044   0
 122   51021044    0.000000  100.000000   6   5  21044   1
 123   50021045    0.000000   85.000000   6   5  21045   0
 124   51021045    0.000000   85.000000   6   5  21045   1
 125   50021046    0.000000   74.000000   6   5  21046   0
 126   51021046    0.000000   76.000000   6   5  21046   1
 127   50021047    0.000000   64.000000   6   5  21047   0
 128   50021048    0.000000   62.000000   6   5  21048   0
 129   50021049    0.000000   58.000000   6   5  21049   0
 130   50021050    0.000000   68.000000   6   5  21050   0
 131   51021050    0.000000   68.000000   6   5  21050   1
 132   50021051    0.000000   74.000000   6   5  21051   0
 133   50021052    0.000000   85.000000   6   5  21052   0
 134   50021053    0.000000  100.000000   6   5  21053   0
 135   50021054    0.000000  110.000000   6   5  21054   0
 136   50021055    0.000000  120.000000   6   5  21055   0
 137   50021056    0.000000  150.000000   6   5  21056   0
 138   50022041    0.000000  170.000000   6   5  22041   0
 139   50022042    0.000000  150.000000   6   5  22042   0
 140   50022043    0.000000  130.000000   6   5  22043   0
 141   50022044    0.000000  120.000000   6   5  22044   0
 142   50022045    0.000000  100.000000   6   5  22045   0
 143   50022046    0.000000   85.000000   6   5  22046   0
 144   50022047    0.000000   72.000000   6   5  22047   0
 145   50022048    0.000000   60.000000   6   5  22048   0
 146   51022048    0.000000   62.000000   6   5  22048   1
 147   50022049    0.000000   50.000000   6   5  22049   0
 148   50022050    0.000000   42.000000   6   5  22050   0
 149   50022051    0.000000   54.000000   6   5  22051   0
 150   50022052    0.000000   58.000000   6   5  22052   0
 151   50022053    0.000000   68.000000   6   5  22053   0
 152   50022054    0.000000   74.000000   6   5  22054   0
 153   50022055    0.000000   85.000000   6   5  22055   0
 154   50022056    0.000000  100.000000   6   5  22056   0
 155   50022057    0.000000  120.000000   6   5  22057   0
 156   50023042    0.000000  180.000000   6   5  23042   0
 157   50023043    0.000000  160.000000   6   5  23043   0
 158   50023044    0.000000  150.000000   6   5  23044   0
 159   51023044    0.000000  150.000000   6   5  23044   1
 160   50023045    0.000000  130.000000   6   5  23045   0
 161   50023046    0.000000  110.000000   6   5  23046   0
 162   50023047    0.000000   95.000000   6   5  23047   0
 163   50023048    0.000000   85.000000   6   5  23048   0
 164   50023049    0.000000   70.000000   6   5  23049   0
 165   50023050    0.000000   60.000000   6   5  23050   0
 166   50023051    0.000000   48.000000   6   5  23051   0
 167   50023052    0.000000   46.000000   6   5  23052   0
 168   50023053    0.000000   40.000000   6   5  23053   0
 169   50023054    0.000000   54.000000   6   5  23054   0
 170   50023055    0.000000   56.000000   6   5  23055   0
 171   50023056    0.000000   70.000000   6   5  23056   0
 172   50023057    0.000000   74.000000   6   5  23057   0
 173   50023058    0.000000   90.000000   6   5  23058   0
 174   50023059    0.000000  120.000000   6   5  23059   0
 175   50024044    0.000000  180.000000   6   5  24044   0
 176   50024045    0.000000  160.000000   6   5  24045   0
 177   50024046    0.000000  140.000000   6   5  24046   0
 178   50024047    0.000000  120.000000   6   5  24047   0
 179   50024048    0.000000  100.000000   6   5  24048   0
 180   50024049    0.000000   85.000000   6   5  24049   0
 181   50024050    0.000000   68.000000   6   5  24050   0
 182   50024051    0.000000   56.000000   6   5  24051   0
 183   50024052    0.000000   46.000000   6   5  24052   0
 184   50024053    0.000000   36.000000   6   5  24053   0
 185   50024054    0.000000   25.000000   6   5  24054   0
 186   50024055    0.000000   40.000000   6   5  24055   0
 187   50024056    0.000000   40.000000   6   5  24056   0
 188   50024057    0.000000   54.000000   6   5  24057   0
 189   50024058    0.000000   56.000000   6   5  24058   0
 190   50024059    0.000000   72.000000   6   5  24059   0
 191   50024060    0.000000   78.000000   6   5  24060   0
 192   50025045    0.000000  190.000000   6   5  25045   0
 193   50025046    0.000000  170.000000   6   5  25046   0
 194   50025047    0.000000  150.000000   6   5  25047   0
 195   50025048    0.000000  130.000000   6   5  25048   0
 196   50025049    0.000000  110.000000   6   5  25049   0
 197   50025050    0.000000  100.000000   6   5  25050   0
 198   51025050    0.000000  100.000000   6   5  25050   1
 199   50025051    0.000000   80.000000   6   5  25051   0
 200   50025052    0.000000   68.000000   6   5  25052   0
 201   51025052    0.000000   70.000000   6   5  25052   1
 202   50025053    0.000000   56.000000   6   5  25053   0
 203   50025054    0.000000   46.000000   6   5  25054   0
 204   50025055    0.000000   36.000000   6   5  25055   0
 205   50025056    0.000000   34.000000   6   5  25056   0
 206   50025057    0.000000   28.000000   6   5  25057   0
 207   50025058    0.000000   42.000000   6   5  25058   0
 208   51025058    0.000000   42.000000   6   5  25058   1
 209   50025059    0.000000   42.000000   6   5  25059   0
 210   50025060    0.000000   58.000000   6   5  25060   0
 211   51025060    0.000000   58.000000   6   5  25060   1
 212   50025061    0.000000   58.000000   6   5  25061   0
 213   50026047    0.000000  190.000000   6   5  26047   0
 214   50026048    0.000000  160.000000   6   5  26048   0
 215   50026049    0.000000  140.000000   6   5  26049   0
 216   50026050    0.000000  120.000000   6   5  26050   0
 217   50026051    0.000000  100.000000   6   5  26051   0
 218   50026052    0.000000   85.000000   6   5  26052   0
 219   50026053    0.000000   70.000000   6   5  26053   0
 220   51026053    0.000000   72.000000   6   5  26053   1
 221   50026054    0.000000   54.000000   6   5  26054   0
 222   50026055    0.000000   44.000000   6   5  26055   0
 223   50026056    0.000000   32.000000   6   5  26056   0
 224   50026057    0.000000   24.000000   6   5  26057   0
 225   50026058    0.000000   14.000000   6   5  26058   0
 226   50026059    0.000000   28.000000   6   5  26059   0
 227   50026060    0.000000   27.000000   6   5  26060   0
 228   50026061    0.000000   42.000000   6   5  26061   0
 229   50026062    0.000000   42.000000   6   5  26062   0
 230   50027049    0.000000  180.000000   6   5  27049   0
 231   50027050    0.000000  160.000000   6   5  27050   0
 232   50027051    0.000000  140.000000   6   5  27051   0
 233   50027052    0.000000  120.000000   6   5  27052   0
 234   50027053    0.000000  100.000000   6   5  27053   0
 235   50027054    0.000000   85.000000   6   5  27054   0
 236   51027054    0.000000   85.000000   6   5  27054   1
 237   50027055    0.000000   70.000000   6   5  27055   0
 238   50027056    0.000000   58.000000   6   5  27056   0
 239   50027057    0.000000   46.000000   6   5  27057   0
 240   50027058    0.000000   38.000000   6   5  27058   0
 241   51027058    0.000000   38.000000   6   5  27058   1
 242   50027059    0.000000   26.000000   6   5  27059   0
 243   50027060    0.000000   25.000000   6   5  27060   0
 244   51027060    0.000000   25.000000   6   5  27060   1
 245   50027061    0.000000   17.000000   6   5  27061   0
 246   50027062    0.000000   32.000000   6   5  27062   0
 247   51027062    0.000000   32.000000   6   5  27062   1
 248   50027063    0.000000   30.000000   6   5  27063   0
 249   50028051    0.000000  170.000000   6   5  28051   0
 250   50028052    0.000000  140.000000   6   5  28052   0
 251   50028053    0.000000  130.000000   6   5  28053   0
 252   50028054    0.000000  110.000000   6   5  28054   0
 253   50028055    0.000000   90.000000   6   5  28055   0
 254   50028056    0.000000   70.000000   6   5  28056   0
 255   50028057    0.000000   58.000000   6   5  28057   0
 256   50028058    0.000000   46.000000   6   5  28058   0
 257   50028059    0.000000   36.000000   6   5  28059   0
 258   50028060    0.000000   24.000000   6   5  28060   0
 259   50028061    0.000000   16.000000   6   5  28061   0
 260   50028062    0.000000    5.250000   6   5  28062   0
 261   50028063    0.000000   19.000000   6   5  28063   0
 262   50028064    0.000000   17.000000   6   5  28064   0
 263   50029052    0.000000  190.000000   6   5  29052   0
 264   50029053    0.000000  170.000000   6   5  29053   0
 265   50029054    0.000000  150.000000   6   5  29054   0
 266   50029055    0.000000  130.000000   6   5  29055   0
 267   50029056    0.000000  110.000000   6   5  29056   0
 268   50029057    0.000000   90.000000   6   5  29057   0
 269   50029058    0.000000   76.000000   6   5  29058   0
 270   50029059    0.000000   62.000000   6   5  29059   0
 271   50029060    0.000000   52.000000   6   5  29060   0
 272   50029061    0.000000   40.000000   6   5  29061   0
 273   50029062    0.000000   30.000000   6   5  29062   0
 274   50029063    0.000000   18.500000   6   5  29063   0
 275   50029064    0.000000   17.000000   6   5  29064   0
 276   50029065    0.000000    9.500000   6   5  29065   0
 277   50030054    0.000000  190.000000   6   5  30054   0
 278   50030055    0.000000  160.000000   6   5  30055   0
 279   50030056    0.000000  140.000000   6   5  30056   0
 280   50030057    0.000000  120.000000   6   5  30057   0
 281   50030058    0.000000  100.000000   6   5  30058   0
 282   50030059    0.000000   85.000000   6   5  30059   0
 283   50030060    0.000000   66.000000   6   5  30060   0
 284   50030061    0.000000   56.000000   6   5  30061   0
 285   51030061    0.000000   56.000000   6   5  30061   1
 286   52030061    0.000000   56.000000   6   5  30061   2
 287   53030061    0.000000   56.000000   6   5  30061   3
 288   50030062    0.000000   42.000000   6   5  30062   0
 289   50030063    0.000000   32.000000   6   5  30063   0
 290   50030064    0.000000   19.500000   6   5  30064   0
 291   50030065    0.000000   11.500000   6   5  30065   0
 292   50030066    0.000000    1.000000   6   5  30066   0
 
   p   ZAP IP   NR    Tp [MeV]
   1     1  1    1   11.058460
   2     0  2    1    1.000000
   3  1001  9    1    8.924471
   4  1002 31    1   16.610340
   5  1003 32    1   18.269220
   6  2003 33    1   18.317600
   7  2004 34    1    5.000000
--------------------------------------------------------------------------------
 
