 
--------------------------------------------------------------------------------
 30-Zn- 64   T= 0.00 K from IAEA/PD-2019       (ACEMAKER)
 ZAID= 30064.38u  MAT=3025  ZA= 30064
 AWR=  63.379960  STA=  0  ELIS=   0.000 MeV  LIS=  0  LISO=  0
--------------------------------------------------------------------------------
 NTOTR= 107 NTRAN=   1 NPROD= 106 NE=      88 EMAX= 200.000 MeV
   i     MT/MTD     Q [MeV]     T [MeV] LMF  MT    ZAP LFS
   1          5    0.000000    1.000000   3   5
   2   50020038    0.000000  160.000000   6   5  20038   0
   3   50020039    0.000000  140.000000   6   5  20039   0
   4   50020040    0.000000  130.000000   6   5  20040   0
   5   50020041    0.000000  130.000000   6   5  20041   0
   6   50020042    0.000000  130.000000   6   5  20042   0
   7   50020043    0.000000  130.000000   6   5  20043   0
   8   50020044    0.000000  130.000000   6   5  20044   0
   9   50020045    0.000000  140.000000   6   5  20045   0
  10   50020046    0.000000  140.000000   6   5  20046   0
  11   50021040    0.000000  160.000000   6   5  21040   0
  12   50021041    0.000000  140.000000   6   5  21041   0
  13   50021042    0.000000  130.000000   6   5  21042   0
  14   52021042    0.000000  130.000000   6   5  21042   2
  15   50021043    0.000000  120.000000   6   5  21043   0
  16   50021044    0.000000  120.000000   6   5  21044   0
  17   54021044    0.000000  120.000000   6   5  21044   4
  18   50021045    0.000000  120.000000   6   5  21045   0
  19   50021046    0.000000  130.000000   6   5  21046   0
  20   52021046    0.000000  130.000000   6   5  21046   2
  21   50021047    0.000000  130.000000   6   5  21047   0
  22   50021048    0.000000  130.000000   6   5  21048   0
  23   50022042    0.000000  160.000000   6   5  22042   0
  24   50022043    0.000000  140.000000   6   5  22043   0
  25   50022044    0.000000  120.000000   6   5  22044   0
  26   50022045    0.000000  120.000000   6   5  22045   0
  27   50022046    0.000000  110.000000   6   5  22046   0
  28   50022047    0.000000  110.000000   6   5  22047   0
  29   50022048    0.000000  110.000000   6   5  22048   0
  30   64022048    0.000000  110.000000   6   5  22048  14
  31   50022049    0.000000  120.000000   6   5  22049   0
  32   50022050    0.000000  140.000000   6   5  22050   0
  33   50023044    0.000000  140.000000   6   5  23044   0
  34   50023045    0.000000  130.000000   6   5  23045   0
  35   50023046    0.000000  120.000000   6   5  23046   0
  36   50023047    0.000000  110.000000   6   5  23047   0
  37   50023048    0.000000  100.000000   6   5  23048   0
  38   50023049    0.000000  100.000000   6   5  23049   0
  39   50023050    0.000000  100.000000   6   5  23050   0
  40   50023051    0.000000  110.000000   6   5  23051   0
  41   50023052    0.000000  120.000000   6   5  23052   0
  42   50024047    0.000000  130.000000   6   5  24047   0
  43   50024048    0.000000  110.000000   6   5  24048   0
  44   50024049    0.000000  100.000000   6   5  24049   0
  45   50024050    0.000000   90.000000   6   5  24050   0
  46   50024051    0.000000   85.000000   6   5  24051   0
  47   50024052    0.000000   76.000000   6   5  24052   0
  48   50024053    0.000000   90.000000   6   5  24053   0
  49   50024054    0.000000  100.000000   6   5  24054   0
  50   50024055    0.000000  100.000000   6   5  24055   0
  51   50025049    0.000000  120.000000   6   5  25049   0
  52   50025050    0.000000  100.000000   6   5  25050   0
  53   51025050    0.000000  100.000000   6   5  25050   1
  54   50025051    0.000000   90.000000   6   5  25051   0
  55   50025052    0.000000   76.000000   6   5  25052   0
  56   51025052    0.000000   76.000000   6   5  25052   1
  57   50025053    0.000000   62.000000   6   5  25053   0
  58   50025054    0.000000   54.000000   6   5  25054   0
  59   50025055    0.000000   72.000000   6   5  25055   0
  60   50025056    0.000000   68.000000   6   5  25056   0
  61   50025057    0.000000   90.000000   6   5  25057   0
  62   50025058    0.000000   90.000000   6   5  25058   0
  63   51025058    0.000000   90.000000   6   5  25058   1
  64   50026051    0.000000  130.000000   6   5  26051   0
  65   50026052    0.000000   95.000000   6   5  26052   0
  66   60026052    0.000000   95.000000   6   5  26052  10
  67   50026053    0.000000   66.000000   6   5  26053   0
  68   72026053    0.000000   66.000000   6   5  26053  22
  69   50026054    0.000000   50.000000   6   5  26054   0
  70   50026055    0.000000   38.000000   6   5  26055   0
  71   50026056    0.000000   52.000000   6   5  26056   0
  72   50026057    0.000000   46.000000   6   5  26057   0
  73   50026058    0.000000   36.000000   6   5  26058   0
  74   50026059    0.000000   64.000000   6   5  26059   0
  75   50027053    0.000000  110.000000   6   5  27053   0
  76   50027054    0.000000   85.000000   6   5  27054   0
  77   51027054    0.000000   85.000000   6   5  27054   1
  78   50027055    0.000000   66.000000   6   5  27055   0
  79   50027056    0.000000   54.000000   6   5  27056   0
  80   50027057    0.000000   42.000000   6   5  27057   0
  81   50027058    0.000000   32.000000   6   5  27058   0
  82   51027058    0.000000   32.000000   6   5  27058   1
  83   50027059    0.000000   21.000000   6   5  27059   0
  84   50027060    0.000000   46.000000   6   5  27060   0
  85   51027060    0.000000   46.000000   6   5  27060   1
  86   50027061    0.000000   56.000000   6   5  27061   0
  87   50028055    0.000000  110.000000   6   5  28055   0
  88   50028056    0.000000   60.000000   6   5  28056   0
  89   50028057    0.000000   44.000000   6   5  28057   0
  90   50028058    0.000000   29.000000   6   5  28058   0
  91   50028059    0.000000   19.000000   6   5  28059   0
  92   50028060    0.000000    7.500000   6   5  28060   0
  93   50028061    0.000000   27.000000   6   5  28061   0
  94   50028062    0.000000   17.000000   6   5  28062   0
  95   50029057    0.000000  180.000000   6   5  29057   0
  96   50029058    0.000000   72.000000   6   5  29058   0
  97   50029059    0.000000   52.000000   6   5  29059   0
  98   50029060    0.000000   38.000000   6   5  29060   0
  99   50029061    0.000000   25.000000   6   5  29061   0
 100   50029062    0.000000   19.000000   6   5  29062   0
 101   50029063    0.000000    8.500000   6   5  29063   0
 102   50030059    0.000000  110.000000   6   5  30059   0
 103   50030060    0.000000   50.000000   6   5  30060   0
 104   50030061    0.000000   34.000000   6   5  30061   0
 105   50030062    0.000000   20.000000   6   5  30062   0
 106   50030063    0.000000   11.500000   6   5  30063   0
 107   50030064    0.000000    1.000000   6   5  30064   0
 
   p   ZAP IP   NR    Tp [MeV]
   1     1  1    1   11.500000
   2     0  2    1    1.000000
   3  1001  9    1    8.500000
   4  1002 31    1   17.000000
   5  1003 32    1   20.000000
   6  2003 33    1   19.500000
   7  2004 34    1    7.000000
--------------------------------------------------------------------------------
 
