 
--------------------------------------------------------------------------------
 32-Ge- 72   T= 0.00 K from IAEA/PD-2019       (ACEMAKER)
 ZAID= 32072.38u  MAT=3231  ZA= 32072
 AWR=  71.304230  STA=  0  ELIS=   0.000 MeV  LIS=  0  LISO=  0
--------------------------------------------------------------------------------
 NTOTR= 284 NTRAN=   1 NPROD= 283 NE=     138 EMAX= 200.000 MeV
   i     MT/MTD     Q [MeV]     T [MeV] LMF  MT    ZAP LFS
   1          5    0.000000    1.000000   3   5
   2   50013035    0.000000  180.000000   6   5  13035   0
   3   50014036    0.000000  150.000000   6   5  14036   0
   4   50014037    0.000000  170.000000   6   5  14037   0
   5   50014038    0.000000  170.000000   6   5  14038   0
   6   50015037    0.000000  150.000000   6   5  15037   0
   7   50015038    0.000000  150.000000   6   5  15038   0
   8   50015039    0.000000  150.000000   6   5  15039   0
   9   50015040    0.000000  170.000000   6   5  15040   0
  10   50015041    0.000000  170.000000   6   5  15041   0
  11   50016038    0.000000  140.000000   6   5  16038   0
  12   50016039    0.000000  130.000000   6   5  16039   0
  13   50016040    0.000000  130.000000   6   5  16040   0
  14   50016041    0.000000  140.000000   6   5  16041   0
  15   50016042    0.000000  140.000000   6   5  16042   0
  16   50016043    0.000000  170.000000   6   5  16043   0
  17   50016044    0.000000  170.000000   6   5  16044   0
  18   50017039    0.000000  140.000000   6   5  17039   0
  19   50017040    0.000000  130.000000   6   5  17040   0
  20   50017041    0.000000  130.000000   6   5  17041   0
  21   50017042    0.000000  130.000000   6   5  17042   0
  22   50017043    0.000000  130.000000   6   5  17043   0
  23   50017044    0.000000  140.000000   6   5  17044   0
  24   50017045    0.000000  140.000000   6   5  17045   0
  25   50017046    0.000000  170.000000   6   5  17046   0
  26   50017047    0.000000  170.000000   6   5  17047   0
  27   50018040    0.000000  140.000000   6   5  18040   0
  28   50018041    0.000000  130.000000   6   5  18041   0
  29   50018042    0.000000  120.000000   6   5  18042   0
  30   50018043    0.000000  110.000000   6   5  18043   0
  31   50018044    0.000000  110.000000   6   5  18044   0
  32   50018045    0.000000  120.000000   6   5  18045   0
  33   50018046    0.000000  120.000000   6   5  18046   0
  34   50018047    0.000000  140.000000   6   5  18047   0
  35   50018048    0.000000  140.000000   6   5  18048   0
  36   50018049    0.000000  170.000000   6   5  18049   0
  37   50018050    0.000000  170.000000   6   5  18050   0
  38   50019041    0.000000  140.000000   6   5  19041   0
  39   50019042    0.000000  130.000000   6   5  19042   0
  40   50019043    0.000000  120.000000   6   5  19043   0
  41   50019044    0.000000  110.000000   6   5  19044   0
  42   50019045    0.000000  110.000000   6   5  19045   0
  43   50019046    0.000000  110.000000   6   5  19046   0
  44   50019047    0.000000  110.000000   6   5  19047   0
  45   50019048    0.000000  120.000000   6   5  19048   0
  46   50019049    0.000000  120.000000   6   5  19049   0
  47   50019050    0.000000  140.000000   6   5  19050   0
  48   50019051    0.000000  140.000000   6   5  19051   0
  49   50019052    0.000000  170.000000   6   5  19052   0
  50   50019053    0.000000  180.000000   6   5  19053   0
  51   50020042    0.000000  140.000000   6   5  20042   0
  52   50020043    0.000000  130.000000   6   5  20043   0
  53   50020044    0.000000  120.000000   6   5  20044   0
  54   50020045    0.000000  110.000000   6   5  20045   0
  55   50020046    0.000000   95.000000   6   5  20046   0
  56   50020047    0.000000   90.000000   6   5  20047   0
  57   50020048    0.000000   90.000000   6   5  20048   0
  58   50020049    0.000000   90.000000   6   5  20049   0
  59   50020050    0.000000   95.000000   6   5  20050   0
  60   50020051    0.000000  120.000000   6   5  20051   0
  61   50020052    0.000000  120.000000   6   5  20052   0
  62   50020053    0.000000  140.000000   6   5  20053   0
  63   50020054    0.000000  150.000000   6   5  20054   0
  64   50020055    0.000000  180.000000   6   5  20055   0
  65   50020056    0.000000  190.000000   6   5  20056   0
  66   50021043    0.000000  140.000000   6   5  21043   0
  67   50021044    0.000000  130.000000   6   5  21044   0
  68   51021044    0.000000  130.000000   6   5  21044   1
  69   50021045    0.000000  120.000000   6   5  21045   0
  70   51021045    0.000000  120.000000   6   5  21045   1
  71   50021046    0.000000  110.000000   6   5  21046   0
  72   51021046    0.000000  110.000000   6   5  21046   1
  73   50021047    0.000000   95.000000   6   5  21047   0
  74   50021048    0.000000   90.000000   6   5  21048   0
  75   50021049    0.000000   90.000000   6   5  21049   0
  76   50021050    0.000000   85.000000   6   5  21050   0
  77   51021050    0.000000   85.000000   6   5  21050   1
  78   50021051    0.000000   85.000000   6   5  21051   0
  79   50021052    0.000000   85.000000   6   5  21052   0
  80   50021053    0.000000  100.000000   6   5  21053   0
  81   50021054    0.000000  120.000000   6   5  21054   0
  82   50021055    0.000000  120.000000   6   5  21055   0
  83   50021056    0.000000  150.000000   6   5  21056   0
  84   50021057    0.000000  150.000000   6   5  21057   0
  85   50021058    0.000000  190.000000   6   5  21058   0
  86   50022044    0.000000  160.000000   6   5  22044   0
  87   50022045    0.000000  140.000000   6   5  22045   0
  88   50022046    0.000000  130.000000   6   5  22046   0
  89   50022047    0.000000  110.000000   6   5  22047   0
  90   50022048    0.000000   95.000000   6   5  22048   0
  91   51022048    0.000000   95.000000   6   5  22048   1
  92   50022049    0.000000   85.000000   6   5  22049   0
  93   50022050    0.000000   76.000000   6   5  22050   0
  94   50022051    0.000000   68.000000   6   5  22051   0
  95   50022052    0.000000   64.000000   6   5  22052   0
  96   50022053    0.000000   70.000000   6   5  22053   0
  97   50022054    0.000000   85.000000   6   5  22054   0
  98   50022055    0.000000   90.000000   6   5  22055   0
  99   50022056    0.000000  100.000000   6   5  22056   0
 100   50022057    0.000000  120.000000   6   5  22057   0
 101   50022058    0.000000  120.000000   6   5  22058   0
 102   50022059    0.000000  150.000000   6   5  22059   0
 103   50022060    0.000000  160.000000   6   5  22060   0
 104   50023045    0.000000  160.000000   6   5  23045   0
 105   50023046    0.000000  140.000000   6   5  23046   0
 106   50023047    0.000000  130.000000   6   5  23047   0
 107   50023048    0.000000  120.000000   6   5  23048   0
 108   50023049    0.000000  100.000000   6   5  23049   0
 109   50023050    0.000000   90.000000   6   5  23050   0
 110   50023051    0.000000   78.000000   6   5  23051   0
 111   50023052    0.000000   70.000000   6   5  23052   0
 112   50023053    0.000000   64.000000   6   5  23053   0
 113   50023054    0.000000   64.000000   6   5  23054   0
 114   50023055    0.000000   62.000000   6   5  23055   0
 115   50023056    0.000000   72.000000   6   5  23056   0
 116   50023057    0.000000   85.000000   6   5  23057   0
 117   50023058    0.000000   90.000000   6   5  23058   0
 118   50023059    0.000000  110.000000   6   5  23059   0
 119   50023060    0.000000  120.000000   6   5  23060   0
 120   51023060    0.000000  120.000000   6   5  23060   1
 121   50023061    0.000000  130.000000   6   5  23061   0
 122   50023062    0.000000  160.000000   6   5  23062   0
 123   50024046    0.000000  180.000000   6   5  24046   0
 124   50024047    0.000000  160.000000   6   5  24047   0
 125   50024048    0.000000  140.000000   6   5  24048   0
 126   50024049    0.000000  120.000000   6   5  24049   0
 127   50024050    0.000000  110.000000   6   5  24050   0
 128   50024051    0.000000   95.000000   6   5  24051   0
 129   50024052    0.000000   80.000000   6   5  24052   0
 130   50024053    0.000000   68.000000   6   5  24053   0
 131   50024054    0.000000   58.000000   6   5  24054   0
 132   50024055    0.000000   50.000000   6   5  24055   0
 133   50024056    0.000000   42.000000   6   5  24056   0
 134   50024057    0.000000   54.000000   6   5  24057   0
 135   50024058    0.000000   60.000000   6   5  24058   0
 136   50024059    0.000000   72.000000   6   5  24059   0
 137   50024060    0.000000   85.000000   6   5  24060   0
 138   50024061    0.000000   90.000000   6   5  24061   0
 139   50024062    0.000000  110.000000   6   5  24062   0
 140   50024063    0.000000  130.000000   6   5  24063   0
 141   50025047    0.000000  180.000000   6   5  25047   0
 142   50025048    0.000000  160.000000   6   5  25048   0
 143   50025049    0.000000  150.000000   6   5  25049   0
 144   50025050    0.000000  130.000000   6   5  25050   0
 145   51025050    0.000000  130.000000   6   5  25050   1
 146   50025051    0.000000  110.000000   6   5  25051   0
 147   50025052    0.000000  100.000000   6   5  25052   0
 148   51025052    0.000000  100.000000   6   5  25052   1
 149   50025053    0.000000   85.000000   6   5  25053   0
 150   50025054    0.000000   76.000000   6   5  25054   0
 151   50025055    0.000000   64.000000   6   5  25055   0
 152   50025056    0.000000   56.000000   6   5  25056   0
 153   50025057    0.000000   48.000000   6   5  25057   0
 154   50025058    0.000000   48.000000   6   5  25058   0
 155   51025058    0.000000   48.000000   6   5  25058   1
 156   50025059    0.000000   42.000000   6   5  25059   0
 157   50025060    0.000000   56.000000   6   5  25060   0
 158   51025060    0.000000   56.000000   6   5  25060   1
 159   50025061    0.000000   60.000000   6   5  25061   0
 160   50025062    0.000000   72.000000   6   5  25062   0
 161   50025063    0.000000   85.000000   6   5  25063   0
 162   50025064    0.000000   95.000000   6   5  25064   0
 163   50025065    0.000000  130.000000   6   5  25065   0
 164   50026049    0.000000  180.000000   6   5  26049   0
 165   50026050    0.000000  160.000000   6   5  26050   0
 166   50026051    0.000000  140.000000   6   5  26051   0
 167   50026052    0.000000  120.000000   6   5  26052   0
 168   50026053    0.000000  110.000000   6   5  26053   0
 169   51026053    0.000000  110.000000   6   5  26053   1
 170   50026054    0.000000   90.000000   6   5  26054   0
 171   50026055    0.000000   76.000000   6   5  26055   0
 172   50026056    0.000000   64.000000   6   5  26056   0
 173   50026057    0.000000   54.000000   6   5  26057   0
 174   50026058    0.000000   42.000000   6   5  26058   0
 175   50026059    0.000000   34.000000   6   5  26059   0
 176   50026060    0.000000   25.000000   6   5  26060   0
 177   50026061    0.000000   40.000000   6   5  26061   0
 178   50026062    0.000000   40.000000   6   5  26062   0
 179   50026063    0.000000   56.000000   6   5  26063   0
 180   50026064    0.000000   58.000000   6   5  26064   0
 181   50026065    0.000000   74.000000   6   5  26065   0
 182   50026066    0.000000   90.000000   6   5  26066   0
 183   50027050    0.000000  190.000000   6   5  27050   0
 184   50027051    0.000000  170.000000   6   5  27051   0
 185   50027052    0.000000  150.000000   6   5  27052   0
 186   50027053    0.000000  130.000000   6   5  27053   0
 187   50027054    0.000000  120.000000   6   5  27054   0
 188   51027054    0.000000  120.000000   6   5  27054   1
 189   50027055    0.000000  100.000000   6   5  27055   0
 190   50027056    0.000000   90.000000   6   5  27056   0
 191   50027057    0.000000   74.000000   6   5  27057   0
 192   50027058    0.000000   64.000000   6   5  27058   0
 193   51027058    0.000000   64.000000   6   5  27058   1
 194   50027059    0.000000   52.000000   6   5  27059   0
 195   50027060    0.000000   44.000000   6   5  27060   0
 196   51027060    0.000000   44.000000   6   5  27060   1
 197   50027061    0.000000   34.000000   6   5  27061   0
 198   50027062    0.000000   34.000000   6   5  27062   0
 199   51027062    0.000000   34.000000   6   5  27062   1
 200   50027063    0.000000   28.000000   6   5  27063   0
 201   50027064    0.000000   42.000000   6   5  27064   0
 202   50027065    0.000000   42.000000   6   5  27065   0
 203   50027066    0.000000   58.000000   6   5  27066   0
 204   50027067    0.000000   60.000000   6   5  27067   0
 205   50028052    0.000000  190.000000   6   5  28052   0
 206   50028053    0.000000  170.000000   6   5  28053   0
 207   50028054    0.000000  150.000000   6   5  28054   0
 208   50028055    0.000000  120.000000   6   5  28055   0
 209   50028056    0.000000  110.000000   6   5  28056   0
 210   50028057    0.000000   90.000000   6   5  28057   0
 211   50028058    0.000000   76.000000   6   5  28058   0
 212   50028059    0.000000   64.000000   6   5  28059   0
 213   50028060    0.000000   52.000000   6   5  28060   0
 214   50028061    0.000000   42.000000   6   5  28061   0
 215   50028062    0.000000   30.000000   6   5  28062   0
 216   50028063    0.000000   23.000000   6   5  28063   0
 217   50028064    0.000000   13.000000   6   5  28064   0
 218   50028065    0.000000   28.000000   6   5  28065   0
 219   50028066    0.000000   26.000000   6   5  28066   0
 220   50028067    0.000000   42.000000   6   5  28067   0
 221   50028068    0.000000   42.000000   6   5  28068   0
 222   50029054    0.000000  180.000000   6   5  29054   0
 223   50029055    0.000000  160.000000   6   5  29055   0
 224   50029056    0.000000  140.000000   6   5  29056   0
 225   50029057    0.000000  120.000000   6   5  29057   0
 226   50029058    0.000000  110.000000   6   5  29058   0
 227   50029059    0.000000   90.000000   6   5  29059   0
 228   50029060    0.000000   78.000000   6   5  29060   0
 229   50029061    0.000000   64.000000   6   5  29061   0
 230   50029062    0.000000   56.000000   6   5  29062   0
 231   50029063    0.000000   44.000000   6   5  29063   0
 232   50029064    0.000000   36.000000   6   5  29064   0
 233   50029065    0.000000   25.000000   6   5  29065   0
 234   50029066    0.000000   24.000000   6   5  29066   0
 235   50029067    0.000000   16.500000   6   5  29067   0
 236   50029068    0.000000   32.000000   6   5  29068   0
 237   51029068    0.000000   32.000000   6   5  29068   1
 238   50029069    0.000000   30.000000   6   5  29069   0
 239   50030056    0.000000  180.000000   6   5  30056   0
 240   50030057    0.000000  150.000000   6   5  30057   0
 241   50030058    0.000000  130.000000   6   5  30058   0
 242   50030059    0.000000  110.000000   6   5  30059   0
 243   50030060    0.000000   95.000000   6   5  30060   0
 244   50030061    0.000000   80.000000   6   5  30061   0
 245   51030061    0.000000   80.000000   6   5  30061   1
 246   52030061    0.000000   80.000000   6   5  30061   2
 247   53030061    0.000000   80.000000   6   5  30061   3
 248   50030062    0.000000   66.000000   6   5  30062   0
 249   50030063    0.000000   56.000000   6   5  30063   0
 250   50030064    0.000000   44.000000   6   5  30064   0
 251   50030065    0.000000   36.000000   6   5  30065   0
 252   50030066    0.000000   24.000000   6   5  30066   0
 253   50030067    0.000000   16.000000   6   5  30067   0
 254   50030068    0.000000    6.000000   6   5  30068   0
 255   50030069    0.000000   20.000000   6   5  30069   0
 256   51030069    0.000000   21.000000   6   5  30069   1
 257   50030070    0.000000   18.000000   6   5  30070   0
 258   50031058    0.000000  170.000000   6   5  31058   0
 259   50031059    0.000000  150.000000   6   5  31059   0
 260   50031060    0.000000  130.000000   6   5  31060   0
 261   50031061    0.000000  120.000000   6   5  31061   0
 262   50031062    0.000000  100.000000   6   5  31062   0
 263   50031063    0.000000   85.000000   6   5  31063   0
 264   50031064    0.000000   72.000000   6   5  31064   0
 265   50031065    0.000000   60.000000   6   5  31065   0
 266   50031066    0.000000   50.000000   6   5  31066   0
 267   50031067    0.000000   38.000000   6   5  31067   0
 268   50031068    0.000000   29.000000   6   5  31068   0
 269   50031069    0.000000   18.500000   6   5  31069   0
 270   50031070    0.000000   17.000000   6   5  31070   0
 271   50031071    0.000000   10.000000   6   5  31071   0
 272   50032060    0.000000  170.000000   6   5  32060   0
 273   50032061    0.000000  140.000000   6   5  32061   0
 274   50032062    0.000000  120.000000   6   5  32062   0
 275   50032063    0.000000  110.000000   6   5  32063   0
 276   50032064    0.000000   90.000000   6   5  32064   0
 277   50032065    0.000000   76.000000   6   5  32065   0
 278   50032066    0.000000   62.000000   6   5  32066   0
 279   50032067    0.000000   52.000000   6   5  32067   0
 280   50032068    0.000000   40.000000   6   5  32068   0
 281   50032069    0.000000   32.000000   6   5  32069   0
 282   50032070    0.000000   18.500000   6   5  32070   0
 283   50032071    0.000000   11.000000   6   5  32071   0
 284   50032072    0.000000    1.000000   6   5  32072   0
 
   p   ZAP IP   NR    Tp [MeV]
   1     1  1    1   10.750720
   2     0  2    1    1.000000
   3  1001  9    1    9.735736
   4  1002 31    1   16.811480
   5  1003 32    1   18.207900
   6  2003 33    1   19.500000
   7  2004 34    1    5.500000
--------------------------------------------------------------------------------
 
