 
--------------------------------------------------------------------------------
 32-Ge- 70   T= 0.00 K from IAEA/PD-2019       (ACEMAKER)
 ZAID= 32070.38u  MAT=3225  ZA= 32070
 AWR=  69.323570  STA=  0  ELIS=   0.000 MeV  LIS=  0  LISO=  0
--------------------------------------------------------------------------------
 NTOTR= 293 NTRAN=   1 NPROD= 292 NE=     138 EMAX= 200.000 MeV
   i     MT/MTD     Q [MeV]     T [MeV] LMF  MT    ZAP LFS
   1          5    0.000000    1.000000   3   5
   2   50012032    0.000000  180.000000   6   5  12032   0
   3   50013033    0.000000  160.000000   6   5  13033   0
   4   50013034    0.000000  180.000000   6   5  13034   0
   5   50013035    0.000000  180.000000   6   5  13035   0
   6   50014034    0.000000  140.000000   6   5  14034   0
   7   50014035    0.000000  160.000000   6   5  14035   0
   8   50014036    0.000000  160.000000   6   5  14036   0
   9   50014037    0.000000  180.000000   6   5  14037   0
  10   50014038    0.000000  180.000000   6   5  14038   0
  11   50015035    0.000000  140.000000   6   5  15035   0
  12   50015036    0.000000  140.000000   6   5  15036   0
  13   50015037    0.000000  140.000000   6   5  15037   0
  14   50015038    0.000000  150.000000   6   5  15038   0
  15   50015039    0.000000  150.000000   6   5  15039   0
  16   50015040    0.000000  180.000000   6   5  15040   0
  17   50015041    0.000000  180.000000   6   5  15041   0
  18   50016036    0.000000  130.000000   6   5  16036   0
  19   50016037    0.000000  130.000000   6   5  16037   0
  20   50016038    0.000000  130.000000   6   5  16038   0
  21   50016039    0.000000  130.000000   6   5  16039   0
  22   50016040    0.000000  130.000000   6   5  16040   0
  23   50016041    0.000000  150.000000   6   5  16041   0
  24   50016042    0.000000  150.000000   6   5  16042   0
  25   50016043    0.000000  180.000000   6   5  16043   0
  26   50016044    0.000000  180.000000   6   5  16044   0
  27   50017037    0.000000  130.000000   6   5  17037   0
  28   50017038    0.000000  130.000000   6   5  17038   0
  29   51017038    0.000000  130.000000   6   5  17038   1
  30   50017039    0.000000  130.000000   6   5  17039   0
  31   50017040    0.000000  120.000000   6   5  17040   0
  32   50017041    0.000000  120.000000   6   5  17041   0
  33   50017042    0.000000  130.000000   6   5  17042   0
  34   50017043    0.000000  130.000000   6   5  17043   0
  35   50017044    0.000000  150.000000   6   5  17044   0
  36   50017045    0.000000  150.000000   6   5  17045   0
  37   50017046    0.000000  180.000000   6   5  17046   0
  38   50017047    0.000000  180.000000   6   5  17047   0
  39   50018038    0.000000  140.000000   6   5  18038   0
  40   50018039    0.000000  130.000000   6   5  18039   0
  41   50018040    0.000000  120.000000   6   5  18040   0
  42   50018041    0.000000  110.000000   6   5  18041   0
  43   50018042    0.000000  110.000000   6   5  18042   0
  44   50018043    0.000000  110.000000   6   5  18043   0
  45   50018044    0.000000  110.000000   6   5  18044   0
  46   50018045    0.000000  130.000000   6   5  18045   0
  47   50018046    0.000000  130.000000   6   5  18046   0
  48   50018047    0.000000  150.000000   6   5  18047   0
  49   50018048    0.000000  150.000000   6   5  18048   0
  50   50018049    0.000000  180.000000   6   5  18049   0
  51   50018050    0.000000  190.000000   6   5  18050   0
  52   50019039    0.000000  140.000000   6   5  19039   0
  53   50019040    0.000000  130.000000   6   5  19040   0
  54   50019041    0.000000  120.000000   6   5  19041   0
  55   50019042    0.000000  110.000000   6   5  19042   0
  56   50019043    0.000000  110.000000   6   5  19043   0
  57   50019044    0.000000  100.000000   6   5  19044   0
  58   50019045    0.000000  100.000000   6   5  19045   0
  59   50019046    0.000000  100.000000   6   5  19046   0
  60   50019047    0.000000  110.000000   6   5  19047   0
  61   50019048    0.000000  130.000000   6   5  19048   0
  62   50019049    0.000000  130.000000   6   5  19049   0
  63   50019050    0.000000  150.000000   6   5  19050   0
  64   50019051    0.000000  160.000000   6   5  19051   0
  65   50019052    0.000000  190.000000   6   5  19052   0
  66   50020040    0.000000  150.000000   6   5  20040   0
  67   50020041    0.000000  140.000000   6   5  20041   0
  68   50020042    0.000000  120.000000   6   5  20042   0
  69   50020043    0.000000  110.000000   6   5  20043   0
  70   50020044    0.000000   95.000000   6   5  20044   0
  71   50020045    0.000000   85.000000   6   5  20045   0
  72   50020046    0.000000   80.000000   6   5  20046   0
  73   50020047    0.000000   80.000000   6   5  20047   0
  74   50020048    0.000000   90.000000   6   5  20048   0
  75   50020049    0.000000  100.000000   6   5  20049   0
  76   50020050    0.000000  110.000000   6   5  20050   0
  77   50020051    0.000000  130.000000   6   5  20051   0
  78   50020052    0.000000  130.000000   6   5  20052   0
  79   50020053    0.000000  160.000000   6   5  20053   0
  80   50020054    0.000000  170.000000   6   5  20054   0
  81   50021041    0.000000  150.000000   6   5  21041   0
  82   50021042    0.000000  140.000000   6   5  21042   0
  83   51021042    0.000000  140.000000   6   5  21042   1
  84   50021043    0.000000  120.000000   6   5  21043   0
  85   50021044    0.000000  110.000000   6   5  21044   0
  86   51021044    0.000000  110.000000   6   5  21044   1
  87   50021045    0.000000   95.000000   6   5  21045   0
  88   51021045    0.000000   95.000000   6   5  21045   1
  89   50021046    0.000000   85.000000   6   5  21046   0
  90   51021046    0.000000   85.000000   6   5  21046   1
  91   50021047    0.000000   80.000000   6   5  21047   0
  92   50021048    0.000000   80.000000   6   5  21048   0
  93   50021049    0.000000   76.000000   6   5  21049   0
  94   50021050    0.000000   80.000000   6   5  21050   0
  95   51021050    0.000000   80.000000   6   5  21050   1
  96   50021051    0.000000   90.000000   6   5  21051   0
  97   50021052    0.000000  100.000000   6   5  21052   0
  98   50021053    0.000000  110.000000   6   5  21053   0
  99   50021054    0.000000  130.000000   6   5  21054   0
 100   50021055    0.000000  140.000000   6   5  21055   0
 101   50021056    0.000000  170.000000   6   5  21056   0
 102   50021057    0.000000  170.000000   6   5  21057   0
 103   50022042    0.000000  170.000000   6   5  22042   0
 104   50022043    0.000000  150.000000   6   5  22043   0
 105   50022044    0.000000  130.000000   6   5  22044   0
 106   50022045    0.000000  120.000000   6   5  22045   0
 107   50022046    0.000000  100.000000   6   5  22046   0
 108   50022047    0.000000   90.000000   6   5  22047   0
 109   50022048    0.000000   74.000000   6   5  22048   0
 110   51022048    0.000000   74.000000   6   5  22048   1
 111   50022049    0.000000   66.000000   6   5  22049   0
 112   50022050    0.000000   58.000000   6   5  22050   0
 113   50022051    0.000000   64.000000   6   5  22051   0
 114   50022052    0.000000   74.000000   6   5  22052   0
 115   50022053    0.000000   80.000000   6   5  22053   0
 116   50022054    0.000000   90.000000   6   5  22054   0
 117   50022055    0.000000  100.000000   6   5  22055   0
 118   50022056    0.000000  110.000000   6   5  22056   0
 119   50022057    0.000000  140.000000   6   5  22057   0
 120   50022058    0.000000  140.000000   6   5  22058   0
 121   50022059    0.000000  170.000000   6   5  22059   0
 122   50023043    0.000000  180.000000   6   5  23043   0
 123   50023044    0.000000  160.000000   6   5  23044   0
 124   51023044    0.000000  160.000000   6   5  23044   1
 125   50023045    0.000000  140.000000   6   5  23045   0
 126   50023046    0.000000  120.000000   6   5  23046   0
 127   50023047    0.000000  110.000000   6   5  23047   0
 128   50023048    0.000000   95.000000   6   5  23048   0
 129   50023049    0.000000   80.000000   6   5  23049   0
 130   50023050    0.000000   70.000000   6   5  23050   0
 131   50023051    0.000000   60.000000   6   5  23051   0
 132   50023052    0.000000   58.000000   6   5  23052   0
 133   50023053    0.000000   56.000000   6   5  23053   0
 134   50023054    0.000000   66.000000   6   5  23054   0
 135   50023055    0.000000   74.000000   6   5  23055   0
 136   50023056    0.000000   85.000000   6   5  23056   0
 137   50023057    0.000000   95.000000   6   5  23057   0
 138   50023058    0.000000  100.000000   6   5  23058   0
 139   50023059    0.000000  120.000000   6   5  23059   0
 140   50023060    0.000000  140.000000   6   5  23060   0
 141   51023060    0.000000  140.000000   6   5  23060   1
 142   50024045    0.000000  180.000000   6   5  24045   0
 143   50024046    0.000000  150.000000   6   5  24046   0
 144   50024047    0.000000  130.000000   6   5  24047   0
 145   50024048    0.000000  120.000000   6   5  24048   0
 146   50024049    0.000000  100.000000   6   5  24049   0
 147   50024050    0.000000   85.000000   6   5  24050   0
 148   50024051    0.000000   70.000000   6   5  24051   0
 149   50024052    0.000000   58.000000   6   5  24052   0
 150   50024053    0.000000   48.000000   6   5  24053   0
 151   50024054    0.000000   40.000000   6   5  24054   0
 152   50024055    0.000000   50.000000   6   5  24055   0
 153   50024056    0.000000   54.000000   6   5  24056   0
 154   50024057    0.000000   64.000000   6   5  24057   0
 155   50024058    0.000000   74.000000   6   5  24058   0
 156   50024059    0.000000   85.000000   6   5  24059   0
 157   50024060    0.000000   95.000000   6   5  24060   0
 158   50024061    0.000000  110.000000   6   5  24061   0
 159   50024062    0.000000  170.000000   6   5  24062   0
 160   50025046    0.000000  180.000000   6   5  25046   0
 161   50025047    0.000000  160.000000   6   5  25047   0
 162   50025048    0.000000  140.000000   6   5  25048   0
 163   50025049    0.000000  120.000000   6   5  25049   0
 164   50025050    0.000000  110.000000   6   5  25050   0
 165   51025050    0.000000  110.000000   6   5  25050   1
 166   50025051    0.000000   90.000000   6   5  25051   0
 167   50025052    0.000000   80.000000   6   5  25052   0
 168   51025052    0.000000   80.000000   6   5  25052   1
 169   50025053    0.000000   66.000000   6   5  25053   0
 170   50025054    0.000000   56.000000   6   5  25054   0
 171   50025055    0.000000   46.000000   6   5  25055   0
 172   50025056    0.000000   44.000000   6   5  25056   0
 173   50025057    0.000000   38.000000   6   5  25057   0
 174   50025058    0.000000   52.000000   6   5  25058   0
 175   51025058    0.000000   52.000000   6   5  25058   1
 176   50025059    0.000000   54.000000   6   5  25059   0
 177   50025060    0.000000   66.000000   6   5  25060   0
 178   51025060    0.000000   66.000000   6   5  25060   1
 179   50025061    0.000000   74.000000   6   5  25061   0
 180   50025062    0.000000   85.000000   6   5  25062   0
 181   50025063    0.000000  110.000000   6   5  25063   0
 182   50026048    0.000000  180.000000   6   5  26048   0
 183   50026049    0.000000  160.000000   6   5  26049   0
 184   50026050    0.000000  140.000000   6   5  26050   0
 185   50026051    0.000000  120.000000   6   5  26051   0
 186   50026052    0.000000  100.000000   6   5  26052   0
 187   50026053    0.000000   85.000000   6   5  26053   0
 188   51026053    0.000000   85.000000   6   5  26053   1
 189   50026054    0.000000   68.000000   6   5  26054   0
 190   50026055    0.000000   54.000000   6   5  26055   0
 191   50026056    0.000000   42.000000   6   5  26056   0
 192   50026057    0.000000   32.000000   6   5  26057   0
 193   50026058    0.000000   22.000000   6   5  26058   0
 194   50026059    0.000000   36.000000   6   5  26059   0
 195   50026060    0.000000   36.000000   6   5  26060   0
 196   50026061    0.000000   50.000000   6   5  26061   0
 197   50026062    0.000000   50.000000   6   5  26062   0
 198   50026063    0.000000   66.000000   6   5  26063   0
 199   50026064    0.000000   74.000000   6   5  26064   0
 200   50027049    0.000000  190.000000   6   5  27049   0
 201   50027050    0.000000  170.000000   6   5  27050   0
 202   50027051    0.000000  150.000000   6   5  27051   0
 203   50027052    0.000000  130.000000   6   5  27052   0
 204   50027053    0.000000  110.000000   6   5  27053   0
 205   50027054    0.000000   95.000000   6   5  27054   0
 206   51027054    0.000000   95.000000   6   5  27054   1
 207   50027055    0.000000   78.000000   6   5  27055   0
 208   50027056    0.000000   66.000000   6   5  27056   0
 209   50027057    0.000000   54.000000   6   5  27057   0
 210   50027058    0.000000   44.000000   6   5  27058   0
 211   51027058    0.000000   44.000000   6   5  27058   1
 212   50027059    0.000000   34.000000   6   5  27059   0
 213   50027060    0.000000   32.000000   6   5  27060   0
 214   51027060    0.000000   32.000000   6   5  27060   1
 215   50027061    0.000000   24.000000   6   5  27061   0
 216   50027062    0.000000   38.000000   6   5  27062   0
 217   51027062    0.000000   38.000000   6   5  27062   1
 218   50027063    0.000000   38.000000   6   5  27063   0
 219   50027064    0.000000   52.000000   6   5  27064   0
 220   50027065    0.000000   52.000000   6   5  27065   0
 221   50028051    0.000000  190.000000   6   5  28051   0
 222   50028052    0.000000  160.000000   6   5  28052   0
 223   50028053    0.000000  140.000000   6   5  28053   0
 224   50028054    0.000000  120.000000   6   5  28054   0
 225   50028055    0.000000  100.000000   6   5  28055   0
 226   50028056    0.000000   85.000000   6   5  28056   0
 227   50028057    0.000000   68.000000   6   5  28057   0
 228   50028058    0.000000   54.000000   6   5  28058   0
 229   50028059    0.000000   42.000000   6   5  28059   0
 230   50028060    0.000000   32.000000   6   5  28060   0
 231   50028061    0.000000   22.000000   6   5  28061   0
 232   50028062    0.000000   11.000000   6   5  28062   0
 233   50028063    0.000000   25.000000   6   5  28063   0
 234   50028064    0.000000   23.000000   6   5  28064   0
 235   50028065    0.000000   38.000000   6   5  28065   0
 236   50028066    0.000000   36.000000   6   5  28066   0
 237   50029053    0.000000  180.000000   6   5  29053   0
 238   50029054    0.000000  160.000000   6   5  29054   0
 239   50029055    0.000000  140.000000   6   5  29055   0
 240   50029056    0.000000  120.000000   6   5  29056   0
 241   50029057    0.000000  100.000000   6   5  29057   0
 242   50029058    0.000000   85.000000   6   5  29058   0
 243   50029059    0.000000   68.000000   6   5  29059   0
 244   50029060    0.000000   58.000000   6   5  29060   0
 245   50029061    0.000000   46.000000   6   5  29061   0
 246   50029062    0.000000   36.000000   6   5  29062   0
 247   50029063    0.000000   24.000000   6   5  29063   0
 248   50029064    0.000000   23.000000   6   5  29064   0
 249   50029065    0.000000   14.500000   6   5  29065   0
 250   50029066    0.000000   28.000000   6   5  29066   0
 251   50029067    0.000000   27.000000   6   5  29067   0
 252   50030055    0.000000  180.000000   6   5  30055   0
 253   50030056    0.000000  150.000000   6   5  30056   0
 254   50030057    0.000000  130.000000   6   5  30057   0
 255   50030058    0.000000  110.000000   6   5  30058   0
 256   50030059    0.000000   90.000000   6   5  30059   0
 257   50030060    0.000000   72.000000   6   5  30060   0
 258   50030061    0.000000   60.000000   6   5  30061   0
 259   51030061    0.000000   60.000000   6   5  30061   1
 260   52030061    0.000000   60.000000   6   5  30061   2
 261   53030061    0.000000   62.000000   6   5  30061   3
 262   50030062    0.000000   46.000000   6   5  30062   0
 263   50030063    0.000000   38.000000   6   5  30063   0
 264   50030064    0.000000   24.000000   6   5  30064   0
 265   50030065    0.000000   16.000000   6   5  30065   0
 266   50030066    0.000000    5.000000   6   5  30066   0
 267   50030067    0.000000   18.500000   6   5  30067   0
 268   50030068    0.000000   15.500000   6   5  30068   0
 269   50031057    0.000000  170.000000   6   5  31057   0
 270   50031058    0.000000  150.000000   6   5  31058   0
 271   50031059    0.000000  130.000000   6   5  31059   0
 272   50031060    0.000000  110.000000   6   5  31060   0
 273   50031061    0.000000   90.000000   6   5  31061   0
 274   50031062    0.000000   78.000000   6   5  31062   0
 275   50031063    0.000000   64.000000   6   5  31063   0
 276   50031064    0.000000   52.000000   6   5  31064   0
 277   50031065    0.000000   40.000000   6   5  31065   0
 278   50031066    0.000000   32.000000   6   5  31066   0
 279   50031067    0.000000   19.000000   6   5  31067   0
 280   50031068    0.000000   17.000000   6   5  31068   0
 281   50031069    0.000000    9.000000   6   5  31069   0
 282   50032059    0.000000  170.000000   6   5  32059   0
 283   50032060    0.000000  140.000000   6   5  32060   0
 284   50032061    0.000000  120.000000   6   5  32061   0
 285   50032062    0.000000  100.000000   6   5  32062   0
 286   50032063    0.000000   85.000000   6   5  32063   0
 287   50032064    0.000000   68.000000   6   5  32064   0
 288   50032065    0.000000   56.000000   6   5  32065   0
 289   50032066    0.000000   44.000000   6   5  32066   0
 290   50032067    0.000000   34.000000   6   5  32067   0
 291   50032068    0.000000   20.000000   6   5  32068   0
 292   50032069    0.000000   12.000000   6   5  32069   0
 293   50032070    0.000000    1.000000   6   5  32070   0
 
   p   ZAP IP   NR    Tp [MeV]
   1     1  1    1   11.532530
   2     0  2    1    1.000000
   3  1001  9    1    8.523038
   4  1002 31    1   16.611610
   5  1003 32    1   18.632640
   6  2003 33    1   18.000000
   7  2004 34    1    4.500000
--------------------------------------------------------------------------------
 
