 
--------------------------------------------------------------------------------
 33-As- 75   T= 0.00 K from IAEA/PD-2019       (ACEMAKER)
 ZAID= 33075.38u  MAT=3325  ZA= 33075
 AWR=  74.277980  STA=  0  ELIS=   0.000 MeV  LIS=  0  LISO=  0
--------------------------------------------------------------------------------
 NTOTR= 112 NTRAN=   1 NPROD= 111 NE=      88 EMAX= 200.000 MeV
   i     MT/MTD     Q [MeV]     T [MeV] LMF  MT    ZAP LFS
   1          5    0.000000    1.000000   3   5
   2   50023046    0.000000  150.000000   6   5  23046   0
   3   50023047    0.000000  140.000000   6   5  23047   0
   4   50023048    0.000000  130.000000   6   5  23048   0
   5   50023049    0.000000  130.000000   6   5  23049   0
   6   50023050    0.000000  130.000000   6   5  23050   0
   7   50023051    0.000000  130.000000   6   5  23051   0
   8   50023052    0.000000  130.000000   6   5  23052   0
   9   50023053    0.000000  130.000000   6   5  23053   0
  10   50024048    0.000000  140.000000   6   5  24048   0
  11   50024049    0.000000  130.000000   6   5  24049   0
  12   50024050    0.000000  130.000000   6   5  24050   0
  13   50024051    0.000000  130.000000   6   5  24051   0
  14   50024052    0.000000  130.000000   6   5  24052   0
  15   50024053    0.000000  130.000000   6   5  24053   0
  16   50024054    0.000000  130.000000   6   5  24054   0
  17   50024055    0.000000  130.000000   6   5  24055   0
  18   50025050    0.000000  150.000000   6   5  25050   0
  19   51025050    0.000000  150.000000   6   5  25050   1
  20   50025051    0.000000  130.000000   6   5  25051   0
  21   50025052    0.000000  120.000000   6   5  25052   0
  22   51025052    0.000000  120.000000   6   5  25052   1
  23   50025053    0.000000  120.000000   6   5  25053   0
  24   50025054    0.000000  120.000000   6   5  25054   0
  25   50025055    0.000000  120.000000   6   5  25055   0
  26   50025056    0.000000  120.000000   6   5  25056   0
  27   50025057    0.000000  120.000000   6   5  25057   0
  28   50026052    0.000000  140.000000   6   5  26052   0
  29   60026052    0.000000  140.000000   6   5  26052  10
  30   50026053    0.000000  130.000000   6   5  26053   0
  31   72026053    0.000000  130.000000   6   5  26053  22
  32   50026054    0.000000  120.000000   6   5  26054   0
  33   50026055    0.000000  120.000000   6   5  26055   0
  34   50026056    0.000000  110.000000   6   5  26056   0
  35   50026057    0.000000  110.000000   6   5  26057   0
  36   50026058    0.000000  110.000000   6   5  26058   0
  37   50026059    0.000000  110.000000   6   5  26059   0
  38   50026060    0.000000  120.000000   6   5  26060   0
  39   50027054    0.000000  150.000000   6   5  27054   0
  40   51027054    0.000000  150.000000   6   5  27054   1
  41   50027055    0.000000  120.000000   6   5  27055   0
  42   50027056    0.000000  110.000000   6   5  27056   0
  43   50027057    0.000000  110.000000   6   5  27057   0
  44   50027058    0.000000  100.000000   6   5  27058   0
  45   51027058    0.000000  100.000000   6   5  27058   1
  46   50027059    0.000000  100.000000   6   5  27059   0
  47   50027060    0.000000  100.000000   6   5  27060   0
  48   51027060    0.000000  100.000000   6   5  27060   1
  49   50027061    0.000000  100.000000   6   5  27061   0
  50   50027062    0.000000  100.000000   6   5  27062   0
  51   51027062    0.000000  100.000000   6   5  27062   1
  52   50028057    0.000000  120.000000   6   5  28057   0
  53   50028058    0.000000  100.000000   6   5  28058   0
  54   50028059    0.000000   95.000000   6   5  28059   0
  55   50028060    0.000000   85.000000   6   5  28060   0
  56   50028061    0.000000   80.000000   6   5  28061   0
  57   50028062    0.000000   76.000000   6   5  28062   0
  58   50028063    0.000000   78.000000   6   5  28063   0
  59   50028064    0.000000   78.000000   6   5  28064   0
  60   50028065    0.000000   78.000000   6   5  28065   0
  61   50029059    0.000000  110.000000   6   5  29059   0
  62   50029060    0.000000  100.000000   6   5  29060   0
  63   50029061    0.000000   80.000000   6   5  29061   0
  64   50029062    0.000000   74.000000   6   5  29062   0
  65   50029063    0.000000   66.000000   6   5  29063   0
  66   50029064    0.000000   56.000000   6   5  29064   0
  67   50029065    0.000000   46.000000   6   5  29065   0
  68   50029066    0.000000   38.000000   6   5  29066   0
  69   50029067    0.000000   34.000000   6   5  29067   0
  70   50029068    0.000000   66.000000   6   5  29068   0
  71   53029068    0.000000   66.000000   6   5  29068   3
  72   50030061    0.000000  110.000000   6   5  30061   0
  73   50030062    0.000000   95.000000   6   5  30062   0
  74   50030063    0.000000   80.000000   6   5  30063   0
  75   50030064    0.000000   72.000000   6   5  30064   0
  76   50030065    0.000000   62.000000   6   5  30065   0
  77   50030066    0.000000   50.000000   6   5  30066   0
  78   50030067    0.000000   46.000000   6   5  30067   0
  79   50030068    0.000000   40.000000   6   5  30068   0
  80   50030069    0.000000   34.000000   6   5  30069   0
  81   51030069    0.000000   34.000000   6   5  30069   1
  82   50030070    0.000000   28.000000   6   5  30070   0
  83   50030071    0.000000   78.000000   6   5  30071   0
  84   51030071    0.000000   78.000000   6   5  30071   1
  85   50031063    0.000000  100.000000   6   5  31063   0
  86   50031064    0.000000   95.000000   6   5  31064   0
  87   50031065    0.000000   74.000000   6   5  31065   0
  88   50031066    0.000000   62.000000   6   5  31066   0
  89   50031067    0.000000   48.000000   6   5  31067   0
  90   50031068    0.000000   40.000000   6   5  31068   0
  91   50031069    0.000000   29.000000   6   5  31069   0
  92   50031070    0.000000   20.000000   6   5  31070   0
  93   50031071    0.000000   10.500000   6   5  31071   0
  94   50031072    0.000000   38.000000   6   5  31072   0
  95   50031073    0.000000   32.000000   6   5  31073   0
  96   50032066    0.000000   85.000000   6   5  32066   0
  97   50032067    0.000000   74.000000   6   5  32067   0
  98   50032068    0.000000   58.000000   6   5  32068   0
  99   50032069    0.000000   50.000000   6   5  32069   0
 100   50032070    0.000000   38.000000   6   5  32070   0
 101   50032071    0.000000   30.000000   6   5  32071   0
 102   50032072    0.000000   21.000000   6   5  32072   0
 103   50032073    0.000000   18.500000   6   5  32073   0
 104   50032074    0.000000    8.000000   6   5  32074   0
 105   50033068    0.000000  150.000000   6   5  33068   0
 106   50033069    0.000000   68.000000   6   5  33069   0
 107   50033070    0.000000   50.000000   6   5  33070   0
 108   50033071    0.000000   36.000000   6   5  33071   0
 109   50033072    0.000000   29.000000   6   5  33072   0
 110   50033073    0.000000   18.000000   6   5  33073   0
 111   50033074    0.000000   10.000000   6   5  33074   0
 112   50033075    0.000000    1.000000   6   5  33075   0
 
   p   ZAP IP   NR    Tp [MeV]
   1     1  1    1   10.000000
   2     0  2    1    1.000000
   3  1001  9    1    7.500000
   4  1002 31    1   15.500000
   5  1003 32    1   16.500000
   6  2003 33    1   22.000000
   7  2004 34    1    9.000000
--------------------------------------------------------------------------------
 
