 
--------------------------------------------------------------------------------
 34-Se- 80   T= 0.00 K from IAEA/PD-2019       (ACEMAKER)
 ZAID= 34080.38u  MAT=3443  ZA= 34080
 AWR=  79.230000  STA=  0  ELIS=   0.000 MeV  LIS=  0  LISO=  0
--------------------------------------------------------------------------------
 NTOTR= 113 NTRAN=   1 NPROD= 112 NE=      88 EMAX= 200.000 MeV
   i     MT/MTD     Q [MeV]     T [MeV] LMF  MT    ZAP LFS
   1          5    0.000000    1.000000   3   5
   2   50024050    0.000000  150.000000   6   5  24050   0
   3   50024051    0.000000  140.000000   6   5  24051   0
   4   50024052    0.000000  140.000000   6   5  24052   0
   5   50024053    0.000000  150.000000   6   5  24053   0
   6   50024054    0.000000  150.000000   6   5  24054   0
   7   50025051    0.000000  150.000000   6   5  25051   0
   8   50025052    0.000000  140.000000   6   5  25052   0
   9   51025052    0.000000  140.000000   6   5  25052   1
  10   50025053    0.000000  140.000000   6   5  25053   0
  11   50025054    0.000000  140.000000   6   5  25054   0
  12   50025055    0.000000  140.000000   6   5  25055   0
  13   50025056    0.000000  140.000000   6   5  25056   0
  14   50026053    0.000000  140.000000   6   5  26053   0
  15   72026053    0.000000  140.000000   6   5  26053  22
  16   50026054    0.000000  140.000000   6   5  26054   0
  17   50026055    0.000000  130.000000   6   5  26055   0
  18   50026056    0.000000  130.000000   6   5  26056   0
  19   50026057    0.000000  130.000000   6   5  26057   0
  20   50026058    0.000000  130.000000   6   5  26058   0
  21   50027054    0.000000  150.000000   6   5  27054   0
  22   51027054    0.000000  150.000000   6   5  27054   1
  23   50027055    0.000000  140.000000   6   5  27055   0
  24   50027056    0.000000  130.000000   6   5  27056   0
  25   50027057    0.000000  120.000000   6   5  27057   0
  26   50027058    0.000000  120.000000   6   5  27058   0
  27   51027058    0.000000  120.000000   6   5  27058   1
  28   50027059    0.000000  120.000000   6   5  27059   0
  29   50027060    0.000000  120.000000   6   5  27060   0
  30   51027060    0.000000  120.000000   6   5  27060   1
  31   50027061    0.000000  120.000000   6   5  27061   0
  32   50028057    0.000000  140.000000   6   5  28057   0
  33   50028058    0.000000  120.000000   6   5  28058   0
  34   50028059    0.000000  120.000000   6   5  28059   0
  35   50028060    0.000000  110.000000   6   5  28060   0
  36   50028061    0.000000  110.000000   6   5  28061   0
  37   50028062    0.000000  110.000000   6   5  28062   0
  38   50028063    0.000000  110.000000   6   5  28063   0
  39   50028064    0.000000  110.000000   6   5  28064   0
  40   50029059    0.000000  130.000000   6   5  29059   0
  41   50029060    0.000000  120.000000   6   5  29060   0
  42   50029061    0.000000  110.000000   6   5  29061   0
  43   50029062    0.000000  100.000000   6   5  29062   0
  44   50029063    0.000000  100.000000   6   5  29063   0
  45   50029064    0.000000   95.000000   6   5  29064   0
  46   50029065    0.000000   95.000000   6   5  29065   0
  47   50029066    0.000000   95.000000   6   5  29066   0
  48   50029067    0.000000   95.000000   6   5  29067   0
  49   50030061    0.000000  130.000000   6   5  30061   0
  50   50030062    0.000000  110.000000   6   5  30062   0
  51   50030063    0.000000  100.000000   6   5  30063   0
  52   50030064    0.000000   90.000000   6   5  30064   0
  53   50030065    0.000000   85.000000   6   5  30065   0
  54   50030066    0.000000   78.000000   6   5  30066   0
  55   50030067    0.000000   74.000000   6   5  30067   0
  56   50030068    0.000000   66.000000   6   5  30068   0
  57   50030069    0.000000   60.000000   6   5  30069   0
  58   51030069    0.000000   60.000000   6   5  30069   1
  59   50030070    0.000000   56.000000   6   5  30070   0
  60   50031063    0.000000  130.000000   6   5  31063   0
  61   50031064    0.000000  120.000000   6   5  31064   0
  62   50031065    0.000000  100.000000   6   5  31065   0
  63   50031066    0.000000   90.000000   6   5  31066   0
  64   50031067    0.000000   85.000000   6   5  31067   0
  65   50031068    0.000000   80.000000   6   5  31068   0
  66   50031069    0.000000   74.000000   6   5  31069   0
  67   50031070    0.000000   68.000000   6   5  31070   0
  68   50031071    0.000000   62.000000   6   5  31071   0
  69   50031072    0.000000   56.000000   6   5  31072   0
  70   50031073    0.000000   50.000000   6   5  31073   0
  71   50031074    0.000000   44.000000   6   5  31074   0
  72   52031074    0.000000   44.000000   6   5  31074   2
  73   50031075    0.000000   44.000000   6   5  31075   0
  74   50032066    0.000000  100.000000   6   5  32066   0
  75   50032067    0.000000   90.000000   6   5  32067   0
  76   50032068    0.000000   80.000000   6   5  32068   0
  77   50032069    0.000000   72.000000   6   5  32069   0
  78   50032070    0.000000   64.000000   6   5  32070   0
  79   50032071    0.000000   56.000000   6   5  32071   0
  80   50032072    0.000000   48.000000   6   5  32072   0
  81   50032073    0.000000   40.000000   6   5  32073   0
  82   50032074    0.000000   30.000000   6   5  32074   0
  83   50032075    0.000000   23.000000   6   5  32075   0
  84   52032075    0.000000   23.000000   6   5  32075   2
  85   50032076    0.000000   14.000000   6   5  32076   0
  86   50032077    0.000000   42.000000   6   5  32077   0
  87   51032077    0.000000   42.000000   6   5  32077   1
  88   50032078    0.000000   42.000000   6   5  32078   0
  89   50033068    0.000000  110.000000   6   5  33068   0
  90   50033069    0.000000   95.000000   6   5  33069   0
  91   50033070    0.000000   85.000000   6   5  33070   0
  92   50033071    0.000000   78.000000   6   5  33071   0
  93   50033072    0.000000   68.000000   6   5  33072   0
  94   50033073    0.000000   58.000000   6   5  33073   0
  95   50033074    0.000000   50.000000   6   5  33074   0
  96   50033075    0.000000   40.000000   6   5  33075   0
  97   50033076    0.000000   32.000000   6   5  33076   0
  98   50033077    0.000000   28.000000   6   5  33077   0
  99   50033078    0.000000   22.000000   6   5  33078   0
 100   50033079    0.000000   13.500000   6   5  33079   0
 101   50034071    0.000000   95.000000   6   5  34071   0
 102   50034072    0.000000   78.000000   6   5  34072   0
 103   50034073    0.000000   68.000000   6   5  34073   0
 104   51034073    0.000000   68.000000   6   5  34073   1
 105   50034074    0.000000   54.000000   6   5  34074   0
 106   50034075    0.000000   46.000000   6   5  34075   0
 107   50034076    0.000000   34.000000   6   5  34076   0
 108   50034077    0.000000   27.000000   6   5  34077   0
 109   51034077    0.000000   27.000000   6   5  34077   1
 110   50034078    0.000000   16.500000   6   5  34078   0
 111   50034079    0.000000    9.500000   6   5  34079   0
 112   51034079    0.000000   10.000000   6   5  34079   1
 113   50034080    0.000000    1.000000   6   5  34080   0
 
   p   ZAP IP   NR    Tp [MeV]
   1     1  1    1    9.500000
   2     0  2    1    1.000000
   3  1001  9    1   12.000000
   4  1002 31    1   19.000000
   5  1003 32    1   20.000000
   6  2003 33    1   25.000000
   7  2004 34    1   10.500000
--------------------------------------------------------------------------------
 
