 
--------------------------------------------------------------------------------
 38-Sr- 90   T= 0.00 K from IAEA/PD-2019       (ACEMAKER)
 ZAID= 38090.38u  MAT=3843  ZA= 38090
 AWR=  89.135380  STA=  1  ELIS=   0.000 MeV  LIS=  0  LISO=  0
--------------------------------------------------------------------------------
 NTOTR= 304 NTRAN=   1 NPROD= 303 NE=     133 EMAX= 200.000 MeV
   i     MT/MTD     Q [MeV]     T [MeV] LMF  MT    ZAP LFS
   1          5    0.000000    1.000000   3   5
   2   50020054    0.000000  180.000000   6   5  20054   0
   3   50021055    0.000000  180.000000   6   5  21055   0
   4   50021056    0.000000  180.000000   6   5  21056   0
   5   50021057    0.000000  180.000000   6   5  21057   0
   6   50022056    0.000000  150.000000   6   5  22056   0
   7   50022057    0.000000  150.000000   6   5  22057   0
   8   50022058    0.000000  150.000000   6   5  22058   0
   9   50022059    0.000000  170.000000   6   5  22059   0
  10   50022060    0.000000  170.000000   6   5  22060   0
  11   50023057    0.000000  150.000000   6   5  23057   0
  12   50023058    0.000000  150.000000   6   5  23058   0
  13   50023059    0.000000  150.000000   6   5  23059   0
  14   50023060    0.000000  150.000000   6   5  23060   0
  15   51023060    0.000000  150.000000   6   5  23060   1
  16   50023061    0.000000  150.000000   6   5  23061   0
  17   50023062    0.000000  170.000000   6   5  23062   0
  18   50023063    0.000000  170.000000   6   5  23063   0
  19   50024058    0.000000  140.000000   6   5  24058   0
  20   50024059    0.000000  130.000000   6   5  24059   0
  21   50024060    0.000000  130.000000   6   5  24060   0
  22   50024061    0.000000  130.000000   6   5  24061   0
  23   50024062    0.000000  130.000000   6   5  24062   0
  24   50024063    0.000000  140.000000   6   5  24063   0
  25   50024064    0.000000  140.000000   6   5  24064   0
  26   50024065    0.000000  170.000000   6   5  24065   0
  27   50024066    0.000000  170.000000   6   5  24066   0
  28   50025059    0.000000  140.000000   6   5  25059   0
  29   50025060    0.000000  130.000000   6   5  25060   0
  30   51025060    0.000000  130.000000   6   5  25060   1
  31   50025061    0.000000  130.000000   6   5  25061   0
  32   50025062    0.000000  130.000000   6   5  25062   0
  33   50025063    0.000000  130.000000   6   5  25063   0
  34   50025064    0.000000  130.000000   6   5  25064   0
  35   50025065    0.000000  130.000000   6   5  25065   0
  36   50025066    0.000000  140.000000   6   5  25066   0
  37   50025067    0.000000  140.000000   6   5  25067   0
  38   50025068    0.000000  170.000000   6   5  25068   0
  39   50025069    0.000000  170.000000   6   5  25069   0
  40   50026060    0.000000  140.000000   6   5  26060   0
  41   50026061    0.000000  130.000000   6   5  26061   0
  42   50026062    0.000000  120.000000   6   5  26062   0
  43   50026063    0.000000  110.000000   6   5  26063   0
  44   50026064    0.000000  110.000000   6   5  26064   0
  45   50026065    0.000000  100.000000   6   5  26065   0
  46   50026066    0.000000  110.000000   6   5  26066   0
  47   50026067    0.000000  120.000000   6   5  26067   0
  48   50026068    0.000000  120.000000   6   5  26068   0
  49   50026069    0.000000  140.000000   6   5  26069   0
  50   50026070    0.000000  140.000000   6   5  26070   0
  51   50026071    0.000000  170.000000   6   5  26071   0
  52   50026072    0.000000  170.000000   6   5  26072   0
  53   50027061    0.000000  140.000000   6   5  27061   0
  54   50027062    0.000000  130.000000   6   5  27062   0
  55   51027062    0.000000  130.000000   6   5  27062   1
  56   50027063    0.000000  120.000000   6   5  27063   0
  57   50027064    0.000000  110.000000   6   5  27064   0
  58   50027065    0.000000  110.000000   6   5  27065   0
  59   50027066    0.000000  100.000000   6   5  27066   0
  60   50027067    0.000000  100.000000   6   5  27067   0
  61   50027068    0.000000  100.000000   6   5  27068   0
  62   51027068    0.000000  100.000000   6   5  27068   1
  63   50027069    0.000000  100.000000   6   5  27069   0
  64   50027070    0.000000  110.000000   6   5  27070   0
  65   51027070    0.000000  110.000000   6   5  27070   1
  66   50027071    0.000000  120.000000   6   5  27071   0
  67   50027072    0.000000  140.000000   6   5  27072   0
  68   50027073    0.000000  140.000000   6   5  27073   0
  69   50027074    0.000000  170.000000   6   5  27074   0
  70   50027075    0.000000  180.000000   6   5  27075   0
  71   50028062    0.000000  140.000000   6   5  28062   0
  72   50028063    0.000000  130.000000   6   5  28063   0
  73   50028064    0.000000  120.000000   6   5  28064   0
  74   50028065    0.000000  110.000000   6   5  28065   0
  75   50028066    0.000000  100.000000   6   5  28066   0
  76   50028067    0.000000   95.000000   6   5  28067   0
  77   50028068    0.000000   85.000000   6   5  28068   0
  78   50028069    0.000000   76.000000   6   5  28069   0
  79   50028070    0.000000   78.000000   6   5  28070   0
  80   50028071    0.000000   80.000000   6   5  28071   0
  81   50028072    0.000000   95.000000   6   5  28072   0
  82   50028073    0.000000  110.000000   6   5  28073   0
  83   50028074    0.000000  110.000000   6   5  28074   0
  84   50028075    0.000000  140.000000   6   5  28075   0
  85   50028076    0.000000  140.000000   6   5  28076   0
  86   50028077    0.000000  180.000000   6   5  28077   0
  87   50028078    0.000000  190.000000   6   5  28078   0
  88   50029063    0.000000  140.000000   6   5  29063   0
  89   50029064    0.000000  130.000000   6   5  29064   0
  90   50029065    0.000000  120.000000   6   5  29065   0
  91   50029066    0.000000  110.000000   6   5  29066   0
  92   50029067    0.000000  100.000000   6   5  29067   0
  93   50029068    0.000000   95.000000   6   5  29068   0
  94   51029068    0.000000   95.000000   6   5  29068   1
  95   50029069    0.000000   85.000000   6   5  29069   0
  96   50029070    0.000000   78.000000   6   5  29070   0
  97   51029070    0.000000   78.000000   6   5  29070   1
  98   50029071    0.000000   76.000000   6   5  29071   0
  99   50029072    0.000000   74.000000   6   5  29072   0
 100   50029073    0.000000   74.000000   6   5  29073   0
 101   50029074    0.000000   80.000000   6   5  29074   0
 102   50029075    0.000000   95.000000   6   5  29075   0
 103   50029076    0.000000  110.000000   6   5  29076   0
 104   51029076    0.000000  110.000000   6   5  29076   1
 105   50029077    0.000000  120.000000   6   5  29077   0
 106   50029078    0.000000  140.000000   6   5  29078   0
 107   50029079    0.000000  150.000000   6   5  29079   0
 108   50029080    0.000000  190.000000   6   5  29080   0
 109   50030064    0.000000  150.000000   6   5  30064   0
 110   50030065    0.000000  140.000000   6   5  30065   0
 111   50030066    0.000000  130.000000   6   5  30066   0
 112   50030067    0.000000  120.000000   6   5  30067   0
 113   50030068    0.000000  110.000000   6   5  30068   0
 114   50030069    0.000000   95.000000   6   5  30069   0
 115   51030069    0.000000   95.000000   6   5  30069   1
 116   50030070    0.000000   85.000000   6   5  30070   0
 117   50030071    0.000000   72.000000   6   5  30071   0
 118   51030071    0.000000   72.000000   6   5  30071   1
 119   50030072    0.000000   64.000000   6   5  30072   0
 120   50030073    0.000000   56.000000   6   5  30073   0
 121   50030074    0.000000   52.000000   6   5  30074   0
 122   50030075    0.000000   64.000000   6   5  30075   0
 123   50030076    0.000000   72.000000   6   5  30076   0
 124   50030077    0.000000   80.000000   6   5  30077   0
 125   51030077    0.000000   80.000000   6   5  30077   1
 126   50030078    0.000000   90.000000   6   5  30078   0
 127   50030079    0.000000  110.000000   6   5  30079   0
 128   50030080    0.000000  120.000000   6   5  30080   0
 129   50030081    0.000000  150.000000   6   5  30081   0
 130   50031065    0.000000  160.000000   6   5  31065   0
 131   50031066    0.000000  140.000000   6   5  31066   0
 132   50031067    0.000000  130.000000   6   5  31067   0
 133   50031068    0.000000  120.000000   6   5  31068   0
 134   50031069    0.000000  110.000000   6   5  31069   0
 135   50031070    0.000000  100.000000   6   5  31070   0
 136   50031071    0.000000   90.000000   6   5  31071   0
 137   50031072    0.000000   80.000000   6   5  31072   0
 138   50031073    0.000000   70.000000   6   5  31073   0
 139   50031074    0.000000   62.000000   6   5  31074   0
 140   50031075    0.000000   54.000000   6   5  31075   0
 141   50031076    0.000000   54.000000   6   5  31076   0
 142   50031077    0.000000   50.000000   6   5  31077   0
 143   50031078    0.000000   62.000000   6   5  31078   0
 144   50031079    0.000000   72.000000   6   5  31079   0
 145   50031080    0.000000   80.000000   6   5  31080   0
 146   50031081    0.000000   95.000000   6   5  31081   0
 147   50031082    0.000000  120.000000   6   5  31082   0
 148   50032066    0.000000  170.000000   6   5  32066   0
 149   50032067    0.000000  150.000000   6   5  32067   0
 150   50032068    0.000000  140.000000   6   5  32068   0
 151   50032069    0.000000  130.000000   6   5  32069   0
 152   50032070    0.000000  110.000000   6   5  32070   0
 153   50032071    0.000000  100.000000   6   5  32071   0
 154   50032072    0.000000   90.000000   6   5  32072   0
 155   50032073    0.000000   76.000000   6   5  32073   0
 156   51032073    0.000000   76.000000   6   5  32073   1
 157   50032074    0.000000   66.000000   6   5  32074   0
 158   50032075    0.000000   56.000000   6   5  32075   0
 159   51032075    0.000000   56.000000   6   5  32075   1
 160   50032076    0.000000   48.000000   6   5  32076   0
 161   50032077    0.000000   40.000000   6   5  32077   0
 162   51032077    0.000000   40.000000   6   5  32077   1
 163   50032078    0.000000   32.000000   6   5  32078   0
 164   50032079    0.000000   46.000000   6   5  32079   0
 165   51032079    0.000000   46.000000   6   5  32079   1
 166   50032080    0.000000   48.000000   6   5  32080   0
 167   50032081    0.000000   62.000000   6   5  32081   0
 168   51032081    0.000000   62.000000   6   5  32081   1
 169   50032082    0.000000   72.000000   6   5  32082   0
 170   50032083    0.000000   80.000000   6   5  32083   0
 171   50032084    0.000000  120.000000   6   5  32084   0
 172   50033067    0.000000  170.000000   6   5  33067   0
 173   50033068    0.000000  160.000000   6   5  33068   0
 174   50033069    0.000000  150.000000   6   5  33069   0
 175   50033070    0.000000  130.000000   6   5  33070   0
 176   50033071    0.000000  120.000000   6   5  33071   0
 177   50033072    0.000000  110.000000   6   5  33072   0
 178   50033073    0.000000   95.000000   6   5  33073   0
 179   50033074    0.000000   90.000000   6   5  33074   0
 180   50033075    0.000000   74.000000   6   5  33075   0
 181   50033076    0.000000   66.000000   6   5  33076   0
 182   50033077    0.000000   56.000000   6   5  33077   0
 183   50033078    0.000000   48.000000   6   5  33078   0
 184   50033079    0.000000   40.000000   6   5  33079   0
 185   50033080    0.000000   38.000000   6   5  33080   0
 186   50033081    0.000000   32.000000   6   5  33081   0
 187   50033082    0.000000   46.000000   6   5  33082   0
 188   51033082    0.000000   48.000000   6   5  33082   1
 189   50033083    0.000000   48.000000   6   5  33083   0
 190   50033084    0.000000   64.000000   6   5  33084   0
 191   50033085    0.000000   74.000000   6   5  33085   0
 192   50034068    0.000000  190.000000   6   5  34068   0
 193   50034069    0.000000  170.000000   6   5  34069   0
 194   50034070    0.000000  150.000000   6   5  34070   0
 195   50034071    0.000000  140.000000   6   5  34071   0
 196   50034072    0.000000  120.000000   6   5  34072   0
 197   50034073    0.000000  110.000000   6   5  34073   0
 198   51034073    0.000000  110.000000   6   5  34073   1
 199   50034074    0.000000   95.000000   6   5  34074   0
 200   50034075    0.000000   85.000000   6   5  34075   0
 201   50034076    0.000000   72.000000   6   5  34076   0
 202   50034077    0.000000   64.000000   6   5  34077   0
 203   51034077    0.000000   64.000000   6   5  34077   1
 204   50034078    0.000000   52.000000   6   5  34078   0
 205   50034079    0.000000   44.000000   6   5  34079   0
 206   51034079    0.000000   44.000000   6   5  34079   1
 207   50034080    0.000000   34.000000   6   5  34080   0
 208   50034081    0.000000   27.000000   6   5  34081   0
 209   51034081    0.000000   27.000000   6   5  34081   1
 210   50034082    0.000000   17.500000   6   5  34082   0
 211   50034083    0.000000   32.000000   6   5  34083   0
 212   51034083    0.000000   32.000000   6   5  34083   1
 213   50034084    0.000000   32.000000   6   5  34084   0
 214   50034085    0.000000   48.000000   6   5  34085   0
 215   50034086    0.000000   50.000000   6   5  34086   0
 216   50035070    0.000000  180.000000   6   5  35070   0
 217   51035070    0.000000  180.000000   6   5  35070   1
 218   50035071    0.000000  170.000000   6   5  35071   0
 219   50035072    0.000000  150.000000   6   5  35072   0
 220   51035072    0.000000  150.000000   6   5  35072   1
 221   50035073    0.000000  140.000000   6   5  35073   0
 222   50035074    0.000000  130.000000   6   5  35074   0
 223   51035074    0.000000  130.000000   6   5  35074   1
 224   50035075    0.000000  110.000000   6   5  35075   0
 225   50035076    0.000000  100.000000   6   5  35076   0
 226   51035076    0.000000  100.000000   6   5  35076   1
 227   50035077    0.000000   85.000000   6   5  35077   0
 228   51035077    0.000000   85.000000   6   5  35077   1
 229   50035078    0.000000   76.000000   6   5  35078   0
 230   50035079    0.000000   64.000000   6   5  35079   0
 231   51035079    0.000000   64.000000   6   5  35079   1
 232   50035080    0.000000   56.000000   6   5  35080   0
 233   51035080    0.000000   56.000000   6   5  35080   1
 234   50035081    0.000000   46.000000   6   5  35081   0
 235   50035082    0.000000   38.000000   6   5  35082   0
 236   51035082    0.000000   38.000000   6   5  35082   1
 237   50035083    0.000000   27.000000   6   5  35083   0
 238   50035084    0.000000   26.000000   6   5  35084   0
 239   51035084    0.000000   27.000000   6   5  35084   1
 240   50035085    0.000000   19.000000   6   5  35085   0
 241   50035086    0.000000   36.000000   6   5  35086   0
 242   50035087    0.000000   36.000000   6   5  35087   0
 243   50036072    0.000000  180.000000   6   5  36072   0
 244   50036073    0.000000  160.000000   6   5  36073   0
 245   50036074    0.000000  140.000000   6   5  36074   0
 246   50036075    0.000000  130.000000   6   5  36075   0
 247   50036076    0.000000  110.000000   6   5  36076   0
 248   50036077    0.000000  100.000000   6   5  36077   0
 249   50036078    0.000000   85.000000   6   5  36078   0
 250   50036079    0.000000   76.000000   6   5  36079   0
 251   51036079    0.000000   76.000000   6   5  36079   1
 252   50036080    0.000000   64.000000   6   5  36080   0
 253   50036081    0.000000   54.000000   6   5  36081   0
 254   51036081    0.000000   54.000000   6   5  36081   1
 255   50036082    0.000000   42.000000   6   5  36082   0
 256   50036083    0.000000   34.000000   6   5  36083   0
 257   51036083    0.000000   34.000000   6   5  36083   1
 258   50036084    0.000000   24.000000   6   5  36084   0
 259   50036085    0.000000   16.000000   6   5  36085   0
 260   51036085    0.000000   16.500000   6   5  36085   1
 261   50036086    0.000000    6.000000   6   5  36086   0
 262   50036087    0.000000   21.000000   6   5  36087   0
 263   50036088    0.000000   22.000000   6   5  36088   0
 264   50037073    0.000000  190.000000   6   5  37073   0
 265   50037074    0.000000  170.000000   6   5  37074   0
 266   50037075    0.000000  160.000000   6   5  37075   0
 267   50037076    0.000000  140.000000   6   5  37076   0
 268   50037077    0.000000  130.000000   6   5  37077   0
 269   50037078    0.000000  120.000000   6   5  37078   0
 270   51037078    0.000000  120.000000   6   5  37078   1
 271   50037079    0.000000  100.000000   6   5  37079   0
 272   50037080    0.000000   90.000000   6   5  37080   0
 273   50037081    0.000000   78.000000   6   5  37081   0
 274   51037081    0.000000   78.000000   6   5  37081   1
 275   50037082    0.000000   68.000000   6   5  37082   0
 276   51037082    0.000000   68.000000   6   5  37082   1
 277   50037083    0.000000   56.000000   6   5  37083   0
 278   50037084    0.000000   48.000000   6   5  37084   0
 279   51037084    0.000000   48.000000   6   5  37084   1
 280   50037085    0.000000   36.000000   6   5  37085   0
 281   50037086    0.000000   27.000000   6   5  37086   0
 282   51037086    0.000000   28.000000   6   5  37086   1
 283   50037087    0.000000   17.000000   6   5  37087   0
 284   50037088    0.000000   17.000000   6   5  37088   0
 285   50037089    0.000000   12.000000   6   5  37089   0
 286   50038075    0.000000  180.000000   6   5  38075   0
 287   50038076    0.000000  160.000000   6   5  38076   0
 288   50038077    0.000000  150.000000   6   5  38077   0
 289   50038078    0.000000  130.000000   6   5  38078   0
 290   50038079    0.000000  120.000000   6   5  38079   0
 291   50038080    0.000000  110.000000   6   5  38080   0
 292   50038081    0.000000   95.000000   6   5  38081   0
 293   50038082    0.000000   80.000000   6   5  38082   0
 294   50038083    0.000000   70.000000   6   5  38083   0
 295   51038083    0.000000   70.000000   6   5  38083   1
 296   50038084    0.000000   56.000000   6   5  38084   0
 297   50038085    0.000000   48.000000   6   5  38085   0
 298   51038085    0.000000   48.000000   6   5  38085   1
 299   50038086    0.000000   36.000000   6   5  38086   0
 300   50038087    0.000000   26.000000   6   5  38087   0
 301   51038087    0.000000   27.000000   6   5  38087   1
 302   50038088    0.000000   14.500000   6   5  38088   0
 303   50038089    0.000000    8.000000   6   5  38089   0
 304   50038090    0.000000    1.000000   6   5  38090   0
 
   p   ZAP IP   NR    Tp [MeV]
   1     1  1    1    7.810427
   2     0  2    1    1.000000
   3  1001  9    1   11.524710
   4  1002 31    1   16.474850
   5  1003 32    1   16.300150
   6  2003 33    1   21.000000
   7  2004 34    1    6.000000
--------------------------------------------------------------------------------
 
