 
--------------------------------------------------------------------------------
 38-Sr- 87   T= 0.00 K from IAEA/PD-2019       (ACEMAKER)
 ZAID= 38087.38u  MAT=3834  ZA= 38087
 AWR=  86.162290  STA=  0  ELIS=   0.000 MeV  LIS=  0  LISO=  0
--------------------------------------------------------------------------------
 NTOTR= 327 NTRAN=   1 NPROD= 326 NE=     137 EMAX= 200.000 MeV
   i     MT/MTD     Q [MeV]     T [MeV] LMF  MT    ZAP LFS
   1          5    0.000000    1.000000   3   5
   2   50018049    0.000000  190.000000   6   5  18049   0
   3   50019050    0.000000  180.000000   6   5  19050   0
   4   50019051    0.000000  190.000000   6   5  19051   0
   5   50020051    0.000000  160.000000   6   5  20051   0
   6   50020052    0.000000  160.000000   6   5  20052   0
   7   50020053    0.000000  190.000000   6   5  20053   0
   8   50020054    0.000000  190.000000   6   5  20054   0
   9   50021052    0.000000  160.000000   6   5  21052   0
  10   50021053    0.000000  160.000000   6   5  21053   0
  11   50021054    0.000000  160.000000   6   5  21054   0
  12   50021055    0.000000  160.000000   6   5  21055   0
  13   50021056    0.000000  190.000000   6   5  21056   0
  14   50021057    0.000000  190.000000   6   5  21057   0
  15   50022053    0.000000  140.000000   6   5  22053   0
  16   50022054    0.000000  140.000000   6   5  22054   0
  17   50022055    0.000000  130.000000   6   5  22055   0
  18   50022056    0.000000  130.000000   6   5  22056   0
  19   50022057    0.000000  160.000000   6   5  22057   0
  20   50022058    0.000000  160.000000   6   5  22058   0
  21   50022059    0.000000  190.000000   6   5  22059   0
  22   50022060    0.000000  190.000000   6   5  22060   0
  23   50023054    0.000000  140.000000   6   5  23054   0
  24   50023055    0.000000  140.000000   6   5  23055   0
  25   50023056    0.000000  130.000000   6   5  23056   0
  26   50023057    0.000000  130.000000   6   5  23057   0
  27   50023058    0.000000  130.000000   6   5  23058   0
  28   50023059    0.000000  130.000000   6   5  23059   0
  29   50023060    0.000000  160.000000   6   5  23060   0
  30   51023060    0.000000  160.000000   6   5  23060   1
  31   50023061    0.000000  160.000000   6   5  23061   0
  32   50023062    0.000000  190.000000   6   5  23062   0
  33   50023063    0.000000  190.000000   6   5  23063   0
  34   50024055    0.000000  140.000000   6   5  24055   0
  35   50024056    0.000000  130.000000   6   5  24056   0
  36   50024057    0.000000  120.000000   6   5  24057   0
  37   50024058    0.000000  120.000000   6   5  24058   0
  38   50024059    0.000000  110.000000   6   5  24059   0
  39   50024060    0.000000  110.000000   6   5  24060   0
  40   50024061    0.000000  130.000000   6   5  24061   0
  41   50024062    0.000000  130.000000   6   5  24062   0
  42   50024063    0.000000  160.000000   6   5  24063   0
  43   50024064    0.000000  160.000000   6   5  24064   0
  44   50024065    0.000000  190.000000   6   5  24065   0
  45   50024066    0.000000  190.000000   6   5  24066   0
  46   50025056    0.000000  140.000000   6   5  25056   0
  47   50025057    0.000000  130.000000   6   5  25057   0
  48   50025058    0.000000  120.000000   6   5  25058   0
  49   51025058    0.000000  120.000000   6   5  25058   1
  50   50025059    0.000000  120.000000   6   5  25059   0
  51   50025060    0.000000  110.000000   6   5  25060   0
  52   51025060    0.000000  110.000000   6   5  25060   1
  53   50025061    0.000000  110.000000   6   5  25061   0
  54   50025062    0.000000  110.000000   6   5  25062   0
  55   50025063    0.000000  110.000000   6   5  25063   0
  56   50025064    0.000000  130.000000   6   5  25064   0
  57   50025065    0.000000  130.000000   6   5  25065   0
  58   50025066    0.000000  160.000000   6   5  25066   0
  59   50025067    0.000000  160.000000   6   5  25067   0
  60   50025068    0.000000  190.000000   6   5  25068   0
  61   50026057    0.000000  140.000000   6   5  26057   0
  62   50026058    0.000000  130.000000   6   5  26058   0
  63   50026059    0.000000  120.000000   6   5  26059   0
  64   50026060    0.000000  110.000000   6   5  26060   0
  65   50026061    0.000000  100.000000   6   5  26061   0
  66   50026062    0.000000   90.000000   6   5  26062   0
  67   50026063    0.000000   85.000000   6   5  26063   0
  68   50026064    0.000000   90.000000   6   5  26064   0
  69   50026065    0.000000  110.000000   6   5  26065   0
  70   50026066    0.000000  110.000000   6   5  26066   0
  71   50026067    0.000000  130.000000   6   5  26067   0
  72   50026068    0.000000  130.000000   6   5  26068   0
  73   50026069    0.000000  160.000000   6   5  26069   0
  74   50026070    0.000000  160.000000   6   5  26070   0
  75   50027058    0.000000  140.000000   6   5  27058   0
  76   51027058    0.000000  140.000000   6   5  27058   1
  77   50027059    0.000000  130.000000   6   5  27059   0
  78   50027060    0.000000  120.000000   6   5  27060   0
  79   51027060    0.000000  120.000000   6   5  27060   1
  80   50027061    0.000000  110.000000   6   5  27061   0
  81   50027062    0.000000  100.000000   6   5  27062   0
  82   51027062    0.000000  100.000000   6   5  27062   1
  83   50027063    0.000000   90.000000   6   5  27063   0
  84   50027064    0.000000   85.000000   6   5  27064   0
  85   50027065    0.000000   85.000000   6   5  27065   0
  86   50027066    0.000000   85.000000   6   5  27066   0
  87   50027067    0.000000   90.000000   6   5  27067   0
  88   50027068    0.000000  110.000000   6   5  27068   0
  89   51027068    0.000000  110.000000   6   5  27068   1
  90   50027069    0.000000  110.000000   6   5  27069   0
  91   50027070    0.000000  130.000000   6   5  27070   0
  92   51027070    0.000000  130.000000   6   5  27070   1
  93   50027071    0.000000  130.000000   6   5  27071   0
  94   50027072    0.000000  160.000000   6   5  27072   0
  95   50027073    0.000000  170.000000   6   5  27073   0
  96   50028059    0.000000  150.000000   6   5  28059   0
  97   50028060    0.000000  140.000000   6   5  28060   0
  98   50028061    0.000000  120.000000   6   5  28061   0
  99   50028062    0.000000  110.000000   6   5  28062   0
 100   50028063    0.000000  100.000000   6   5  28063   0
 101   50028064    0.000000   90.000000   6   5  28064   0
 102   50028065    0.000000   80.000000   6   5  28065   0
 103   50028066    0.000000   72.000000   6   5  28066   0
 104   50028067    0.000000   66.000000   6   5  28067   0
 105   50028068    0.000000   70.000000   6   5  28068   0
 106   50028069    0.000000   80.000000   6   5  28069   0
 107   50028070    0.000000   85.000000   6   5  28070   0
 108   50028071    0.000000  110.000000   6   5  28071   0
 109   50028072    0.000000  110.000000   6   5  28072   0
 110   50028073    0.000000  130.000000   6   5  28073   0
 111   50028074    0.000000  130.000000   6   5  28074   0
 112   50028075    0.000000  170.000000   6   5  28075   0
 113   50028076    0.000000  180.000000   6   5  28076   0
 114   50029060    0.000000  150.000000   6   5  29060   0
 115   50029061    0.000000  140.000000   6   5  29061   0
 116   50029062    0.000000  120.000000   6   5  29062   0
 117   50029063    0.000000  110.000000   6   5  29063   0
 118   50029064    0.000000  100.000000   6   5  29064   0
 119   50029065    0.000000   90.000000   6   5  29065   0
 120   50029066    0.000000   80.000000   6   5  29066   0
 121   50029067    0.000000   72.000000   6   5  29067   0
 122   50029068    0.000000   66.000000   6   5  29068   0
 123   51029068    0.000000   66.000000   6   5  29068   1
 124   50029069    0.000000   66.000000   6   5  29069   0
 125   50029070    0.000000   62.000000   6   5  29070   0
 126   51029070    0.000000   62.000000   6   5  29070   1
 127   50029071    0.000000   72.000000   6   5  29071   0
 128   50029072    0.000000   80.000000   6   5  29072   0
 129   50029073    0.000000   90.000000   6   5  29073   0
 130   50029074    0.000000  110.000000   6   5  29074   0
 131   50029075    0.000000  110.000000   6   5  29075   0
 132   50029076    0.000000  130.000000   6   5  29076   0
 133   51029076    0.000000  130.000000   6   5  29076   1
 134   50029077    0.000000  140.000000   6   5  29077   0
 135   50029078    0.000000  180.000000   6   5  29078   0
 136   50030061    0.000000  170.000000   6   5  30061   0
 137   51030061    0.000000  170.000000   6   5  30061   1
 138   52030061    0.000000  170.000000   6   5  30061   2
 139   53030061    0.000000  170.000000   6   5  30061   3
 140   50030062    0.000000  150.000000   6   5  30062   0
 141   50030063    0.000000  140.000000   6   5  30063   0
 142   50030064    0.000000  120.000000   6   5  30064   0
 143   50030065    0.000000  110.000000   6   5  30065   0
 144   50030066    0.000000   95.000000   6   5  30066   0
 145   50030067    0.000000   85.000000   6   5  30067   0
 146   50030068    0.000000   74.000000   6   5  30068   0
 147   50030069    0.000000   64.000000   6   5  30069   0
 148   51030069    0.000000   64.000000   6   5  30069   1
 149   50030070    0.000000   54.000000   6   5  30070   0
 150   50030071    0.000000   46.000000   6   5  30071   0
 151   51030071    0.000000   46.000000   6   5  30071   1
 152   50030072    0.000000   56.000000   6   5  30072   0
 153   50030073    0.000000   60.000000   6   5  30073   0
 154   50030074    0.000000   70.000000   6   5  30074   0
 155   50030075    0.000000   78.000000   6   5  30075   0
 156   50030076    0.000000   85.000000   6   5  30076   0
 157   50030077    0.000000  110.000000   6   5  30077   0
 158   51030077    0.000000  110.000000   6   5  30077   1
 159   50030078    0.000000  110.000000   6   5  30078   0
 160   50030079    0.000000  140.000000   6   5  30079   0
 161   50031062    0.000000  170.000000   6   5  31062   0
 162   50031063    0.000000  150.000000   6   5  31063   0
 163   50031064    0.000000  140.000000   6   5  31064   0
 164   50031065    0.000000  120.000000   6   5  31065   0
 165   50031066    0.000000  110.000000   6   5  31066   0
 166   50031067    0.000000  100.000000   6   5  31067   0
 167   50031068    0.000000   90.000000   6   5  31068   0
 168   50031069    0.000000   78.000000   6   5  31069   0
 169   50031070    0.000000   70.000000   6   5  31070   0
 170   50031071    0.000000   60.000000   6   5  31071   0
 171   50031072    0.000000   52.000000   6   5  31072   0
 172   50031073    0.000000   48.000000   6   5  31073   0
 173   50031074    0.000000   44.000000   6   5  31074   0
 174   50031075    0.000000   56.000000   6   5  31075   0
 175   50031076    0.000000   60.000000   6   5  31076   0
 176   50031077    0.000000   72.000000   6   5  31077   0
 177   50031078    0.000000   78.000000   6   5  31078   0
 178   50031079    0.000000   85.000000   6   5  31079   0
 179   50031080    0.000000  110.000000   6   5  31080   0
 180   50032063    0.000000  190.000000   6   5  32063   0
 181   50032064    0.000000  170.000000   6   5  32064   0
 182   50032065    0.000000  150.000000   6   5  32065   0
 183   50032066    0.000000  140.000000   6   5  32066   0
 184   50032067    0.000000  120.000000   6   5  32067   0
 185   50032068    0.000000  110.000000   6   5  32068   0
 186   50032069    0.000000   95.000000   6   5  32069   0
 187   50032070    0.000000   80.000000   6   5  32070   0
 188   50032071    0.000000   68.000000   6   5  32071   0
 189   50032072    0.000000   58.000000   6   5  32072   0
 190   50032073    0.000000   48.000000   6   5  32073   0
 191   51032073    0.000000   48.000000   6   5  32073   1
 192   50032074    0.000000   38.000000   6   5  32074   0
 193   50032075    0.000000   30.000000   6   5  32075   0
 194   51032075    0.000000   30.000000   6   5  32075   1
 195   50032076    0.000000   40.000000   6   5  32076   0
 196   50032077    0.000000   42.000000   6   5  32077   0
 197   51032077    0.000000   42.000000   6   5  32077   1
 198   50032078    0.000000   54.000000   6   5  32078   0
 199   50032079    0.000000   56.000000   6   5  32079   0
 200   51032079    0.000000   56.000000   6   5  32079   1
 201   50032080    0.000000   70.000000   6   5  32080   0
 202   50032081    0.000000   78.000000   6   5  32081   0
 203   51032081    0.000000   78.000000   6   5  32081   1
 204   50033065    0.000000  180.000000   6   5  33065   0
 205   50033066    0.000000  160.000000   6   5  33066   0
 206   50033067    0.000000  140.000000   6   5  33067   0
 207   50033068    0.000000  130.000000   6   5  33068   0
 208   50033069    0.000000  120.000000   6   5  33069   0
 209   50033070    0.000000  110.000000   6   5  33070   0
 210   50033071    0.000000   90.000000   6   5  33071   0
 211   50033072    0.000000   80.000000   6   5  33072   0
 212   50033073    0.000000   68.000000   6   5  33073   0
 213   50033074    0.000000   58.000000   6   5  33074   0
 214   50033075    0.000000   48.000000   6   5  33075   0
 215   50033076    0.000000   40.000000   6   5  33076   0
 216   50033077    0.000000   36.000000   6   5  33077   0
 217   50033078    0.000000   30.000000   6   5  33078   0
 218   50033079    0.000000   42.000000   6   5  33079   0
 219   50033080    0.000000   44.000000   6   5  33080   0
 220   50033081    0.000000   56.000000   6   5  33081   0
 221   50033082    0.000000   58.000000   6   5  33082   0
 222   51033082    0.000000   58.000000   6   5  33082   1
 223   50034067    0.000000  180.000000   6   5  34067   0
 224   50034068    0.000000  160.000000   6   5  34068   0
 225   50034069    0.000000  140.000000   6   5  34069   0
 226   50034070    0.000000  120.000000   6   5  34070   0
 227   50034071    0.000000  110.000000   6   5  34071   0
 228   50034072    0.000000   90.000000   6   5  34072   0
 229   50034073    0.000000   78.000000   6   5  34073   0
 230   51034073    0.000000   78.000000   6   5  34073   1
 231   50034074    0.000000   64.000000   6   5  34074   0
 232   50034075    0.000000   56.000000   6   5  34075   0
 233   50034076    0.000000   44.000000   6   5  34076   0
 234   50034077    0.000000   36.000000   6   5  34077   0
 235   51034077    0.000000   36.000000   6   5  34077   1
 236   50034078    0.000000   25.000000   6   5  34078   0
 237   50034079    0.000000   18.000000   6   5  34079   0
 238   51034079    0.000000   18.500000   6   5  34079   1
 239   50034080    0.000000   28.000000   6   5  34080   0
 240   50034081    0.000000   29.000000   6   5  34081   0
 241   51034081    0.000000   29.000000   6   5  34081   1
 242   50034082    0.000000   40.000000   6   5  34082   0
 243   50034083    0.000000   42.000000   6   5  34083   0
 244   51034083    0.000000   42.000000   6   5  34083   1
 245   50035068    0.000000  190.000000   6   5  35068   0
 246   50035069    0.000000  170.000000   6   5  35069   0
 247   50035070    0.000000  150.000000   6   5  35070   0
 248   51035070    0.000000  150.000000   6   5  35070   1
 249   50035071    0.000000  130.000000   6   5  35071   0
 250   50035072    0.000000  120.000000   6   5  35072   0
 251   51035072    0.000000  120.000000   6   5  35072   1
 252   50035073    0.000000  110.000000   6   5  35073   0
 253   50035074    0.000000   95.000000   6   5  35074   0
 254   51035074    0.000000   95.000000   6   5  35074   1
 255   50035075    0.000000   80.000000   6   5  35075   0
 256   50035076    0.000000   70.000000   6   5  35076   0
 257   51035076    0.000000   70.000000   6   5  35076   1
 258   50035077    0.000000   58.000000   6   5  35077   0
 259   51035077    0.000000   58.000000   6   5  35077   1
 260   50035078    0.000000   48.000000   6   5  35078   0
 261   50035079    0.000000   38.000000   6   5  35079   0
 262   51035079    0.000000   38.000000   6   5  35079   1
 263   50035080    0.000000   29.000000   6   5  35080   0
 264   51035080    0.000000   29.000000   6   5  35080   1
 265   50035081    0.000000   25.000000   6   5  35081   0
 266   50035082    0.000000   19.000000   6   5  35082   0
 267   51035082    0.000000   19.000000   6   5  35082   1
 268   50035083    0.000000   30.000000   6   5  35083   0
 269   50035084    0.000000   32.000000   6   5  35084   0
 270   51035084    0.000000   32.000000   6   5  35084   1
 271   50036070    0.000000  190.000000   6   5  36070   0
 272   50036071    0.000000  160.000000   6   5  36071   0
 273   50036072    0.000000  140.000000   6   5  36072   0
 274   50036073    0.000000  130.000000   6   5  36073   0
 275   50036074    0.000000  110.000000   6   5  36074   0
 276   50036075    0.000000   95.000000   6   5  36075   0
 277   50036076    0.000000   80.000000   6   5  36076   0
 278   50036077    0.000000   70.000000   6   5  36077   0
 279   50036078    0.000000   56.000000   6   5  36078   0
 280   50036079    0.000000   48.000000   6   5  36079   0
 281   51036079    0.000000   48.000000   6   5  36079   1
 282   50036080    0.000000   36.000000   6   5  36080   0
 283   50036081    0.000000   27.000000   6   5  36081   0
 284   51036081    0.000000   28.000000   6   5  36081   1
 285   50036082    0.000000   16.000000   6   5  36082   0
 286   50036083    0.000000    8.500000   6   5  36083   0
 287   51036083    0.000000    8.500000   6   5  36083   1
 288   50036084    0.000000   18.500000   6   5  36084   0
 289   50036085    0.000000   18.500000   6   5  36085   0
 290   51036085    0.000000   19.000000   6   5  36085   1
 291   50037072    0.000000  180.000000   6   5  37072   0
 292   50037073    0.000000  160.000000   6   5  37073   0
 293   50037074    0.000000  140.000000   6   5  37074   0
 294   50037075    0.000000  130.000000   6   5  37075   0
 295   50037076    0.000000  110.000000   6   5  37076   0
 296   50037077    0.000000  100.000000   6   5  37077   0
 297   50037078    0.000000   85.000000   6   5  37078   0
 298   51037078    0.000000   85.000000   6   5  37078   1
 299   50037079    0.000000   72.000000   6   5  37079   0
 300   50037080    0.000000   62.000000   6   5  37080   0
 301   50037081    0.000000   50.000000   6   5  37081   0
 302   51037081    0.000000   50.000000   6   5  37081   1
 303   50037082    0.000000   42.000000   6   5  37082   0
 304   51037082    0.000000   42.000000   6   5  37082   1
 305   50037083    0.000000   30.000000   6   5  37083   0
 306   50037084    0.000000   21.000000   6   5  37084   0
 307   51037084    0.000000   21.000000   6   5  37084   1
 308   50037085    0.000000   16.500000   6   5  37085   0
 309   50037086    0.000000   10.000000   6   5  37086   0
 310   51037086    0.000000   10.500000   6   5  37086   1
 311   50038074    0.000000  170.000000   6   5  38074   0
 312   50038075    0.000000  150.000000   6   5  38075   0
 313   50038076    0.000000  130.000000   6   5  38076   0
 314   50038077    0.000000  120.000000   6   5  38077   0
 315   50038078    0.000000  100.000000   6   5  38078   0
 316   50038079    0.000000   90.000000   6   5  38079   0
 317   50038080    0.000000   76.000000   6   5  38080   0
 318   50038081    0.000000   64.000000   6   5  38081   0
 319   50038082    0.000000   52.000000   6   5  38082   0
 320   50038083    0.000000   42.000000   6   5  38083   0
 321   51038083    0.000000   42.000000   6   5  38083   1
 322   50038084    0.000000   29.000000   6   5  38084   0
 323   50038085    0.000000   21.000000   6   5  38085   0
 324   51038085    0.000000   21.000000   6   5  38085   1
 325   50038086    0.000000    8.500000   6   5  38086   0
 326   50038087    0.000000    1.000000   6   5  38087   0
 327   51038087    0.000000    1.000000   6   5  38087   1
 
   p   ZAP IP   NR    Tp [MeV]
   1     1  1    1    8.428294
   2     0  2    1    1.000000
   3  1001  9    1    9.422044
   4  1002 31    1   15.848460
   5  1003 32    1   20.070910
   6  2003 33    1   18.000000
   7  2004 34    1    8.000000
--------------------------------------------------------------------------------
 
