 
--------------------------------------------------------------------------------
 38-Sr- 84   T= 0.00 K from IAEA/PD-2019       (ACEMAKER)
 ZAID= 38084.38u  MAT=3825  ZA= 38084
 AWR=  83.192560  STA=  0  ELIS=   0.000 MeV  LIS=  0  LISO=  0
--------------------------------------------------------------------------------
 NTOTR= 308 NTRAN=   1 NPROD= 307 NE=     137 EMAX= 200.000 MeV
   i     MT/MTD     Q [MeV]     T [MeV] LMF  MT    ZAP LFS
   1          5    0.000000    1.000000   3   5
   2   50018046    0.000000  180.000000   6   5  18046   0
   3   50019047    0.000000  160.000000   6   5  19047   0
   4   50019048    0.000000  180.000000   6   5  19048   0
   5   50019049    0.000000  180.000000   6   5  19049   0
   6   50020048    0.000000  150.000000   6   5  20048   0
   7   50020049    0.000000  160.000000   6   5  20049   0
   8   50020050    0.000000  160.000000   6   5  20050   0
   9   50020051    0.000000  180.000000   6   5  20051   0
  10   50020052    0.000000  180.000000   6   5  20052   0
  11   50021049    0.000000  150.000000   6   5  21049   0
  12   50021050    0.000000  140.000000   6   5  21050   0
  13   51021050    0.000000  140.000000   6   5  21050   1
  14   50021051    0.000000  140.000000   6   5  21051   0
  15   50021052    0.000000  160.000000   6   5  21052   0
  16   50021053    0.000000  160.000000   6   5  21053   0
  17   50021054    0.000000  180.000000   6   5  21054   0
  18   50021055    0.000000  180.000000   6   5  21055   0
  19   50022050    0.000000  130.000000   6   5  22050   0
  20   50022051    0.000000  130.000000   6   5  22051   0
  21   50022052    0.000000  130.000000   6   5  22052   0
  22   50022053    0.000000  140.000000   6   5  22053   0
  23   50022054    0.000000  140.000000   6   5  22054   0
  24   50022055    0.000000  160.000000   6   5  22055   0
  25   50022056    0.000000  160.000000   6   5  22056   0
  26   50022057    0.000000  180.000000   6   5  22057   0
  27   50022058    0.000000  190.000000   6   5  22058   0
  28   50023051    0.000000  130.000000   6   5  23051   0
  29   50023052    0.000000  130.000000   6   5  23052   0
  30   50023053    0.000000  130.000000   6   5  23053   0
  31   50023054    0.000000  120.000000   6   5  23054   0
  32   50023055    0.000000  120.000000   6   5  23055   0
  33   50023056    0.000000  130.000000   6   5  23056   0
  34   50023057    0.000000  130.000000   6   5  23057   0
  35   50023058    0.000000  160.000000   6   5  23058   0
  36   50023059    0.000000  160.000000   6   5  23059   0
  37   50023060    0.000000  190.000000   6   5  23060   0
  38   51023060    0.000000  190.000000   6   5  23060   1
  39   50023061    0.000000  190.000000   6   5  23061   0
  40   50024052    0.000000  130.000000   6   5  24052   0
  41   50024053    0.000000  120.000000   6   5  24053   0
  42   50024054    0.000000  110.000000   6   5  24054   0
  43   50024055    0.000000  110.000000   6   5  24055   0
  44   50024056    0.000000  110.000000   6   5  24056   0
  45   50024057    0.000000  110.000000   6   5  24057   0
  46   50024058    0.000000  110.000000   6   5  24058   0
  47   50024059    0.000000  130.000000   6   5  24059   0
  48   50024060    0.000000  130.000000   6   5  24060   0
  49   50024061    0.000000  160.000000   6   5  24061   0
  50   50024062    0.000000  160.000000   6   5  24062   0
  51   50024063    0.000000  190.000000   6   5  24063   0
  52   50024064    0.000000  190.000000   6   5  24064   0
  53   50025053    0.000000  130.000000   6   5  25053   0
  54   50025054    0.000000  120.000000   6   5  25054   0
  55   50025055    0.000000  110.000000   6   5  25055   0
  56   50025056    0.000000  110.000000   6   5  25056   0
  57   50025057    0.000000  110.000000   6   5  25057   0
  58   50025058    0.000000  100.000000   6   5  25058   0
  59   51025058    0.000000  100.000000   6   5  25058   1
  60   50025059    0.000000  100.000000   6   5  25059   0
  61   50025060    0.000000  110.000000   6   5  25060   0
  62   51025060    0.000000  110.000000   6   5  25060   1
  63   50025061    0.000000  110.000000   6   5  25061   0
  64   50025062    0.000000  130.000000   6   5  25062   0
  65   50025063    0.000000  130.000000   6   5  25063   0
  66   50025064    0.000000  160.000000   6   5  25064   0
  67   50025065    0.000000  160.000000   6   5  25065   0
  68   50025066    0.000000  190.000000   6   5  25066   0
  69   50026054    0.000000  140.000000   6   5  26054   0
  70   50026055    0.000000  130.000000   6   5  26055   0
  71   50026056    0.000000  120.000000   6   5  26056   0
  72   50026057    0.000000  110.000000   6   5  26057   0
  73   50026058    0.000000   95.000000   6   5  26058   0
  74   50026059    0.000000   85.000000   6   5  26059   0
  75   50026060    0.000000   80.000000   6   5  26060   0
  76   50026061    0.000000   80.000000   6   5  26061   0
  77   50026062    0.000000   90.000000   6   5  26062   0
  78   50026063    0.000000  100.000000   6   5  26063   0
  79   50026064    0.000000  110.000000   6   5  26064   0
  80   50026065    0.000000  130.000000   6   5  26065   0
  81   50026066    0.000000  130.000000   6   5  26066   0
  82   50026067    0.000000  160.000000   6   5  26067   0
  83   50026068    0.000000  160.000000   6   5  26068   0
  84   50027055    0.000000  140.000000   6   5  27055   0
  85   50027056    0.000000  130.000000   6   5  27056   0
  86   50027057    0.000000  120.000000   6   5  27057   0
  87   50027058    0.000000  110.000000   6   5  27058   0
  88   51027058    0.000000  110.000000   6   5  27058   1
  89   50027059    0.000000   95.000000   6   5  27059   0
  90   50027060    0.000000   85.000000   6   5  27060   0
  91   51027060    0.000000   85.000000   6   5  27060   1
  92   50027061    0.000000   80.000000   6   5  27061   0
  93   50027062    0.000000   80.000000   6   5  27062   0
  94   51027062    0.000000   80.000000   6   5  27062   1
  95   50027063    0.000000   78.000000   6   5  27063   0
  96   50027064    0.000000   80.000000   6   5  27064   0
  97   50027065    0.000000   90.000000   6   5  27065   0
  98   50027066    0.000000  100.000000   6   5  27066   0
  99   50027067    0.000000  110.000000   6   5  27067   0
 100   50027068    0.000000  130.000000   6   5  27068   0
 101   51027068    0.000000  130.000000   6   5  27068   1
 102   50027069    0.000000  140.000000   6   5  27069   0
 103   50027070    0.000000  160.000000   6   5  27070   0
 104   51027070    0.000000  160.000000   6   5  27070   1
 105   50027071    0.000000  170.000000   6   5  27071   0
 106   50028056    0.000000  160.000000   6   5  28056   0
 107   50028057    0.000000  140.000000   6   5  28057   0
 108   50028058    0.000000  130.000000   6   5  28058   0
 109   50028059    0.000000  120.000000   6   5  28059   0
 110   50028060    0.000000  100.000000   6   5  28060   0
 111   50028061    0.000000   85.000000   6   5  28061   0
 112   50028062    0.000000   76.000000   6   5  28062   0
 113   50028063    0.000000   66.000000   6   5  28063   0
 114   50028064    0.000000   60.000000   6   5  28064   0
 115   50028065    0.000000   66.000000   6   5  28065   0
 116   50028066    0.000000   74.000000   6   5  28066   0
 117   50028067    0.000000   80.000000   6   5  28067   0
 118   50028068    0.000000   90.000000   6   5  28068   0
 119   50028069    0.000000  100.000000   6   5  28069   0
 120   50028070    0.000000  110.000000   6   5  28070   0
 121   50028071    0.000000  140.000000   6   5  28071   0
 122   50028072    0.000000  140.000000   6   5  28072   0
 123   50028073    0.000000  170.000000   6   5  28073   0
 124   50029057    0.000000  160.000000   6   5  29057   0
 125   50029058    0.000000  150.000000   6   5  29058   0
 126   50029059    0.000000  130.000000   6   5  29059   0
 127   50029060    0.000000  120.000000   6   5  29060   0
 128   50029061    0.000000  100.000000   6   5  29061   0
 129   50029062    0.000000   90.000000   6   5  29062   0
 130   50029063    0.000000   78.000000   6   5  29063   0
 131   50029064    0.000000   70.000000   6   5  29064   0
 132   50029065    0.000000   60.000000   6   5  29065   0
 133   50029066    0.000000   60.000000   6   5  29066   0
 134   50029067    0.000000   58.000000   6   5  29067   0
 135   50029068    0.000000   66.000000   6   5  29068   0
 136   51029068    0.000000   66.000000   6   5  29068   1
 137   50029069    0.000000   74.000000   6   5  29069   0
 138   50029070    0.000000   80.000000   6   5  29070   0
 139   51029070    0.000000   80.000000   6   5  29070   1
 140   50029071    0.000000   90.000000   6   5  29071   0
 141   50029072    0.000000  110.000000   6   5  29072   0
 142   50029073    0.000000  110.000000   6   5  29073   0
 143   50029074    0.000000  140.000000   6   5  29074   0
 144   50030058    0.000000  180.000000   6   5  30058   0
 145   50030059    0.000000  160.000000   6   5  30059   0
 146   50030060    0.000000  150.000000   6   5  30060   0
 147   50030061    0.000000  130.000000   6   5  30061   0
 148   51030061    0.000000  130.000000   6   5  30061   1
 149   52030061    0.000000  130.000000   6   5  30061   2
 150   53030061    0.000000  130.000000   6   5  30061   3
 151   50030062    0.000000  120.000000   6   5  30062   0
 152   50030063    0.000000  100.000000   6   5  30063   0
 153   50030064    0.000000   85.000000   6   5  30064   0
 154   50030065    0.000000   72.000000   6   5  30065   0
 155   50030066    0.000000   60.000000   6   5  30066   0
 156   50030067    0.000000   50.000000   6   5  30067   0
 157   50030068    0.000000   42.000000   6   5  30068   0
 158   50030069    0.000000   52.000000   6   5  30069   0
 159   51030069    0.000000   52.000000   6   5  30069   1
 160   50030070    0.000000   54.000000   6   5  30070   0
 161   50030071    0.000000   64.000000   6   5  30071   0
 162   51030071    0.000000   64.000000   6   5  30071   1
 163   50030072    0.000000   72.000000   6   5  30072   0
 164   50030073    0.000000   80.000000   6   5  30073   0
 165   50030074    0.000000   90.000000   6   5  30074   0
 166   50030075    0.000000  110.000000   6   5  30075   0
 167   50030076    0.000000  190.000000   6   5  30076   0
 168   50031060    0.000000  170.000000   6   5  31060   0
 169   50031061    0.000000  150.000000   6   5  31061   0
 170   50031062    0.000000  130.000000   6   5  31062   0
 171   50031063    0.000000  120.000000   6   5  31063   0
 172   50031064    0.000000  110.000000   6   5  31064   0
 173   50031065    0.000000   90.000000   6   5  31065   0
 174   50031066    0.000000   80.000000   6   5  31066   0
 175   50031067    0.000000   68.000000   6   5  31067   0
 176   50031068    0.000000   58.000000   6   5  31068   0
 177   50031069    0.000000   48.000000   6   5  31069   0
 178   50031070    0.000000   46.000000   6   5  31070   0
 179   50031071    0.000000   38.000000   6   5  31071   0
 180   50031072    0.000000   52.000000   6   5  31072   0
 181   50031073    0.000000   52.000000   6   5  31073   0
 182   50031074    0.000000   64.000000   6   5  31074   0
 183   50031075    0.000000   72.000000   6   5  31075   0
 184   50031076    0.000000   80.000000   6   5  31076   0
 185   50031077    0.000000  110.000000   6   5  31077   0
 186   50032062    0.000000  170.000000   6   5  32062   0
 187   50032063    0.000000  150.000000   6   5  32063   0
 188   50032064    0.000000  130.000000   6   5  32064   0
 189   50032065    0.000000  120.000000   6   5  32065   0
 190   50032066    0.000000  100.000000   6   5  32066   0
 191   50032067    0.000000   85.000000   6   5  32067   0
 192   50032068    0.000000   70.000000   6   5  32068   0
 193   50032069    0.000000   58.000000   6   5  32069   0
 194   50032070    0.000000   46.000000   6   5  32070   0
 195   50032071    0.000000   36.000000   6   5  32071   0
 196   50032072    0.000000   25.000000   6   5  32072   0
 197   50032073    0.000000   38.000000   6   5  32073   0
 198   51032073    0.000000   38.000000   6   5  32073   1
 199   50032074    0.000000   36.000000   6   5  32074   0
 200   50032075    0.000000   50.000000   6   5  32075   0
 201   51032075    0.000000   50.000000   6   5  32075   1
 202   50032076    0.000000   50.000000   6   5  32076   0
 203   50032077    0.000000   64.000000   6   5  32077   0
 204   51032077    0.000000   64.000000   6   5  32077   1
 205   50032078    0.000000   72.000000   6   5  32078   0
 206   50033063    0.000000  180.000000   6   5  33063   0
 207   50033064    0.000000  160.000000   6   5  33064   0
 208   50033065    0.000000  140.000000   6   5  33065   0
 209   50033066    0.000000  120.000000   6   5  33066   0
 210   50033067    0.000000  110.000000   6   5  33067   0
 211   50033068    0.000000   95.000000   6   5  33068   0
 212   50033069    0.000000   80.000000   6   5  33069   0
 213   50033070    0.000000   70.000000   6   5  33070   0
 214   50033071    0.000000   58.000000   6   5  33071   0
 215   50033072    0.000000   48.000000   6   5  33072   0
 216   50033073    0.000000   36.000000   6   5  33073   0
 217   50033074    0.000000   34.000000   6   5  33074   0
 218   50033075    0.000000   26.000000   6   5  33075   0
 219   50033076    0.000000   38.000000   6   5  33076   0
 220   50033077    0.000000   36.000000   6   5  33077   0
 221   50033078    0.000000   50.000000   6   5  33078   0
 222   50033079    0.000000   50.000000   6   5  33079   0
 223   50034065    0.000000  180.000000   6   5  34065   0
 224   50034066    0.000000  160.000000   6   5  34066   0
 225   50034067    0.000000  140.000000   6   5  34067   0
 226   50034068    0.000000  120.000000   6   5  34068   0
 227   50034069    0.000000  100.000000   6   5  34069   0
 228   50034070    0.000000   85.000000   6   5  34070   0
 229   50034071    0.000000   70.000000   6   5  34071   0
 230   50034072    0.000000   56.000000   6   5  34072   0
 231   50034073    0.000000   46.000000   6   5  34073   0
 232   51034073    0.000000   46.000000   6   5  34073   1
 233   50034074    0.000000   34.000000   6   5  34074   0
 234   50034075    0.000000   25.000000   6   5  34075   0
 235   50034076    0.000000   14.000000   6   5  34076   0
 236   50034077    0.000000   27.000000   6   5  34077   0
 237   51034077    0.000000   27.000000   6   5  34077   1
 238   50034078    0.000000   24.000000   6   5  34078   0
 239   50034079    0.000000   38.000000   6   5  34079   0
 240   51034079    0.000000   38.000000   6   5  34079   1
 241   50034080    0.000000   36.000000   6   5  34080   0
 242   50035067    0.000000  170.000000   6   5  35067   0
 243   50035068    0.000000  150.000000   6   5  35068   0
 244   50035069    0.000000  130.000000   6   5  35069   0
 245   50035070    0.000000  120.000000   6   5  35070   0
 246   51035070    0.000000  120.000000   6   5  35070   1
 247   50035071    0.000000  100.000000   6   5  35071   0
 248   50035072    0.000000   85.000000   6   5  35072   0
 249   51035072    0.000000   85.000000   6   5  35072   1
 250   50035073    0.000000   72.000000   6   5  35073   0
 251   50035074    0.000000   62.000000   6   5  35074   0
 252   51035074    0.000000   62.000000   6   5  35074   1
 253   50035075    0.000000   48.000000   6   5  35075   0
 254   50035076    0.000000   40.000000   6   5  35076   0
 255   51035076    0.000000   40.000000   6   5  35076   1
 256   50035077    0.000000   27.000000   6   5  35077   0
 257   51035077    0.000000   28.000000   6   5  35077   1
 258   50035078    0.000000   25.000000   6   5  35078   0
 259   50035079    0.000000   16.000000   6   5  35079   0
 260   51035079    0.000000   16.500000   6   5  35079   1
 261   50035080    0.000000   29.000000   6   5  35080   0
 262   51035080    0.000000   29.000000   6   5  35080   1
 263   50035081    0.000000   26.000000   6   5  35081   0
 264   50036069    0.000000  170.000000   6   5  36069   0
 265   50036070    0.000000  140.000000   6   5  36070   0
 266   50036071    0.000000  120.000000   6   5  36071   0
 267   50036072    0.000000  100.000000   6   5  36072   0
 268   50036073    0.000000   90.000000   6   5  36073   0
 269   50036074    0.000000   74.000000   6   5  36074   0
 270   50036075    0.000000   62.000000   6   5  36075   0
 271   50036076    0.000000   50.000000   6   5  36076   0
 272   50036077    0.000000   40.000000   6   5  36077   0
 273   50036078    0.000000   26.000000   6   5  36078   0
 274   50036079    0.000000   17.500000   6   5  36079   0
 275   51036079    0.000000   18.000000   6   5  36079   1
 276   50036080    0.000000    6.000000   6   5  36080   0
 277   50036081    0.000000   19.000000   6   5  36081   0
 278   51036081    0.000000   19.000000   6   5  36081   1
 279   50036082    0.000000   15.500000   6   5  36082   0
 280   50037071    0.000000  160.000000   6   5  37071   0
 281   50037072    0.000000  140.000000   6   5  37072   0
 282   50037073    0.000000  130.000000   6   5  37073   0
 283   50037074    0.000000  110.000000   6   5  37074   0
 284   50037075    0.000000   95.000000   6   5  37075   0
 285   50037076    0.000000   80.000000   6   5  37076   0
 286   50037077    0.000000   66.000000   6   5  37077   0
 287   50037078    0.000000   54.000000   6   5  37078   0
 288   51037078    0.000000   56.000000   6   5  37078   1
 289   50037079    0.000000   42.000000   6   5  37079   0
 290   50037080    0.000000   32.000000   6   5  37080   0
 291   50037081    0.000000   21.000000   6   5  37081   0
 292   51037081    0.000000   21.000000   6   5  37081   1
 293   50037082    0.000000   18.000000   6   5  37082   0
 294   51037082    0.000000   18.500000   6   5  37082   1
 295   50037083    0.000000    9.000000   6   5  37083   0
 296   50038073    0.000000  160.000000   6   5  38073   0
 297   50038074    0.000000  130.000000   6   5  38074   0
 298   50038075    0.000000  120.000000   6   5  38075   0
 299   50038076    0.000000  100.000000   6   5  38076   0
 300   50038077    0.000000   85.000000   6   5  38077   0
 301   50038078    0.000000   70.000000   6   5  38078   0
 302   50038079    0.000000   58.000000   6   5  38079   0
 303   50038080    0.000000   44.000000   6   5  38080   0
 304   50038081    0.000000   34.000000   6   5  38081   0
 305   50038082    0.000000   21.000000   6   5  38082   0
 306   50038083    0.000000   12.000000   6   5  38083   0
 307   51038083    0.000000   12.500000   6   5  38083   1
 308   50038084    0.000000    1.000000   6   5  38084   0
 
   p   ZAP IP   NR    Tp [MeV]
   1     1  1    1   11.923280
   2     0  2    1    1.000000
   3  1001  9    1    8.867911
   4  1002 31    1   17.597490
   5  1003 32    1   20.142710
   6  2003 33    1   18.500000
   7  2004 34    1    6.000000
--------------------------------------------------------------------------------
 
