 
--------------------------------------------------------------------------------
 39-Y - 89   T= 0.00 K from IAEA/PD-2019       (ACEMAKER)
 ZAID= 39089.38u  MAT=3925  ZA= 39089
 AWR=  88.142100  STA=  0  ELIS=   0.000 MeV  LIS=  0  LISO=  0
--------------------------------------------------------------------------------
 NTOTR= 254 NTRAN= 130 NPROD= 124 NE=     229 EMAX= 200.000 MeV
   i     MT/MTD     Q [MeV]     T [MeV] LMF  MT    ZAP LFS
   1          5   -7.321000   14.200000   3   5
   2         11  -29.620370   37.400000   3  11
   3         16  -20.827000   20.827000   3  16
   4         17  -32.633000   32.633000   3  17
   5         22  -18.448000   21.400000   3  22
   6         28  -18.184000   19.600000   3  28
   7         32  -24.387000   26.000000   3  32
   8         33  -29.620000   31.000000   3  33
   9         34  -28.536000   31.000000   3  34
  10         41  -26.611000   28.000000   3  41
  11         42  -38.101000   39.000000   3  42
  12         44  -27.604000   30.000000   3  44
  13         50  -11.476430   11.476430   3  50
  14         51  -11.708360   11.708360   3  51
  15         52  -11.869290   11.869290   3  52
  16         53  -12.150980   12.150980   3  53
  17         54  -12.183150   12.183150   3  54
  18         55  -12.183430   12.183430   3  55
  19         56  -12.188430   12.188430   3  56
  20         57  -12.191590   12.191590   3  57
  21         58  -12.242830   12.242830   3  58
  22         59  -12.319610   12.319610   3  59
  23         60  -12.461260   12.461260   3  60
  24         61  -12.564640   12.564640   3  61
  25         62  -12.605560   12.605560   3  62
  26         63  -12.691430   12.691430   3  63
  27         64  -12.697690   12.697690   3  64
  28         65  -12.710430   12.710430   3  65
  29         66  -12.738430   12.738430   3  66
  30         67  -12.751730   12.751730   3  67
  31         68  -12.760380   12.760380   3  68
  32         69  -12.791430   12.791430   3  69
  33         70  -12.796570   12.796570   3  70
  34         71  -12.938030   12.938030   3  71
  35         72  -12.951430   12.951430   3  72
  36         74  -13.047230   13.047230   3  74
  37         75  -13.051860   13.051860   3  75
  38         76  -13.072330   13.072330   3  76
  39         77  -13.179160   13.179160   3  77
  40         78  -13.210430   13.210430   3  78
  41         79  -13.237430   13.237430   3  79
  42         80  -13.308430   13.308430   3  80
  43         81  -13.357430   13.357430   3  81
  44         82  -13.381430   13.381430   3  82
  45         83  -13.426430   13.426430   3  83
  46         84  -13.447430   13.447430   3  84
  47         91  -13.447000   13.447000   3  91
  48        102    0.000000    5.000000   3 102
  49        104  -15.960000   17.000000   3 104
  50        105  -18.130000   19.400000   3 105
  51        106  -19.886000   22.400000   3 106
  52        111  -17.685000   20.400000   3 111
  53        112  -14.985000   19.200000   3 112
  54        115  -25.380000   28.000000   3 115
  55        116  -27.773000   30.000000   3 116
  56        600   -7.071030    8.500000   3 600
  57        601   -8.907117   10.000000   3 601
  58        602   -9.805164   11.000000   3 602
  59        603  -10.223030   11.500000   3 603
  60        604  -10.289540   11.500000   3 604
  61        605  -10.449130   11.500000   3 605
  62        606  -10.557590   12.000000   3 606
  63        607  -10.593970   12.000000   3 607
  64        608  -10.655810   12.000000   3 608
  65        609  -10.706150   12.000000   3 609
  66        610  -11.023670   12.000000   3 610
  67        611  -11.064030   12.000000   3 611
  68        612  -11.090670   12.000000   3 612
  69        613  -11.106630   12.500000   3 613
  70        614  -11.110100   12.500000   3 614
  71        615  -11.241460   12.500000   3 615
  72        616  -11.242030   12.500000   3 616
  73        617  -11.295130   12.500000   3 617
  74        618  -11.297630   12.500000   3 618
  75        619  -11.298270   12.500000   3 619
  76        620  -11.339760   12.500000   3 620
  77        621  -11.370680   12.500000   3 621
  78        622  -11.426030   12.500000   3 622
  79        623  -11.438920   12.500000   3 623
  80        624  -11.484990   12.500000   3 624
  81        625  -11.511820   12.500000   3 625
  82        626  -11.523050   12.500000   3 626
  83        627  -11.556030   12.500000   3 627
  84        628  -11.585060   13.000000   3 628
  85        629  -11.585570   13.000000   3 629
  86        630  -11.592420   13.000000   3 630
  87        631  -11.627030   13.000000   3 631
  88        632  -11.684830   13.000000   3 632
  89        633  -11.703030   13.000000   3 633
  90        634  -11.716030   13.000000   3 634
  91        635  -11.758360   13.000000   3 635
  92        636  -11.813590   13.000000   3 636
  93        637  -11.842630   13.000000   3 637
  94        638  -11.869030   13.000000   3 638
  95        639  -11.872330   13.000000   3 639
  96        649  -11.872300   11.872300   3 649
  97        800   -7.958930   10.500000   3 800
  98        801   -8.110091   10.500000   3 801
  99        802   -8.239916   11.000000   3 802
 100        803   -8.472938   11.000000   3 803
 101        804   -8.690752   11.500000   3 804
 102        805   -8.827910   11.500000   3 805
 103        806   -8.844750   11.500000   3 806
 104        807   -8.878630   11.500000   3 807
 105        808   -8.878640   11.500000   3 808
 106        809   -8.909880   11.500000   3 809
 107        810   -9.133930   12.000000   3 810
 108        811   -9.134460   12.000000   3 811
 109        812   -9.252300   12.000000   3 812
 110        813   -9.254870   12.000000   3 813
 111        814   -9.343140   12.000000   3 814
 112        815   -9.403990   12.000000   3 815
 113        816   -9.408140   12.000000   3 816
 114        817   -9.455220   12.000000   3 817
 115        818   -9.590390   12.000000   3 818
 116        819   -9.627560   12.500000   3 819
 117        820   -9.706730   12.500000   3 820
 118        821   -9.745860   12.500000   3 821
 119        822   -9.751210   12.500000   3 822
 120        823   -9.761130   12.500000   3 823
 121        824   -9.811550   12.500000   3 824
 122        825   -9.849930   12.500000   3 825
 123        826   -9.888630   12.500000   3 826
 124        827   -9.908960   12.500000   3 827
 125        828   -9.958830   12.500000   3 828
 126        829   -9.987040   12.500000   3 829
 127        830   -9.998430   12.500000   3 830
 128        831  -10.011930   12.500000   3 831
 129        832  -10.046530   12.500000   3 832
 130        849  -10.046600   14.000000   3 849
 131   50026061  -66.355950  120.000000  10   5  26061   0
 132   50026062  -58.303520  120.000000  10   5  26062   0
 133   50027062  -65.037870  120.000000  10   5  27062   0
 134   50027063  -56.557440  100.000000  10   5  27063   0
 135   50027064  -50.534010  100.000000  10   5  27064   0
 136   50027065  -43.087580   90.000000  10   5  27065   0
 137   50028063  -73.481880  120.000000  10   5  28063   0
 138   50028064  -63.823450  100.000000  10   5  28064   0
 139   50028065  -57.725020  100.000000  10   5  28065   0
 140   50028066  -48.747590   90.000000  10   5  28066   0
 141   50028067  -49.220490   90.000000  10   5  28067   0
 142   50028068  -43.629680   90.000000  10   5  28068   0
 143   50029064  -74.762800  120.000000  10   5  29064   0
 144   50029065  -64.852370  100.000000  10   5  29065   0
 145   50029066  -57.786940  100.000000  10   5  29066   0
 146   50029067  -48.669510   90.000000  10   5  29067   0
 147   50029068  -42.356080   80.000000  10   5  29068   0
 148   50029069  -34.086650   70.000000  10   5  29069   0
 149   50029070  -49.373040   90.000000  10   5  29070   0
 150   50029071  -49.215780   90.000000  10   5  29071   0
 151   50030065  -86.800810  120.000000  10   5  30065   0
 152   50030066  -75.741380  120.000000  10   5  30066   0
 153   50030067  -68.688950  100.000000  10   5  30067   0
 154   50030068  -58.490520   90.000000  10   5  30068   0
 155   50030069  -52.008090   90.000000  10   5  30069   0
 156   50030070  -42.792660   80.000000  10   5  30070   0
 157   50030071  -43.215560   80.000000  10   5  30071   0
 158   50030072  -36.562750   70.000000  10   5  30072   0
 159   50030073  -51.787140   90.000000  10   5  30073   0
 160   50030074  -51.134880   90.000000  10   5  30074   0
 161   50031066  -90.180740  140.000000  10   5  31066   0
 162   50031067  -78.953300  120.000000  10   5  31067   0
 163   50031068  -70.675870  100.000000  10   5  31068   0
 164   50031069  -60.366440   90.000000  10   5  31069   0
 165   50031070  -52.711010   80.000000  10   5  31070   0
 166   50031071  -43.407580   70.000000  10   5  31071   0
 167   50031072  -36.886150   60.000000  10   5  31072   0
 168   50031073  -27.697720   55.000000  10   5  31073   0
 169   50031074  -41.854110   70.000000  10   5  31074   0
 170   50031075  -41.090850   70.000000  10   5  31075   0
 171   50031076  -55.858240   80.000000  10   5  31076   0
 172   50031077  -55.833980   90.000000  10   5  31077   0
 173   50032068  -91.378310  120.000000  10   5  32068   0
 174   50032069  -83.189880  120.000000  10   5  32069   0
 175   50032070  -71.652450  100.000000  10   5  32070   0
 176   50032071  -64.236020   90.000000  10   5  32071   0
 177   50032072  -53.483590   80.000000  10   5  32072   0
 178   50032073  -46.701160   70.000000  10   5  32073   0
 179   50032074  -36.504730   60.000000  10   5  32074   0
 180   50032075  -36.256630   60.000000  10   5  32075   0
 181   50032076  -29.052820   50.000000  10   5  32076   0
 182   50032077  -43.558210   60.000000  10   5  32077   0
 183   50032078  -42.556950   70.000000  10   5  32078   0
 184   50032079  -57.437340   80.000000  10   5  32079   0
 185   50033069  -96.467230  140.000000  10   5  33069   0
 186   50033070  -87.136800  120.000000  10   5  33070   0
 187   50033071  -75.513370  100.000000  10   5  33071   0
 188   50033072  -67.104940   90.000000  10   5  33072   0
 189   50033073  -56.306510   80.000000  10   5  33073   0
 190   50033074  -48.331080   70.000000  10   5  33074   0
 191   50033075  -38.087650   60.000000  10   5  33075   0
 192   50033078  -34.667180   55.000000  10   5  33078   0
 193   50033079  -33.493920   55.000000  10   5  33079   0
 194   50033080  -47.518310   60.000000  10   5  33080   0
 195   50033081  -46.750050   70.000000  10   5  33081   0
 196   50033082  -61.466440   80.000000  10   5  33082   0
 197   50034071 -100.537800  120.000000  10   5  34071   0
 198   50034072  -88.036380  100.000000  10   5  34072   0
 199   50034073  -79.642950  100.000000  10   5  34073   0
 200   50034074  -67.574520   80.000000  10   5  34074   0
 201   50034075  -59.547090   80.000000  10   5  34075   0
 202   50034076  -48.392660   60.000000  10   5  34076   0
 203   50034080  -22.081890   37.000000  10   5  34080   0
 204   50034081  -35.958280   50.000000  10   5  34081   0
 205   50034082  -34.401020   50.000000  10   5  34082   0
 206   50034083  -49.160410   60.000000  10   5  34083   0
 207   50035073  -93.590300  120.000000  10   5  35073   0
 208   50035074  -83.745870  100.000000  10   5  35074   0
 209   50035075  -71.841440   90.000000  10   5  35075   0
 210   50035076  -62.620010   80.000000  10   5  35076   0
 211   50035077  -51.603580   60.000000  10   5  35077   0
 212   50035078  -43.314150   55.000000  10   5  35078   0
 213   50035082  -27.562250   39.000000  10   5  35082   0
 214   50035083  -25.695990   37.000000  10   5  35083   0
 215   50035084  -39.435380   50.000000  10   5  35084   0
 216   50035085  -38.247120   50.000000  10   5  35085   0
 217   50036075  -97.334880  100.000000  10   5  36075   0
 218   50036076  -84.526450  100.000000  10   5  36076   0
 219   50036077  -75.263020   80.000000  10   5  36077   0
 220   50036078  -63.202590   70.000000  10   5  36078   0
 221   50036079  -54.849160   60.000000  10   5  36079   0
 222   50036080  -43.326730   50.000000  10   5  36080   0
 223   50036081  -35.454300   43.000000  10   5  36081   0
 224   50036082  -24.487870   31.000000  10   5  36082   0
 225   50036085  -28.441350   36.000000  10   5  36085   0
 226   50037077  -89.872370  100.000000  10   5  37077   0
 227   50037078  -79.690940   90.000000  10   5  37078   0
 228   50037079  -67.758500   70.000000  10   5  37079   0
 229   50037080  -58.311080   60.000000  10   5  37080   0
 230   50037081  -46.956650   50.000000  10   5  37081   0
 231   50037085  -15.846000   15.846000  10   5  37085   0
 232   50038079  -93.674950  100.000000  10   5  38079   0
 233   50038080  -80.775520   90.000000  10   5  38080   0
 234   50038081  -71.482100   71.482100  10   5  38081   0
 235   50038082  -58.928660   60.000000  10   5  38082   0
 236   50038083  -17.435000   50.000000  10   5  38083   0
 237   50038084  -17.323000   40.000000  10   5  38084   0
 238   50039082  -76.009010   80.000000  10   5  39082   0
 239   50039083  -63.802580   63.802580  10   5  39083   0
 240   50039084  -53.901150   55.000000  10   5  39084   0
 241      10022  -18.448000   42.000000  10  22  37084   0
 242      10023  -30.758220   50.000000  10  23  33076   0
 243      10024  -27.196000   30.000000  10  24  37083   0
 244      10025  -26.345000   42.000000  10  25  37082   0
 245      10029  -24.734290   36.000000  10  29  35080   0
 246      10030  -32.626720   44.000000  10  30  35079   0
 247      10035  -30.475800   45.000000  10  35  34078   0
 248      10036  -40.974230   55.000000  10  36  34077   0
 249      10037  -42.138000   42.138000  10  37  39085   0
 250      10045   -7.321000   31.000000  10  45  36083   0
 251      10108  -14.577860   24.500000  10 108  35081   0
 252      10109  -21.060790   42.000000  10 109  33077   0
 253      10112  -14.985000   41.000000  10 112  36084   0
 254      10114  -29.770700   45.000000  10 114  34079   0
 
   p   ZAP IP   NR    Tp [MeV]
   1     1  1   36   11.476430
   2     0  2  125    5.000000
   3  1001  9   50    8.500000
   4  1002 31    5   14.200000
   5  1003 32    4   14.200000
   6  2003 33    3   14.200000
   7  2004 34   37   10.500000
--------------------------------------------------------------------------------
 
