 
--------------------------------------------------------------------------------
  4-Be-  9   T= 0.00 K from IAEA/PD-2019       (ACEMAKER)
 ZAID=  4009.38u  MAT= 425  ZA=  4009
 AWR=   8.934780  STA=  0  ELIS=   0.000 MeV  LIS=  0  LISO=  0
--------------------------------------------------------------------------------
 NTOTR=  30 NTRAN=  18 NPROD=  12 NE=     228 EMAX= 150.000 MeV
   i     MT/MTD     Q [MeV]     T [MeV] LMF  MT    ZAP LFS
   1         16  -20.563000   20.588000   3  16
   2         24  -22.160000   22.189000   3  24
   3         28  -18.920000   18.941000   3  28
   4         29   -1.572000    1.572100   3  29
   5         32  -23.945000   23.979000   3  32
   6         33  -21.387000   21.414000   3  33
   7         35  -25.420000   25.458000   3  35
   8         41  -27.644000   27.690000   3  41
   9        115  -26.670000   26.712000   3 115
  10        117  -19.163000   19.185000   3 117
  11        600  -16.887000   16.904000   3 600
  12        601  -17.868000   17.887000   3 601
  13        650  -16.696000   16.713000   3 650
  14        651  -17.174000   17.191000   3 651
  15        700  -17.688000   17.707000   3 700
  16        701  -21.251000   21.278000   3 701
  17        750  -21.176000   21.203000   3 750
  18        751  -22.973000   23.004000   3 751
  19      10016  -20.563000   20.588000   6  16   4007   0
  20      10028  -18.920000   18.941000   6  28   3007   0
  21      10035  -25.420000   25.458000   6  35   3006   0
  22      10115  -26.670000   26.712000   6 115   2006   0
  23      10600  -16.887000   16.904000   6 600   3008   0
  24      10601  -17.868000   17.887000   6 601   3008   0
  25      10650  -16.696000   16.713000   6 650   3007   0
  26      10651  -17.174000   17.191000   6 651   3007   0
  27      10700  -17.688000   17.707000   6 700   3006   0
  28      10701  -21.251000   21.278000   6 701   3006   0
  29      10750  -21.176000   21.203000   6 750   2006   0
  30      10751  -22.973000   23.004000   6 751   2006   0
 
   p   ZAP IP   NR    Tp [MeV]
   1     1  1    7    1.572100
   2  1001  9    6   16.904000
   3  1002 31    7   16.713000
   4  1003 32    5   17.707000
   5  2003 33    3   21.203000
   6  2004 34    6    1.572100
--------------------------------------------------------------------------------
 
