 
--------------------------------------------------------------------------------
 40-Zr- 93   T= 0.00 K from IAEA/PD-2019       (ACEMAKER)
 ZAID= 40093.38u  MAT=4034  ZA= 40093
 AWR=  92.108360  STA=  1  ELIS=   0.000 MeV  LIS=  0  LISO=  0
--------------------------------------------------------------------------------
 NTOTR= 339 NTRAN=   1 NPROD= 338 NE=     136 EMAX= 200.000 MeV
   i     MT/MTD     Q [MeV]     T [MeV] LMF  MT    ZAP LFS
   1          5    0.000000    1.000000   3   5
   2   50021056    0.000000  180.000000   6   5  21056   0
   3   50021057    0.000000  190.000000   6   5  21057   0
   4   50022057    0.000000  160.000000   6   5  22057   0
   5   50022058    0.000000  160.000000   6   5  22058   0
   6   50022059    0.000000  180.000000   6   5  22059   0
   7   50022060    0.000000  180.000000   6   5  22060   0
   8   50023058    0.000000  160.000000   6   5  23058   0
   9   50023059    0.000000  160.000000   6   5  23059   0
  10   50023060    0.000000  160.000000   6   5  23060   0
  11   51023060    0.000000  160.000000   6   5  23060   1
  12   50023061    0.000000  160.000000   6   5  23061   0
  13   50023062    0.000000  180.000000   6   5  23062   0
  14   50023063    0.000000  190.000000   6   5  23063   0
  15   50024059    0.000000  140.000000   6   5  24059   0
  16   50024060    0.000000  130.000000   6   5  24060   0
  17   50024061    0.000000  130.000000   6   5  24061   0
  18   50024062    0.000000  130.000000   6   5  24062   0
  19   50024063    0.000000  160.000000   6   5  24063   0
  20   50024064    0.000000  160.000000   6   5  24064   0
  21   50024065    0.000000  190.000000   6   5  24065   0
  22   50024066    0.000000  190.000000   6   5  24066   0
  23   50025060    0.000000  140.000000   6   5  25060   0
  24   51025060    0.000000  140.000000   6   5  25060   1
  25   50025061    0.000000  130.000000   6   5  25061   0
  26   50025062    0.000000  130.000000   6   5  25062   0
  27   50025063    0.000000  130.000000   6   5  25063   0
  28   50025064    0.000000  130.000000   6   5  25064   0
  29   50025065    0.000000  130.000000   6   5  25065   0
  30   50025066    0.000000  160.000000   6   5  25066   0
  31   50025067    0.000000  160.000000   6   5  25067   0
  32   50025068    0.000000  190.000000   6   5  25068   0
  33   50025069    0.000000  190.000000   6   5  25069   0
  34   50026061    0.000000  140.000000   6   5  26061   0
  35   50026062    0.000000  130.000000   6   5  26062   0
  36   50026063    0.000000  120.000000   6   5  26063   0
  37   50026064    0.000000  110.000000   6   5  26064   0
  38   50026065    0.000000  110.000000   6   5  26065   0
  39   50026066    0.000000  110.000000   6   5  26066   0
  40   50026067    0.000000  130.000000   6   5  26067   0
  41   50026068    0.000000  130.000000   6   5  26068   0
  42   50026069    0.000000  160.000000   6   5  26069   0
  43   50026070    0.000000  160.000000   6   5  26070   0
  44   50026071    0.000000  190.000000   6   5  26071   0
  45   50026072    0.000000  190.000000   6   5  26072   0
  46   50027062    0.000000  140.000000   6   5  27062   0
  47   51027062    0.000000  140.000000   6   5  27062   1
  48   50027063    0.000000  130.000000   6   5  27063   0
  49   50027064    0.000000  120.000000   6   5  27064   0
  50   50027065    0.000000  110.000000   6   5  27065   0
  51   50027066    0.000000  110.000000   6   5  27066   0
  52   50027067    0.000000  110.000000   6   5  27067   0
  53   50027068    0.000000  110.000000   6   5  27068   0
  54   51027068    0.000000  110.000000   6   5  27068   1
  55   50027069    0.000000  110.000000   6   5  27069   0
  56   50027070    0.000000  130.000000   6   5  27070   0
  57   51027070    0.000000  130.000000   6   5  27070   1
  58   50027071    0.000000  130.000000   6   5  27071   0
  59   50027072    0.000000  160.000000   6   5  27072   0
  60   50027073    0.000000  160.000000   6   5  27073   0
  61   50027074    0.000000  190.000000   6   5  27074   0
  62   50028063    0.000000  140.000000   6   5  28063   0
  63   50028064    0.000000  130.000000   6   5  28064   0
  64   50028065    0.000000  120.000000   6   5  28065   0
  65   50028066    0.000000  110.000000   6   5  28066   0
  66   50028067    0.000000  100.000000   6   5  28067   0
  67   50028068    0.000000   90.000000   6   5  28068   0
  68   50028069    0.000000   85.000000   6   5  28069   0
  69   50028070    0.000000   90.000000   6   5  28070   0
  70   50028071    0.000000  110.000000   6   5  28071   0
  71   50028072    0.000000  110.000000   6   5  28072   0
  72   50028073    0.000000  130.000000   6   5  28073   0
  73   50028074    0.000000  130.000000   6   5  28074   0
  74   50028075    0.000000  160.000000   6   5  28075   0
  75   50028076    0.000000  160.000000   6   5  28076   0
  76   50029064    0.000000  140.000000   6   5  29064   0
  77   50029065    0.000000  130.000000   6   5  29065   0
  78   50029066    0.000000  120.000000   6   5  29066   0
  79   50029067    0.000000  110.000000   6   5  29067   0
  80   50029068    0.000000  100.000000   6   5  29068   0
  81   51029068    0.000000  100.000000   6   5  29068   1
  82   50029069    0.000000   90.000000   6   5  29069   0
  83   50029070    0.000000   85.000000   6   5  29070   0
  84   51029070    0.000000   85.000000   6   5  29070   1
  85   50029071    0.000000   85.000000   6   5  29071   0
  86   50029072    0.000000   85.000000   6   5  29072   0
  87   50029073    0.000000   90.000000   6   5  29073   0
  88   50029074    0.000000  110.000000   6   5  29074   0
  89   50029075    0.000000  110.000000   6   5  29075   0
  90   50029076    0.000000  130.000000   6   5  29076   0
  91   51029076    0.000000  130.000000   6   5  29076   1
  92   50029077    0.000000  130.000000   6   5  29077   0
  93   50029078    0.000000  160.000000   6   5  29078   0
  94   50029079    0.000000  170.000000   6   5  29079   0
  95   50030065    0.000000  150.000000   6   5  30065   0
  96   50030066    0.000000  130.000000   6   5  30066   0
  97   50030067    0.000000  120.000000   6   5  30067   0
  98   50030068    0.000000  110.000000   6   5  30068   0
  99   50030069    0.000000  100.000000   6   5  30069   0
 100   51030069    0.000000  100.000000   6   5  30069   1
 101   50030070    0.000000   90.000000   6   5  30070   0
 102   50030071    0.000000   78.000000   6   5  30071   0
 103   51030071    0.000000   78.000000   6   5  30071   1
 104   50030072    0.000000   70.000000   6   5  30072   0
 105   50030073    0.000000   64.000000   6   5  30073   0
 106   50030074    0.000000   72.000000   6   5  30074   0
 107   50030075    0.000000   80.000000   6   5  30075   0
 108   50030076    0.000000   85.000000   6   5  30076   0
 109   50030077    0.000000  110.000000   6   5  30077   0
 110   51030077    0.000000  110.000000   6   5  30077   1
 111   50030078    0.000000  110.000000   6   5  30078   0
 112   50030079    0.000000  130.000000   6   5  30079   0
 113   50030080    0.000000  140.000000   6   5  30080   0
 114   50030081    0.000000  170.000000   6   5  30081   0
 115   50030082    0.000000  180.000000   6   5  30082   0
 116   50031066    0.000000  150.000000   6   5  31066   0
 117   50031067    0.000000  130.000000   6   5  31067   0
 118   50031068    0.000000  120.000000   6   5  31068   0
 119   50031069    0.000000  110.000000   6   5  31069   0
 120   50031070    0.000000  100.000000   6   5  31070   0
 121   50031071    0.000000   90.000000   6   5  31071   0
 122   50031072    0.000000   80.000000   6   5  31072   0
 123   50031073    0.000000   74.000000   6   5  31073   0
 124   50031074    0.000000   66.000000   6   5  31074   0
 125   50031075    0.000000   64.000000   6   5  31075   0
 126   50031076    0.000000   62.000000   6   5  31076   0
 127   50031077    0.000000   72.000000   6   5  31077   0
 128   50031078    0.000000   78.000000   6   5  31078   0
 129   50031079    0.000000   85.000000   6   5  31079   0
 130   50031080    0.000000  110.000000   6   5  31080   0
 131   50031081    0.000000  110.000000   6   5  31081   0
 132   50031082    0.000000  140.000000   6   5  31082   0
 133   50031083    0.000000  140.000000   6   5  31083   0
 134   50031084    0.000000  180.000000   6   5  31084   0
 135   50032067    0.000000  160.000000   6   5  32067   0
 136   50032068    0.000000  140.000000   6   5  32068   0
 137   50032069    0.000000  130.000000   6   5  32069   0
 138   50032070    0.000000  120.000000   6   5  32070   0
 139   50032071    0.000000  110.000000   6   5  32071   0
 140   50032072    0.000000   95.000000   6   5  32072   0
 141   50032073    0.000000   80.000000   6   5  32073   0
 142   51032073    0.000000   80.000000   6   5  32073   1
 143   50032074    0.000000   70.000000   6   5  32074   0
 144   50032075    0.000000   62.000000   6   5  32075   0
 145   51032075    0.000000   62.000000   6   5  32075   1
 146   50032076    0.000000   52.000000   6   5  32076   0
 147   50032077    0.000000   46.000000   6   5  32077   0
 148   51032077    0.000000   46.000000   6   5  32077   1
 149   50032078    0.000000   56.000000   6   5  32078   0
 150   50032079    0.000000   58.000000   6   5  32079   0
 151   51032079    0.000000   58.000000   6   5  32079   1
 152   50032080    0.000000   70.000000   6   5  32080   0
 153   50032081    0.000000   78.000000   6   5  32081   0
 154   51032081    0.000000   78.000000   6   5  32081   1
 155   50032082    0.000000   85.000000   6   5  32082   0
 156   50032083    0.000000  110.000000   6   5  32083   0
 157   50032084    0.000000  110.000000   6   5  32084   0
 158   50032085    0.000000  140.000000   6   5  32085   0
 159   50033068    0.000000  160.000000   6   5  33068   0
 160   50033069    0.000000  150.000000   6   5  33069   0
 161   50033070    0.000000  140.000000   6   5  33070   0
 162   50033071    0.000000  120.000000   6   5  33071   0
 163   50033072    0.000000  110.000000   6   5  33072   0
 164   50033073    0.000000  100.000000   6   5  33073   0
 165   50033074    0.000000   90.000000   6   5  33074   0
 166   50033075    0.000000   78.000000   6   5  33075   0
 167   50033076    0.000000   68.000000   6   5  33076   0
 168   50033077    0.000000   58.000000   6   5  33077   0
 169   50033078    0.000000   50.000000   6   5  33078   0
 170   50033079    0.000000   48.000000   6   5  33079   0
 171   50033080    0.000000   42.000000   6   5  33080   0
 172   50033081    0.000000   56.000000   6   5  33081   0
 173   50033082    0.000000   58.000000   6   5  33082   0
 174   51033082    0.000000   58.000000   6   5  33082   1
 175   50033083    0.000000   70.000000   6   5  33083   0
 176   50033084    0.000000   85.000000   6   5  33084   0
 177   50033085    0.000000   90.000000   6   5  33085   0
 178   50033086    0.000000  110.000000   6   5  33086   0
 179   50034069    0.000000  180.000000   6   5  34069   0
 180   50034070    0.000000  160.000000   6   5  34070   0
 181   50034071    0.000000  140.000000   6   5  34071   0
 182   50034072    0.000000  130.000000   6   5  34072   0
 183   50034073    0.000000  120.000000   6   5  34073   0
 184   51034073    0.000000  120.000000   6   5  34073   1
 185   50034074    0.000000  100.000000   6   5  34074   0
 186   50034075    0.000000   90.000000   6   5  34075   0
 187   50034076    0.000000   76.000000   6   5  34076   0
 188   50034077    0.000000   66.000000   6   5  34077   0
 189   51034077    0.000000   66.000000   6   5  34077   1
 190   50034078    0.000000   54.000000   6   5  34078   0
 191   50034079    0.000000   44.000000   6   5  34079   0
 192   51034079    0.000000   46.000000   6   5  34079   1
 193   50034080    0.000000   36.000000   6   5  34080   0
 194   50034081    0.000000   28.000000   6   5  34081   0
 195   51034081    0.000000   28.000000   6   5  34081   1
 196   50034082    0.000000   40.000000   6   5  34082   0
 197   50034083    0.000000   42.000000   6   5  34083   0
 198   51034083    0.000000   42.000000   6   5  34083   1
 199   50034084    0.000000   54.000000   6   5  34084   0
 200   50034085    0.000000   58.000000   6   5  34085   0
 201   50034086    0.000000   72.000000   6   5  34086   0
 202   50034087    0.000000   85.000000   6   5  34087   0
 203   50035070    0.000000  180.000000   6   5  35070   0
 204   51035070    0.000000  180.000000   6   5  35070   1
 205   50035071    0.000000  160.000000   6   5  35071   0
 206   50035072    0.000000  150.000000   6   5  35072   0
 207   51035072    0.000000  150.000000   6   5  35072   1
 208   50035073    0.000000  140.000000   6   5  35073   0
 209   50035074    0.000000  130.000000   6   5  35074   0
 210   51035074    0.000000  130.000000   6   5  35074   1
 211   50035075    0.000000  110.000000   6   5  35075   0
 212   50035076    0.000000  100.000000   6   5  35076   0
 213   51035076    0.000000  100.000000   6   5  35076   1
 214   50035077    0.000000   85.000000   6   5  35077   0
 215   51035077    0.000000   85.000000   6   5  35077   1
 216   50035078    0.000000   76.000000   6   5  35078   0
 217   50035079    0.000000   64.000000   6   5  35079   0
 218   51035079    0.000000   64.000000   6   5  35079   1
 219   50035080    0.000000   56.000000   6   5  35080   0
 220   51035080    0.000000   56.000000   6   5  35080   1
 221   50035081    0.000000   44.000000   6   5  35081   0
 222   50035082    0.000000   36.000000   6   5  35082   0
 223   51035082    0.000000   38.000000   6   5  35082   1
 224   50035083    0.000000   34.000000   6   5  35083   0
 225   50035084    0.000000   28.000000   6   5  35084   0
 226   51035084    0.000000   29.000000   6   5  35084   1
 227   50035085    0.000000   40.000000   6   5  35085   0
 228   50035086    0.000000   42.000000   6   5  35086   0
 229   50035087    0.000000   56.000000   6   5  35087   0
 230   50035088    0.000000   60.000000   6   5  35088   0
 231   50036072    0.000000  180.000000   6   5  36072   0
 232   50036073    0.000000  160.000000   6   5  36073   0
 233   50036074    0.000000  140.000000   6   5  36074   0
 234   50036075    0.000000  130.000000   6   5  36075   0
 235   50036076    0.000000  110.000000   6   5  36076   0
 236   50036077    0.000000  100.000000   6   5  36077   0
 237   50036078    0.000000   85.000000   6   5  36078   0
 238   50036079    0.000000   74.000000   6   5  36079   0
 239   51036079    0.000000   74.000000   6   5  36079   1
 240   50036080    0.000000   62.000000   6   5  36080   0
 241   50036081    0.000000   52.000000   6   5  36081   0
 242   51036081    0.000000   54.000000   6   5  36081   1
 243   50036082    0.000000   42.000000   6   5  36082   0
 244   50036083    0.000000   34.000000   6   5  36083   0
 245   51036083    0.000000   34.000000   6   5  36083   1
 246   50036084    0.000000   22.000000   6   5  36084   0
 247   50036085    0.000000   15.000000   6   5  36085   0
 248   51036085    0.000000   15.500000   6   5  36085   1
 249   50036086    0.000000   25.000000   6   5  36086   0
 250   50036087    0.000000   27.000000   6   5  36087   0
 251   50036088    0.000000   42.000000   6   5  36088   0
 252   50036089    0.000000   44.000000   6   5  36089   0
 253   50037073    0.000000  190.000000   6   5  37073   0
 254   50037074    0.000000  170.000000   6   5  37074   0
 255   50037075    0.000000  160.000000   6   5  37075   0
 256   50037076    0.000000  140.000000   6   5  37076   0
 257   50037077    0.000000  130.000000   6   5  37077   0
 258   50037078    0.000000  120.000000   6   5  37078   0
 259   51037078    0.000000  120.000000   6   5  37078   1
 260   50037079    0.000000  100.000000   6   5  37079   0
 261   50037080    0.000000   90.000000   6   5  37080   0
 262   50037081    0.000000   76.000000   6   5  37081   0
 263   51037081    0.000000   76.000000   6   5  37081   1
 264   50037082    0.000000   66.000000   6   5  37082   0
 265   51037082    0.000000   66.000000   6   5  37082   1
 266   50037083    0.000000   54.000000   6   5  37083   0
 267   50037084    0.000000   44.000000   6   5  37084   0
 268   51037084    0.000000   46.000000   6   5  37084   1
 269   50037085    0.000000   34.000000   6   5  37085   0
 270   50037086    0.000000   25.000000   6   5  37086   0
 271   51037086    0.000000   25.000000   6   5  37086   1
 272   50037087    0.000000   21.000000   6   5  37087   0
 273   50037088    0.000000   16.500000   6   5  37088   0
 274   50037089    0.000000   30.000000   6   5  37089   0
 275   50037090    0.000000   32.000000   6   5  37090   0
 276   51037090    0.000000   32.000000   6   5  37090   1
 277   50038075    0.000000  180.000000   6   5  38075   0
 278   50038076    0.000000  160.000000   6   5  38076   0
 279   50038077    0.000000  150.000000   6   5  38077   0
 280   50038078    0.000000  130.000000   6   5  38078   0
 281   50038079    0.000000  120.000000   6   5  38079   0
 282   50038080    0.000000  100.000000   6   5  38080   0
 283   50038081    0.000000   90.000000   6   5  38081   0
 284   50038082    0.000000   76.000000   6   5  38082   0
 285   50038083    0.000000   66.000000   6   5  38083   0
 286   51038083    0.000000   66.000000   6   5  38083   1
 287   50038084    0.000000   52.000000   6   5  38084   0
 288   50038085    0.000000   44.000000   6   5  38085   0
 289   51038085    0.000000   44.000000   6   5  38085   1
 290   50038086    0.000000   32.000000   6   5  38086   0
 291   50038087    0.000000   22.000000   6   5  38087   0
 292   51038087    0.000000   23.000000   6   5  38087   1
 293   50038088    0.000000   10.500000   6   5  38088   0
 294   50038089    0.000000    4.500000   6   5  38089   0
 295   50038090    0.000000   17.000000   6   5  38090   0
 296   50038091    0.000000   19.000000   6   5  38091   0
 297   50039077    0.000000  180.000000   6   5  39077   0
 298   50039078    0.000000  170.000000   6   5  39078   0
 299   50039079    0.000000  150.000000   6   5  39079   0
 300   50039080    0.000000  140.000000   6   5  39080   0
 301   51039080    0.000000  140.000000   6   5  39080   1
 302   50039081    0.000000  120.000000   6   5  39081   0
 303   50039082    0.000000  110.000000   6   5  39082   0
 304   50039083    0.000000   95.000000   6   5  39083   0
 305   51039083    0.000000   95.000000   6   5  39083   1
 306   50039084    0.000000   80.000000   6   5  39084   0
 307   51039084    0.000000   80.000000   6   5  39084   1
 308   50039085    0.000000   68.000000   6   5  39085   0
 309   51039085    0.000000   68.000000   6   5  39085   1
 310   50039086    0.000000   58.000000   6   5  39086   0
 311   51039086    0.000000   58.000000   6   5  39086   1
 312   50039087    0.000000   46.000000   6   5  39087   0
 313   51039087    0.000000   46.000000   6   5  39087   1
 314   50039088    0.000000   36.000000   6   5  39088   0
 315   50039089    0.000000   23.000000   6   5  39089   0
 316   51039089    0.000000   24.000000   6   5  39089   1
 317   50039090    0.000000   16.000000   6   5  39090   0
 318   51039090    0.000000   16.500000   6   5  39090   1
 319   50039091    0.000000   14.500000   6   5  39091   0
 320   51039091    0.000000   15.000000   6   5  39091   1
 321   50039092    0.000000   10.000000   6   5  39092   0
 322   50040079    0.000000  170.000000   6   5  40079   0
 323   50040080    0.000000  150.000000   6   5  40080   0
 324   50040081    0.000000  140.000000   6   5  40081   0
 325   50040082    0.000000  120.000000   6   5  40082   0
 326   50040083    0.000000  110.000000   6   5  40083   0
 327   50040084    0.000000   95.000000   6   5  40084   0
 328   50040085    0.000000   85.000000   6   5  40085   0
 329   50040086    0.000000   70.000000   6   5  40086   0
 330   50040087    0.000000   60.000000   6   5  40087   0
 331   51040087    0.000000   60.000000   6   5  40087   1
 332   50040088    0.000000   46.000000   6   5  40088   0
 333   50040089    0.000000   36.000000   6   5  40089   0
 334   51040089    0.000000   36.000000   6   5  40089   1
 335   50040090    0.000000   23.000000   6   5  40090   0
 336   51040090    0.000000   26.000000   6   5  40090   1
 337   50040091    0.000000   15.500000   6   5  40091   0
 338   50040092    0.000000    7.000000   6   5  40092   0
 339   50040093    0.000000    1.000000   6   5  40093   0
 
   p   ZAP IP   NR    Tp [MeV]
   1     1  1    1    6.734321
   2     0  2    1    1.000000
   3  1001  9    1    9.594511
   4  1002 31    1   13.906460
   5  1003 32    1   15.577780
   6  2003 33    1   17.000000
   7  2004 34    1    4.000000
--------------------------------------------------------------------------------
 
