 
--------------------------------------------------------------------------------
 40-Zr- 94   T= 0.00 K from IAEA/PD-2019       (ACEMAKER)
 ZAID= 40094.38u  MAT=4037  ZA= 40094
 AWR=  93.099620  STA=  0  ELIS=   0.000 MeV  LIS=  0  LISO=  0
--------------------------------------------------------------------------------
 NTOTR= 133 NTRAN=   1 NPROD= 132 NE=      88 EMAX= 200.000 MeV
   i     MT/MTD     Q [MeV]     T [MeV] LMF  MT    ZAP LFS
   1          5    0.000000    1.000000   3   5
   2   50030064    0.000000  140.000000   6   5  30064   0
   3   50030065    0.000000  130.000000   6   5  30065   0
   4   50030066    0.000000  130.000000   6   5  30066   0
   5   50031065    0.000000  140.000000   6   5  31065   0
   6   50031066    0.000000  130.000000   6   5  31066   0
   7   50031067    0.000000  130.000000   6   5  31067   0
   8   50031068    0.000000  130.000000   6   5  31068   0
   9   50031069    0.000000  130.000000   6   5  31069   0
  10   50032066    0.000000  140.000000   6   5  32066   0
  11   50032067    0.000000  130.000000   6   5  32067   0
  12   50032068    0.000000  120.000000   6   5  32068   0
  13   50032069    0.000000  120.000000   6   5  32069   0
  14   50032070    0.000000  120.000000   6   5  32070   0
  15   50032071    0.000000  120.000000   6   5  32071   0
  16   50033068    0.000000  140.000000   6   5  33068   0
  17   50033069    0.000000  130.000000   6   5  33069   0
  18   50033070    0.000000  120.000000   6   5  33070   0
  19   50033071    0.000000  120.000000   6   5  33071   0
  20   50033072    0.000000  110.000000   6   5  33072   0
  21   50033073    0.000000  110.000000   6   5  33073   0
  22   50033074    0.000000  110.000000   6   5  33074   0
  23   50033075    0.000000  110.000000   6   5  33075   0
  24   50034071    0.000000  130.000000   6   5  34071   0
  25   50034072    0.000000  120.000000   6   5  34072   0
  26   50034073    0.000000  110.000000   6   5  34073   0
  27   51034073    0.000000  110.000000   6   5  34073   1
  28   50034074    0.000000  110.000000   6   5  34074   0
  29   50034075    0.000000  100.000000   6   5  34075   0
  30   50034076    0.000000  100.000000   6   5  34076   0
  31   50034077    0.000000  100.000000   6   5  34077   0
  32   51034077    0.000000  100.000000   6   5  34077   1
  33   50034078    0.000000   90.000000   6   5  34078   0
  34   50034079    0.000000   85.000000   6   5  34079   0
  35   51034079    0.000000   85.000000   6   5  34079   1
  36   50035073    0.000000  130.000000   6   5  35073   0
  37   50035074    0.000000  120.000000   6   5  35074   0
  38   52035074    0.000000  120.000000   6   5  35074   2
  39   50035075    0.000000  110.000000   6   5  35075   0
  40   50035076    0.000000  100.000000   6   5  35076   0
  41   52035076    0.000000  100.000000   6   5  35076   2
  42   50035077    0.000000   95.000000   6   5  35077   0
  43   51035077    0.000000   95.000000   6   5  35077   1
  44   50035078    0.000000   90.000000   6   5  35078   0
  45   50035079    0.000000   85.000000   6   5  35079   0
  46   51035079    0.000000   85.000000   6   5  35079   1
  47   50035080    0.000000   85.000000   6   5  35080   0
  48   52035080    0.000000   85.000000   6   5  35080   2
  49   50035081    0.000000   80.000000   6   5  35081   0
  50   50035082    0.000000   76.000000   6   5  35082   0
  51   51035082    0.000000   76.000000   6   5  35082   1
  52   50035083    0.000000   76.000000   6   5  35083   0
  53   50036075    0.000000  130.000000   6   5  36075   0
  54   50036076    0.000000  110.000000   6   5  36076   0
  55   50036077    0.000000  100.000000   6   5  36077   0
  56   50036078    0.000000   90.000000   6   5  36078   0
  57   50036079    0.000000   85.000000   6   5  36079   0
  58   51036079    0.000000   85.000000   6   5  36079   1
  59   50036080    0.000000   80.000000   6   5  36080   0
  60   50036081    0.000000   74.000000   6   5  36081   0
  61   52036081    0.000000   74.000000   6   5  36081   2
  62   50036082    0.000000   66.000000   6   5  36082   0
  63   50036083    0.000000   58.000000   6   5  36083   0
  64   52036083    0.000000   58.000000   6   5  36083   2
  65   50036084    0.000000   52.000000   6   5  36084   0
  66   50036085    0.000000   50.000000   6   5  36085   0
  67   51036085    0.000000   50.000000   6   5  36085   1
  68   50036086    0.000000   50.000000   6   5  36086   0
  69   50037078    0.000000  120.000000   6   5  37078   0
  70   53037078    0.000000  120.000000   6   5  37078   3
  71   50037079    0.000000  100.000000   6   5  37079   0
  72   50037080    0.000000   95.000000   6   5  37080   0
  73   50037081    0.000000   90.000000   6   5  37081   0
  74   51037081    0.000000   90.000000   6   5  37081   1
  75   50037082    0.000000   80.000000   6   5  37082   0
  76   51037082    0.000000   80.000000   6   5  37082   1
  77   50037083    0.000000   76.000000   6   5  37083   0
  78   50037084    0.000000   68.000000   6   5  37084   0
  79   52037084    0.000000   68.000000   6   5  37084   2
  80   50037085    0.000000   60.000000   6   5  37085   0
  81   50037086    0.000000   54.000000   6   5  37086   0
  82   52037086    0.000000   54.000000   6   5  37086   2
  83   50037087    0.000000   46.000000   6   5  37087   0
  84   50037088    0.000000   40.000000   6   5  37088   0
  85   50038080    0.000000  110.000000   6   5  38080   0
  86   50038081    0.000000  100.000000   6   5  38081   0
  87   50038082    0.000000   85.000000   6   5  38082   0
  88   50038083    0.000000   78.000000   6   5  38083   0
  89   52038083    0.000000   78.000000   6   5  38083   2
  90   50038084    0.000000   68.000000   6   5  38084   0
  91   50038085    0.000000   60.000000   6   5  38085   0
  92   52038085    0.000000   60.000000   6   5  38085   2
  93   50038086    0.000000   48.000000   6   5  38086   0
  94   50038087    0.000000   40.000000   6   5  38087   0
  95   51038087    0.000000   40.000000   6   5  38087   1
  96   50038088    0.000000   27.000000   6   5  38088   0
  97   50038089    0.000000   19.500000   6   5  38089   0
  98   50038090    0.000000   11.000000   6   5  38090   0
  99   50038091    0.000000   38.000000   6   5  38091   0
 100   50039082    0.000000  110.000000   6   5  39082   0
 101   50039083    0.000000  100.000000   6   5  39083   0
 102   51039083    0.000000  100.000000   6   5  39083   1
 103   50039084    0.000000   95.000000   6   5  39084   0
 104   52039084    0.000000   95.000000   6   5  39084   2
 105   50039085    0.000000   80.000000   6   5  39085   0
 106   51039085    0.000000   80.000000   6   5  39085   1
 107   50039086    0.000000   74.000000   6   5  39086   0
 108   52039086    0.000000   74.000000   6   5  39086   2
 109   50039087    0.000000   62.000000   6   5  39087   0
 110   51039087    0.000000   62.000000   6   5  39087   1
 111   50039088    0.000000   52.000000   6   5  39088   0
 112   50039089    0.000000   40.000000   6   5  39089   0
 113   51039089    0.000000   40.000000   6   5  39089   1
 114   50039090    0.000000   32.000000   6   5  39090   0
 115   52039090    0.000000   32.000000   6   5  39090   2
 116   50039091    0.000000   27.000000   6   5  39091   0
 117   51039091    0.000000   27.000000   6   5  39091   1
 118   50039092    0.000000   20.000000   6   5  39092   0
 119   50039093    0.000000   13.500000   6   5  39093   0
 120   50040084    0.000000  100.000000   6   5  40084   0
 121   50040085    0.000000   90.000000   6   5  40085   0
 122   52040085    0.000000   90.000000   6   5  40085   2
 123   50040086    0.000000   76.000000   6   5  40086   0
 124   50040087    0.000000   66.000000   6   5  40087   0
 125   52040087    0.000000   66.000000   6   5  40087   2
 126   50040088    0.000000   52.000000   6   5  40088   0
 127   50040089    0.000000   42.000000   6   5  40089   0
 128   51040089    0.000000   42.000000   6   5  40089   1
 129   50040090    0.000000   30.000000   6   5  40090   0
 130   50040091    0.000000   23.000000   6   5  40091   0
 131   50040092    0.000000   14.500000   6   5  40092   0
 132   50040093    0.000000    8.000000   6   5  40093   0
 133   50040094    0.000000    1.000000   6   5  40094   0
 
   p   ZAP IP   NR    Tp [MeV]
   1     1  1    1    8.000000
   2     0  2    1    1.000000
   3  1001  9    1   11.500000
   4  1002 31    1   17.000000
   5  1003 32    1   17.500000
   6  2003 33    1   23.000000
   7  2004 34    1    8.500000
--------------------------------------------------------------------------------
 
