 
--------------------------------------------------------------------------------
 40-Zr- 90   T= 0.00 K from IAEA/PD-2019       (ACEMAKER)
 ZAID= 40090.38u  MAT=4025  ZA= 40090
 AWR=  89.132000  STA=  0  ELIS=   0.000 MeV  LIS=  0  LISO=  0
--------------------------------------------------------------------------------
 NTOTR=  58 NTRAN=   1 NPROD=  57 NE=     101 EMAX= 200.000 MeV
   i     MT/MTD     Q [MeV]     T [MeV] LMF  MT    ZAP LFS
   1          5    0.000000    1.999000   3   5
   2        201  -11.971000   11.970700   3 201
   3        203   -8.356500    9.000000   3 203
   4        204  -17.612000   19.500000   3 204
   5        205  -20.706000   24.500000   3 205
   6        206  -18.827000   27.500000   3 206
   7        207   -6.677100   11.000000   3 207
   8   50033074    0.000000    2.000000   6   5  33074   0
   9   50033075    0.000000    2.000000   6   5  33075   0
  10   50033076    0.000000    2.000000   6   5  33076   0
  11   50034075    0.000000    2.000000   6   5  34075   0
  12   50034076    0.000000    2.000000   6   5  34076   0
  13   50034077    0.000000    2.000000   6   5  34077   0
  14   50034078    0.000000    2.000000   6   5  34078   0
  15   50034079    0.000000    2.000000   6   5  34079   0
  16   50035077    0.000000    2.000000   6   5  35077   0
  17   50035078    0.000000    2.000000   6   5  35078   0
  18   50035079    0.000000    2.000000   6   5  35079   0
  19   50035080    0.000000    2.000000   6   5  35080   0
  20   50035081    0.000000    2.000000   6   5  35081   0
  21   50035082    0.000000    2.000000   6   5  35082   0
  22   50036078    0.000000    2.000000   6   5  36078   0
  23   50036079    0.000000    2.000000   6   5  36079   0
  24   50036080    0.000000    2.000000   6   5  36080   0
  25   50036081    0.000000    2.000000   6   5  36081   0
  26   50036082    0.000000    2.000000   6   5  36082   0
  27   50036083    0.000000    2.000000   6   5  36083   0
  28   50036084    0.000000    2.000000   6   5  36084   0
  29   50036085    0.000000    2.000000   6   5  36085   0
  30   50037080    0.000000    2.000000   6   5  37080   0
  31   50037081    0.000000    2.000000   6   5  37081   0
  32   50037082    0.000000    2.000000   6   5  37082   0
  33   50037083    0.000000    2.000000   6   5  37083   0
  34   50037084    0.000000    2.000000   6   5  37084   0
  35   50037085    0.000000    2.000000   6   5  37085   0
  36   50037086    0.000000    2.000000   6   5  37086   0
  37   50037087    0.000000    2.000000   6   5  37087   0
  38   50038081    0.000000    2.000000   6   5  38081   0
  39   50038082    0.000000    2.000000   6   5  38082   0
  40   50038083    0.000000    2.000000   6   5  38083   0
  41   50038084    0.000000    2.000000   6   5  38084   0
  42   50038085    0.000000    2.000000   6   5  38085   0
  43   50038086    0.000000    2.000000   6   5  38086   0
  44   50038087    0.000000    2.000000   6   5  38087   0
  45   50038088    0.000000    2.000000   6   5  38088   0
  46   50039083    0.000000    2.000000   6   5  39083   0
  47   50039084    0.000000    2.000000   6   5  39084   0
  48   50039085    0.000000    2.000000   6   5  39085   0
  49   50039086    0.000000    2.000000   6   5  39086   0
  50   50039087    0.000000    2.000000   6   5  39087   0
  51   50039088    0.000000    2.000000   6   5  39088   0
  52   50039089    0.000000    2.000000   6   5  39089   0
  53   50040084    0.000000    2.000000   6   5  40084   0
  54   50040085    0.000000    2.000000   6   5  40085   0
  55   50040086    0.000000    2.000000   6   5  40086   0
  56   50040087    0.000000    2.000000   6   5  40087   0
  57   50040088    0.000000    2.000000   6   5  40088   0
  58   50040089    0.000000    2.000000   6   5  40089   0
 
   p   ZAP IP   NR    Tp [MeV]
   1     1  1    1   11.970000
   2     0  2    1    1.999000
   3  1001  9    1    9.000000
   4  1002 31    1   19.000000
   5  1003 32    1   23.500000
   6  2003 33    1   25.000000
   7  2004 34    1   10.500000
--------------------------------------------------------------------------------
 
