 
--------------------------------------------------------------------------------
 40-Zr- 92   T= 0.00 K from IAEA/PD-2019       (ACEMAKER)
 ZAID= 40092.38u  MAT=4031  ZA= 40092
 AWR=  91.115530  STA=  0  ELIS=   0.000 MeV  LIS=  0  LISO=  0
--------------------------------------------------------------------------------
 NTOTR= 330 NTRAN=   1 NPROD= 329 NE=     135 EMAX= 200.000 MeV
   i     MT/MTD     Q [MeV]     T [MeV] LMF  MT    ZAP LFS
   1          5    0.000000    1.000000   3   5
   2   50021055    0.000000  180.000000   6   5  21055   0
   3   50022056    0.000000  160.000000   6   5  22056   0
   4   50022057    0.000000  170.000000   6   5  22057   0
   5   50022058    0.000000  170.000000   6   5  22058   0
   6   50023057    0.000000  160.000000   6   5  23057   0
   7   50023058    0.000000  160.000000   6   5  23058   0
   8   50023059    0.000000  160.000000   6   5  23059   0
   9   50023060    0.000000  170.000000   6   5  23060   0
  10   51023060    0.000000  170.000000   6   5  23060   1
  11   50023061    0.000000  170.000000   6   5  23061   0
  12   50024058    0.000000  140.000000   6   5  24058   0
  13   50024059    0.000000  140.000000   6   5  24059   0
  14   50024060    0.000000  140.000000   6   5  24060   0
  15   50024061    0.000000  150.000000   6   5  24061   0
  16   50024062    0.000000  150.000000   6   5  24062   0
  17   50024063    0.000000  170.000000   6   5  24063   0
  18   50024064    0.000000  170.000000   6   5  24064   0
  19   50025059    0.000000  140.000000   6   5  25059   0
  20   50025060    0.000000  140.000000   6   5  25060   0
  21   51025060    0.000000  140.000000   6   5  25060   1
  22   50025061    0.000000  140.000000   6   5  25061   0
  23   50025062    0.000000  140.000000   6   5  25062   0
  24   50025063    0.000000  140.000000   6   5  25063   0
  25   50025064    0.000000  150.000000   6   5  25064   0
  26   50025065    0.000000  150.000000   6   5  25065   0
  27   50025066    0.000000  170.000000   6   5  25066   0
  28   50025067    0.000000  170.000000   6   5  25067   0
  29   50026060    0.000000  140.000000   6   5  26060   0
  30   50026061    0.000000  130.000000   6   5  26061   0
  31   50026062    0.000000  120.000000   6   5  26062   0
  32   50026063    0.000000  110.000000   6   5  26063   0
  33   50026064    0.000000  110.000000   6   5  26064   0
  34   50026065    0.000000  120.000000   6   5  26065   0
  35   50026066    0.000000  120.000000   6   5  26066   0
  36   50026067    0.000000  150.000000   6   5  26067   0
  37   50026068    0.000000  150.000000   6   5  26068   0
  38   50026069    0.000000  170.000000   6   5  26069   0
  39   50026070    0.000000  170.000000   6   5  26070   0
  40   50027061    0.000000  140.000000   6   5  27061   0
  41   50027062    0.000000  130.000000   6   5  27062   0
  42   51027062    0.000000  130.000000   6   5  27062   1
  43   50027063    0.000000  120.000000   6   5  27063   0
  44   50027064    0.000000  110.000000   6   5  27064   0
  45   50027065    0.000000  110.000000   6   5  27065   0
  46   50027066    0.000000  110.000000   6   5  27066   0
  47   50027067    0.000000  110.000000   6   5  27067   0
  48   50027068    0.000000  120.000000   6   5  27068   0
  49   51027068    0.000000  120.000000   6   5  27068   1
  50   50027069    0.000000  120.000000   6   5  27069   0
  51   50027070    0.000000  150.000000   6   5  27070   0
  52   51027070    0.000000  150.000000   6   5  27070   1
  53   50027071    0.000000  150.000000   6   5  27071   0
  54   50027072    0.000000  170.000000   6   5  27072   0
  55   50027073    0.000000  180.000000   6   5  27073   0
  56   50028062    0.000000  140.000000   6   5  28062   0
  57   50028063    0.000000  130.000000   6   5  28063   0
  58   50028064    0.000000  120.000000   6   5  28064   0
  59   50028065    0.000000  110.000000   6   5  28065   0
  60   50028066    0.000000  100.000000   6   5  28066   0
  61   50028067    0.000000   95.000000   6   5  28067   0
  62   50028068    0.000000   95.000000   6   5  28068   0
  63   50028069    0.000000   95.000000   6   5  28069   0
  64   50028070    0.000000  100.000000   6   5  28070   0
  65   50028071    0.000000  120.000000   6   5  28071   0
  66   50028072    0.000000  120.000000   6   5  28072   0
  67   50028073    0.000000  150.000000   6   5  28073   0
  68   50028074    0.000000  150.000000   6   5  28074   0
  69   50028075    0.000000  180.000000   6   5  28075   0
  70   50028076    0.000000  180.000000   6   5  28076   0
  71   50029063    0.000000  140.000000   6   5  29063   0
  72   50029064    0.000000  130.000000   6   5  29064   0
  73   50029065    0.000000  120.000000   6   5  29065   0
  74   50029066    0.000000  110.000000   6   5  29066   0
  75   50029067    0.000000  100.000000   6   5  29067   0
  76   50029068    0.000000   95.000000   6   5  29068   0
  77   51029068    0.000000   95.000000   6   5  29068   1
  78   50029069    0.000000   95.000000   6   5  29069   0
  79   50029070    0.000000   90.000000   6   5  29070   0
  80   51029070    0.000000   90.000000   6   5  29070   1
  81   50029071    0.000000   95.000000   6   5  29071   0
  82   50029072    0.000000   95.000000   6   5  29072   0
  83   50029073    0.000000  100.000000   6   5  29073   0
  84   50029074    0.000000  120.000000   6   5  29074   0
  85   50029075    0.000000  120.000000   6   5  29075   0
  86   50029076    0.000000  150.000000   6   5  29076   0
  87   51029076    0.000000  150.000000   6   5  29076   1
  88   50029077    0.000000  150.000000   6   5  29077   0
  89   50029078    0.000000  180.000000   6   5  29078   0
  90   50029079    0.000000  190.000000   6   5  29079   0
  91   50030064    0.000000  150.000000   6   5  30064   0
  92   50030065    0.000000  140.000000   6   5  30065   0
  93   50030066    0.000000  120.000000   6   5  30066   0
  94   50030067    0.000000  110.000000   6   5  30067   0
  95   50030068    0.000000  100.000000   6   5  30068   0
  96   50030069    0.000000   90.000000   6   5  30069   0
  97   51030069    0.000000   90.000000   6   5  30069   1
  98   50030070    0.000000   80.000000   6   5  30070   0
  99   50030071    0.000000   72.000000   6   5  30071   0
 100   51030071    0.000000   72.000000   6   5  30071   1
 101   50030072    0.000000   68.000000   6   5  30072   0
 102   50030073    0.000000   76.000000   6   5  30073   0
 103   50030074    0.000000   85.000000   6   5  30074   0
 104   50030075    0.000000   90.000000   6   5  30075   0
 105   50030076    0.000000  100.000000   6   5  30076   0
 106   50030077    0.000000  120.000000   6   5  30077   0
 107   51030077    0.000000  120.000000   6   5  30077   1
 108   50030078    0.000000  120.000000   6   5  30078   0
 109   50030079    0.000000  150.000000   6   5  30079   0
 110   50030080    0.000000  160.000000   6   5  30080   0
 111   50030081    0.000000  190.000000   6   5  30081   0
 112   50031065    0.000000  150.000000   6   5  31065   0
 113   50031066    0.000000  140.000000   6   5  31066   0
 114   50031067    0.000000  120.000000   6   5  31067   0
 115   50031068    0.000000  120.000000   6   5  31068   0
 116   50031069    0.000000  100.000000   6   5  31069   0
 117   50031070    0.000000   90.000000   6   5  31070   0
 118   50031071    0.000000   80.000000   6   5  31071   0
 119   50031072    0.000000   76.000000   6   5  31072   0
 120   50031073    0.000000   68.000000   6   5  31073   0
 121   50031074    0.000000   68.000000   6   5  31074   0
 122   50031075    0.000000   66.000000   6   5  31075   0
 123   50031076    0.000000   76.000000   6   5  31076   0
 124   50031077    0.000000   85.000000   6   5  31077   0
 125   50031078    0.000000   90.000000   6   5  31078   0
 126   50031079    0.000000  100.000000   6   5  31079   0
 127   50031080    0.000000  120.000000   6   5  31080   0
 128   50031081    0.000000  130.000000   6   5  31081   0
 129   50031082    0.000000  160.000000   6   5  31082   0
 130   50032066    0.000000  160.000000   6   5  32066   0
 131   50032067    0.000000  150.000000   6   5  32067   0
 132   50032068    0.000000  130.000000   6   5  32068   0
 133   50032069    0.000000  120.000000   6   5  32069   0
 134   50032070    0.000000  110.000000   6   5  32070   0
 135   50032071    0.000000   95.000000   6   5  32071   0
 136   50032072    0.000000   85.000000   6   5  32072   0
 137   50032073    0.000000   72.000000   6   5  32073   0
 138   51032073    0.000000   72.000000   6   5  32073   1
 139   50032074    0.000000   62.000000   6   5  32074   0
 140   50032075    0.000000   54.000000   6   5  32075   0
 141   51032075    0.000000   54.000000   6   5  32075   1
 142   50032076    0.000000   48.000000   6   5  32076   0
 143   50032077    0.000000   58.000000   6   5  32077   0
 144   51032077    0.000000   58.000000   6   5  32077   1
 145   50032078    0.000000   62.000000   6   5  32078   0
 146   50032079    0.000000   72.000000   6   5  32079   0
 147   51032079    0.000000   72.000000   6   5  32079   1
 148   50032080    0.000000   85.000000   6   5  32080   0
 149   50032081    0.000000   90.000000   6   5  32081   0
 150   51032081    0.000000   90.000000   6   5  32081   1
 151   50032082    0.000000  100.000000   6   5  32082   0
 152   50032083    0.000000  130.000000   6   5  32083   0
 153   50033067    0.000000  170.000000   6   5  33067   0
 154   50033068    0.000000  150.000000   6   5  33068   0
 155   50033069    0.000000  140.000000   6   5  33069   0
 156   50033070    0.000000  130.000000   6   5  33070   0
 157   50033071    0.000000  110.000000   6   5  33071   0
 158   50033072    0.000000  100.000000   6   5  33072   0
 159   50033073    0.000000   90.000000   6   5  33073   0
 160   50033074    0.000000   80.000000   6   5  33074   0
 161   50033075    0.000000   70.000000   6   5  33075   0
 162   50033076    0.000000   60.000000   6   5  33076   0
 163   50033077    0.000000   52.000000   6   5  33077   0
 164   50033078    0.000000   50.000000   6   5  33078   0
 165   50033079    0.000000   44.000000   6   5  33079   0
 166   50033080    0.000000   56.000000   6   5  33080   0
 167   50033081    0.000000   62.000000   6   5  33081   0
 168   50033082    0.000000   72.000000   6   5  33082   0
 169   51033082    0.000000   72.000000   6   5  33082   1
 170   50033083    0.000000   85.000000   6   5  33083   0
 171   50033084    0.000000   90.000000   6   5  33084   0
 172   50033085    0.000000  140.000000   6   5  33085   0
 173   50034068    0.000000  190.000000   6   5  34068   0
 174   50034069    0.000000  170.000000   6   5  34069   0
 175   50034070    0.000000  150.000000   6   5  34070   0
 176   50034071    0.000000  130.000000   6   5  34071   0
 177   50034072    0.000000  120.000000   6   5  34072   0
 178   50034073    0.000000  110.000000   6   5  34073   0
 179   51034073    0.000000  110.000000   6   5  34073   1
 180   50034074    0.000000   90.000000   6   5  34074   0
 181   50034075    0.000000   78.000000   6   5  34075   0
 182   50034076    0.000000   68.000000   6   5  34076   0
 183   50034077    0.000000   58.000000   6   5  34077   0
 184   51034077    0.000000   58.000000   6   5  34077   1
 185   50034078    0.000000   46.000000   6   5  34078   0
 186   50034079    0.000000   38.000000   6   5  34079   0
 187   51034079    0.000000   38.000000   6   5  34079   1
 188   50034080    0.000000   28.000000   6   5  34080   0
 189   50034081    0.000000   42.000000   6   5  34081   0
 190   51034081    0.000000   42.000000   6   5  34081   1
 191   50034082    0.000000   42.000000   6   5  34082   0
 192   50034083    0.000000   54.000000   6   5  34083   0
 193   51034083    0.000000   56.000000   6   5  34083   1
 194   50034084    0.000000   62.000000   6   5  34084   0
 195   50034085    0.000000   72.000000   6   5  34085   0
 196   50034086    0.000000   90.000000   6   5  34086   0
 197   50035069    0.000000  190.000000   6   5  35069   0
 198   50035070    0.000000  170.000000   6   5  35070   0
 199   51035070    0.000000  180.000000   6   5  35070   1
 200   50035071    0.000000  160.000000   6   5  35071   0
 201   50035072    0.000000  140.000000   6   5  35072   0
 202   51035072    0.000000  140.000000   6   5  35072   1
 203   50035073    0.000000  130.000000   6   5  35073   0
 204   50035074    0.000000  120.000000   6   5  35074   0
 205   51035074    0.000000  120.000000   6   5  35074   1
 206   50035075    0.000000  100.000000   6   5  35075   0
 207   50035076    0.000000   90.000000   6   5  35076   0
 208   51035076    0.000000   90.000000   6   5  35076   1
 209   50035077    0.000000   78.000000   6   5  35077   0
 210   51035077    0.000000   78.000000   6   5  35077   1
 211   50035078    0.000000   68.000000   6   5  35078   0
 212   50035079    0.000000   56.000000   6   5  35079   0
 213   51035079    0.000000   56.000000   6   5  35079   1
 214   50035080    0.000000   48.000000   6   5  35080   0
 215   51035080    0.000000   48.000000   6   5  35080   1
 216   50035081    0.000000   38.000000   6   5  35081   0
 217   50035082    0.000000   36.000000   6   5  35082   0
 218   51035082    0.000000   36.000000   6   5  35082   1
 219   50035083    0.000000   28.000000   6   5  35083   0
 220   50035084    0.000000   42.000000   6   5  35084   0
 221   51035084    0.000000   42.000000   6   5  35084   1
 222   50035085    0.000000   42.000000   6   5  35085   0
 223   50035086    0.000000   56.000000   6   5  35086   0
 224   50035087    0.000000   62.000000   6   5  35087   0
 225   50036071    0.000000  190.000000   6   5  36071   0
 226   50036072    0.000000  170.000000   6   5  36072   0
 227   50036073    0.000000  150.000000   6   5  36073   0
 228   50036074    0.000000  140.000000   6   5  36074   0
 229   50036075    0.000000  120.000000   6   5  36075   0
 230   50036076    0.000000  110.000000   6   5  36076   0
 231   50036077    0.000000   90.000000   6   5  36077   0
 232   50036078    0.000000   76.000000   6   5  36078   0
 233   50036079    0.000000   66.000000   6   5  36079   0
 234   51036079    0.000000   66.000000   6   5  36079   1
 235   50036080    0.000000   54.000000   6   5  36080   0
 236   50036081    0.000000   46.000000   6   5  36081   0
 237   51036081    0.000000   46.000000   6   5  36081   1
 238   50036082    0.000000   34.000000   6   5  36082   0
 239   50036083    0.000000   26.000000   6   5  36083   0
 240   51036083    0.000000   26.000000   6   5  36083   1
 241   50036084    0.000000   15.000000   6   5  36084   0
 242   50036085    0.000000   28.000000   6   5  36085   0
 243   51036085    0.000000   29.000000   6   5  36085   1
 244   50036086    0.000000   26.000000   6   5  36086   0
 245   50036087    0.000000   42.000000   6   5  36087   0
 246   50036088    0.000000   42.000000   6   5  36088   0
 247   50037073    0.000000  180.000000   6   5  37073   0
 248   50037074    0.000000  160.000000   6   5  37074   0
 249   50037075    0.000000  150.000000   6   5  37075   0
 250   50037076    0.000000  130.000000   6   5  37076   0
 251   50037077    0.000000  120.000000   6   5  37077   0
 252   50037078    0.000000  110.000000   6   5  37078   0
 253   51037078    0.000000  110.000000   6   5  37078   1
 254   50037079    0.000000   90.000000   6   5  37079   0
 255   50037080    0.000000   80.000000   6   5  37080   0
 256   50037081    0.000000   68.000000   6   5  37081   0
 257   51037081    0.000000   68.000000   6   5  37081   1
 258   50037082    0.000000   58.000000   6   5  37082   0
 259   51037082    0.000000   58.000000   6   5  37082   1
 260   50037083    0.000000   46.000000   6   5  37083   0
 261   50037084    0.000000   38.000000   6   5  37084   0
 262   51037084    0.000000   38.000000   6   5  37084   1
 263   50037085    0.000000   26.000000   6   5  37085   0
 264   50037086    0.000000   24.000000   6   5  37086   0
 265   51037086    0.000000   24.000000   6   5  37086   1
 266   50037087    0.000000   15.500000   6   5  37087   0
 267   50037088    0.000000   30.000000   6   5  37088   0
 268   50037089    0.000000   32.000000   6   5  37089   0
 269   50038075    0.000000  170.000000   6   5  38075   0
 270   50038076    0.000000  150.000000   6   5  38076   0
 271   50038077    0.000000  140.000000   6   5  38077   0
 272   50038078    0.000000  120.000000   6   5  38078   0
 273   50038079    0.000000  110.000000   6   5  38079   0
 274   50038080    0.000000   95.000000   6   5  38080   0
 275   50038081    0.000000   85.000000   6   5  38081   0
 276   50038082    0.000000   68.000000   6   5  38082   0
 277   50038083    0.000000   58.000000   6   5  38083   0
 278   51038083    0.000000   58.000000   6   5  38083   1
 279   50038084    0.000000   46.000000   6   5  38084   0
 280   50038085    0.000000   36.000000   6   5  38085   0
 281   51038085    0.000000   36.000000   6   5  38085   1
 282   50038086    0.000000   24.000000   6   5  38086   0
 283   50038087    0.000000   15.000000   6   5  38087   0
 284   51038087    0.000000   15.500000   6   5  38087   1
 285   50038088    0.000000    4.000000   6   5  38088   0
 286   50038089    0.000000   18.000000   6   5  38089   0
 287   50038090    0.000000   18.000000   6   5  38090   0
 288   50039076    0.000000  190.000000   6   5  39076   0
 289   50039077    0.000000  170.000000   6   5  39077   0
 290   50039078    0.000000  160.000000   6   5  39078   0
 291   50039079    0.000000  140.000000   6   5  39079   0
 292   50039080    0.000000  130.000000   6   5  39080   0
 293   51039080    0.000000  130.000000   6   5  39080   1
 294   50039081    0.000000  110.000000   6   5  39081   0
 295   50039082    0.000000  100.000000   6   5  39082   0
 296   50039083    0.000000   85.000000   6   5  39083   0
 297   51039083    0.000000   85.000000   6   5  39083   1
 298   50039084    0.000000   74.000000   6   5  39084   0
 299   51039084    0.000000   74.000000   6   5  39084   1
 300   50039085    0.000000   60.000000   6   5  39085   0
 301   51039085    0.000000   60.000000   6   5  39085   1
 302   50039086    0.000000   50.000000   6   5  39086   0
 303   51039086    0.000000   50.000000   6   5  39086   1
 304   50039087    0.000000   38.000000   6   5  39087   0
 305   51039087    0.000000   38.000000   6   5  39087   1
 306   50039088    0.000000   28.000000   6   5  39088   0
 307   50039089    0.000000   16.000000   6   5  39089   0
 308   51039089    0.000000   17.000000   6   5  39089   1
 309   50039090    0.000000   15.500000   6   5  39090   0
 310   51039090    0.000000   16.000000   6   5  39090   1
 311   50039091    0.000000    9.500000   6   5  39091   0
 312   51039091    0.000000   10.500000   6   5  39091   1
 313   50040078    0.000000  190.000000   6   5  40078   0
 314   50040079    0.000000  160.000000   6   5  40079   0
 315   50040080    0.000000  150.000000   6   5  40080   0
 316   50040081    0.000000  130.000000   6   5  40081   0
 317   50040082    0.000000  120.000000   6   5  40082   0
 318   50040083    0.000000  110.000000   6   5  40083   0
 319   50040084    0.000000   90.000000   6   5  40084   0
 320   50040085    0.000000   76.000000   6   5  40085   0
 321   50040086    0.000000   62.000000   6   5  40086   0
 322   50040087    0.000000   52.000000   6   5  40087   0
 323   51040087    0.000000   52.000000   6   5  40087   1
 324   50040088    0.000000   38.000000   6   5  40088   0
 325   50040089    0.000000   29.000000   6   5  40089   0
 326   51040089    0.000000   29.000000   6   5  40089   1
 327   50040090    0.000000   16.000000   6   5  40090   0
 328   51040090    0.000000   18.500000   6   5  40090   1
 329   50040091    0.000000    9.000000   6   5  40091   0
 330   50040092    0.000000    1.000000   6   5  40092   0
 
   p   ZAP IP   NR    Tp [MeV]
   1     1  1    1    8.634779
   2     0  2    1    1.000000
   3  1001  9    1    9.396704
   4  1002 31    1   15.100690
   5  1003 32    1   16.000000
   6  2003 33    1   18.000000
   7  2004 34    1    2.962326
--------------------------------------------------------------------------------
 
