 
--------------------------------------------------------------------------------
 40-Zr- 96   T= 0.00 K from IAEA/PD-2019       (ACEMAKER)
 ZAID= 40096.38u  MAT=4043  ZA= 40096
 AWR=  95.084380  STA=  0  ELIS=   0.000 MeV  LIS=  0  LISO=  0
--------------------------------------------------------------------------------
 NTOTR= 315 NTRAN=   1 NPROD= 314 NE=     136 EMAX= 200.000 MeV
   i     MT/MTD     Q [MeV]     T [MeV] LMF  MT    ZAP LFS
   1          5    0.000000    1.000000   3   5
   2   50022060    0.000000  180.000000   6   5  22060   0
   3   50023061    0.000000  180.000000   6   5  23061   0
   4   50023062    0.000000  180.000000   6   5  23062   0
   5   50023063    0.000000  180.000000   6   5  23063   0
   6   50024062    0.000000  150.000000   6   5  24062   0
   7   50024063    0.000000  150.000000   6   5  24063   0
   8   50024064    0.000000  150.000000   6   5  24064   0
   9   50024065    0.000000  180.000000   6   5  24065   0
  10   50024066    0.000000  180.000000   6   5  24066   0
  11   50025063    0.000000  150.000000   6   5  25063   0
  12   50025064    0.000000  150.000000   6   5  25064   0
  13   50025065    0.000000  150.000000   6   5  25065   0
  14   50025066    0.000000  150.000000   6   5  25066   0
  15   50025067    0.000000  150.000000   6   5  25067   0
  16   50025068    0.000000  180.000000   6   5  25068   0
  17   50025069    0.000000  180.000000   6   5  25069   0
  18   50026064    0.000000  140.000000   6   5  26064   0
  19   50026065    0.000000  130.000000   6   5  26065   0
  20   50026066    0.000000  130.000000   6   5  26066   0
  21   50026067    0.000000  130.000000   6   5  26067   0
  22   50026068    0.000000  130.000000   6   5  26068   0
  23   50026069    0.000000  150.000000   6   5  26069   0
  24   50026070    0.000000  150.000000   6   5  26070   0
  25   50026071    0.000000  180.000000   6   5  26071   0
  26   50026072    0.000000  180.000000   6   5  26072   0
  27   50027065    0.000000  140.000000   6   5  27065   0
  28   50027066    0.000000  130.000000   6   5  27066   0
  29   50027067    0.000000  130.000000   6   5  27067   0
  30   50027068    0.000000  130.000000   6   5  27068   0
  31   51027068    0.000000  130.000000   6   5  27068   1
  32   50027069    0.000000  130.000000   6   5  27069   0
  33   50027070    0.000000  130.000000   6   5  27070   0
  34   51027070    0.000000  130.000000   6   5  27070   1
  35   50027071    0.000000  130.000000   6   5  27071   0
  36   50027072    0.000000  150.000000   6   5  27072   0
  37   50027073    0.000000  150.000000   6   5  27073   0
  38   50027074    0.000000  180.000000   6   5  27074   0
  39   50027075    0.000000  180.000000   6   5  27075   0
  40   50028066    0.000000  140.000000   6   5  28066   0
  41   50028067    0.000000  130.000000   6   5  28067   0
  42   50028068    0.000000  120.000000   6   5  28068   0
  43   50028069    0.000000  110.000000   6   5  28069   0
  44   50028070    0.000000  110.000000   6   5  28070   0
  45   50028071    0.000000  100.000000   6   5  28071   0
  46   50028072    0.000000  100.000000   6   5  28072   0
  47   50028073    0.000000  120.000000   6   5  28073   0
  48   50028074    0.000000  120.000000   6   5  28074   0
  49   50028075    0.000000  140.000000   6   5  28075   0
  50   50028076    0.000000  140.000000   6   5  28076   0
  51   50028077    0.000000  180.000000   6   5  28077   0
  52   50028078    0.000000  180.000000   6   5  28078   0
  53   50029067    0.000000  140.000000   6   5  29067   0
  54   50029068    0.000000  130.000000   6   5  29068   0
  55   51029068    0.000000  130.000000   6   5  29068   1
  56   50029069    0.000000  120.000000   6   5  29069   0
  57   50029070    0.000000  110.000000   6   5  29070   0
  58   51029070    0.000000  110.000000   6   5  29070   1
  59   50029071    0.000000  110.000000   6   5  29071   0
  60   50029072    0.000000  100.000000   6   5  29072   0
  61   50029073    0.000000  100.000000   6   5  29073   0
  62   50029074    0.000000  100.000000   6   5  29074   0
  63   50029075    0.000000  100.000000   6   5  29075   0
  64   50029076    0.000000  120.000000   6   5  29076   0
  65   51029076    0.000000  120.000000   6   5  29076   1
  66   50029077    0.000000  120.000000   6   5  29077   0
  67   50029078    0.000000  140.000000   6   5  29078   0
  68   50029079    0.000000  150.000000   6   5  29079   0
  69   50029080    0.000000  180.000000   6   5  29080   0
  70   50029081    0.000000  190.000000   6   5  29081   0
  71   50030068    0.000000  140.000000   6   5  30068   0
  72   50030069    0.000000  130.000000   6   5  30069   0
  73   51030069    0.000000  130.000000   6   5  30069   1
  74   50030070    0.000000  120.000000   6   5  30070   0
  75   50030071    0.000000  110.000000   6   5  30071   0
  76   51030071    0.000000  110.000000   6   5  30071   1
  77   50030072    0.000000  100.000000   6   5  30072   0
  78   50030073    0.000000   90.000000   6   5  30073   0
  79   50030074    0.000000   80.000000   6   5  30074   0
  80   50030075    0.000000   76.000000   6   5  30075   0
  81   50030076    0.000000   80.000000   6   5  30076   0
  82   50030077    0.000000   80.000000   6   5  30077   0
  83   51030077    0.000000   80.000000   6   5  30077   1
  84   50030078    0.000000   90.000000   6   5  30078   0
  85   50030079    0.000000  110.000000   6   5  30079   0
  86   50030080    0.000000  120.000000   6   5  30080   0
  87   50030081    0.000000  150.000000   6   5  30081   0
  88   50030082    0.000000  150.000000   6   5  30082   0
  89   50030083    0.000000  190.000000   6   5  30083   0
  90   50031069    0.000000  140.000000   6   5  31069   0
  91   50031070    0.000000  130.000000   6   5  31070   0
  92   50031071    0.000000  120.000000   6   5  31071   0
  93   50031072    0.000000  110.000000   6   5  31072   0
  94   50031073    0.000000  100.000000   6   5  31073   0
  95   50031074    0.000000   90.000000   6   5  31074   0
  96   50031075    0.000000   80.000000   6   5  31075   0
  97   50031076    0.000000   76.000000   6   5  31076   0
  98   50031077    0.000000   76.000000   6   5  31077   0
  99   50031078    0.000000   72.000000   6   5  31078   0
 100   50031079    0.000000   74.000000   6   5  31079   0
 101   50031080    0.000000   80.000000   6   5  31080   0
 102   50031081    0.000000   90.000000   6   5  31081   0
 103   50031082    0.000000  110.000000   6   5  31082   0
 104   50031083    0.000000  120.000000   6   5  31083   0
 105   50031084    0.000000  150.000000   6   5  31084   0
 106   50031085    0.000000  160.000000   6   5  31085   0
 107   50032070    0.000000  150.000000   6   5  32070   0
 108   50032071    0.000000  140.000000   6   5  32071   0
 109   50032072    0.000000  120.000000   6   5  32072   0
 110   50032073    0.000000  110.000000   6   5  32073   0
 111   51032073    0.000000  110.000000   6   5  32073   1
 112   50032074    0.000000  100.000000   6   5  32074   0
 113   50032075    0.000000   90.000000   6   5  32075   0
 114   51032075    0.000000   90.000000   6   5  32075   1
 115   50032076    0.000000   78.000000   6   5  32076   0
 116   50032077    0.000000   70.000000   6   5  32077   0
 117   51032077    0.000000   70.000000   6   5  32077   1
 118   50032078    0.000000   62.000000   6   5  32078   0
 119   50032079    0.000000   54.000000   6   5  32079   0
 120   51032079    0.000000   54.000000   6   5  32079   1
 121   50032080    0.000000   50.000000   6   5  32080   0
 122   50032081    0.000000   62.000000   6   5  32081   0
 123   51032081    0.000000   62.000000   6   5  32081   1
 124   50032082    0.000000   72.000000   6   5  32082   0
 125   50032083    0.000000   80.000000   6   5  32083   0
 126   50032084    0.000000   95.000000   6   5  32084   0
 127   50032085    0.000000  120.000000   6   5  32085   0
 128   50032086    0.000000  120.000000   6   5  32086   0
 129   50032087    0.000000  160.000000   6   5  32087   0
 130   50033071    0.000000  150.000000   6   5  33071   0
 131   50033072    0.000000  140.000000   6   5  33072   0
 132   50033073    0.000000  130.000000   6   5  33073   0
 133   50033074    0.000000  120.000000   6   5  33074   0
 134   50033075    0.000000  110.000000   6   5  33075   0
 135   50033076    0.000000   95.000000   6   5  33076   0
 136   50033077    0.000000   85.000000   6   5  33077   0
 137   50033078    0.000000   76.000000   6   5  33078   0
 138   50033079    0.000000   66.000000   6   5  33079   0
 139   50033080    0.000000   58.000000   6   5  33080   0
 140   50033081    0.000000   52.000000   6   5  33081   0
 141   50033082    0.000000   50.000000   6   5  33082   0
 142   51033082    0.000000   50.000000   6   5  33082   1
 143   50033083    0.000000   48.000000   6   5  33083   0
 144   50033084    0.000000   62.000000   6   5  33084   0
 145   50033085    0.000000   72.000000   6   5  33085   0
 146   50033086    0.000000   85.000000   6   5  33086   0
 147   50033087    0.000000   95.000000   6   5  33087   0
 148   50033088    0.000000  120.000000   6   5  33088   0
 149   50034072    0.000000  160.000000   6   5  34072   0
 150   50034073    0.000000  150.000000   6   5  34073   0
 151   51034073    0.000000  150.000000   6   5  34073   1
 152   50034074    0.000000  130.000000   6   5  34074   0
 153   50034075    0.000000  120.000000   6   5  34075   0
 154   50034076    0.000000  110.000000   6   5  34076   0
 155   50034077    0.000000   95.000000   6   5  34077   0
 156   51034077    0.000000   95.000000   6   5  34077   1
 157   50034078    0.000000   85.000000   6   5  34078   0
 158   50034079    0.000000   70.000000   6   5  34079   0
 159   51034079    0.000000   70.000000   6   5  34079   1
 160   50034080    0.000000   62.000000   6   5  34080   0
 161   50034081    0.000000   52.000000   6   5  34081   0
 162   51034081    0.000000   52.000000   6   5  34081   1
 163   50034082    0.000000   42.000000   6   5  34082   0
 164   50034083    0.000000   36.000000   6   5  34083   0
 165   51034083    0.000000   36.000000   6   5  34083   1
 166   50034084    0.000000   29.000000   6   5  34084   0
 167   50034085    0.000000   44.000000   6   5  34085   0
 168   50034086    0.000000   48.000000   6   5  34086   0
 169   50034087    0.000000   62.000000   6   5  34087   0
 170   50034088    0.000000   76.000000   6   5  34088   0
 171   50034089    0.000000   85.000000   6   5  34089   0
 172   50034090    0.000000  130.000000   6   5  34090   0
 173   50035073    0.000000  170.000000   6   5  35073   0
 174   50035074    0.000000  150.000000   6   5  35074   0
 175   51035074    0.000000  150.000000   6   5  35074   1
 176   50035075    0.000000  140.000000   6   5  35075   0
 177   50035076    0.000000  130.000000   6   5  35076   0
 178   51035076    0.000000  130.000000   6   5  35076   1
 179   50035077    0.000000  120.000000   6   5  35077   0
 180   51035077    0.000000  120.000000   6   5  35077   1
 181   50035078    0.000000  110.000000   6   5  35078   0
 182   50035079    0.000000   90.000000   6   5  35079   0
 183   51035079    0.000000   90.000000   6   5  35079   1
 184   50035080    0.000000   80.000000   6   5  35080   0
 185   51035080    0.000000   80.000000   6   5  35080   1
 186   50035081    0.000000   70.000000   6   5  35081   0
 187   50035082    0.000000   62.000000   6   5  35082   0
 188   51035082    0.000000   62.000000   6   5  35082   1
 189   50035083    0.000000   50.000000   6   5  35083   0
 190   50035084    0.000000   44.000000   6   5  35084   0
 191   51035084    0.000000   44.000000   6   5  35084   1
 192   50035085    0.000000   36.000000   6   5  35085   0
 193   50035086    0.000000   36.000000   6   5  35086   0
 194   50035087    0.000000   30.000000   6   5  35087   0
 195   50035088    0.000000   46.000000   6   5  35088   0
 196   50035089    0.000000   50.000000   6   5  35089   0
 197   50035090    0.000000   66.000000   6   5  35090   0
 198   50035091    0.000000   78.000000   6   5  35091   0
 199   50036074    0.000000  180.000000   6   5  36074   0
 200   50036075    0.000000  160.000000   6   5  36075   0
 201   50036076    0.000000  140.000000   6   5  36076   0
 202   50036077    0.000000  130.000000   6   5  36077   0
 203   50036078    0.000000  120.000000   6   5  36078   0
 204   50036079    0.000000  100.000000   6   5  36079   0
 205   51036079    0.000000  100.000000   6   5  36079   1
 206   50036080    0.000000   90.000000   6   5  36080   0
 207   50036081    0.000000   78.000000   6   5  36081   0
 208   51036081    0.000000   78.000000   6   5  36081   1
 209   50036082    0.000000   66.000000   6   5  36082   0
 210   50036083    0.000000   58.000000   6   5  36083   0
 211   51036083    0.000000   58.000000   6   5  36083   1
 212   50036084    0.000000   46.000000   6   5  36084   0
 213   50036085    0.000000   38.000000   6   5  36085   0
 214   51036085    0.000000   40.000000   6   5  36085   1
 215   50036086    0.000000   28.000000   6   5  36086   0
 216   50036087    0.000000   22.000000   6   5  36087   0
 217   50036088    0.000000   15.500000   6   5  36088   0
 218   50036089    0.000000   30.000000   6   5  36089   0
 219   50036090    0.000000   32.000000   6   5  36090   0
 220   50036091    0.000000   48.000000   6   5  36091   0
 221   50036092    0.000000   52.000000   6   5  36092   0
 222   50037075    0.000000  180.000000   6   5  37075   0
 223   50037076    0.000000  170.000000   6   5  37076   0
 224   50037077    0.000000  150.000000   6   5  37077   0
 225   50037078    0.000000  140.000000   6   5  37078   0
 226   51037078    0.000000  140.000000   6   5  37078   1
 227   50037079    0.000000  130.000000   6   5  37079   0
 228   50037080    0.000000  120.000000   6   5  37080   0
 229   50037081    0.000000  100.000000   6   5  37081   0
 230   51037081    0.000000  100.000000   6   5  37081   1
 231   50037082    0.000000   90.000000   6   5  37082   0
 232   51037082    0.000000   95.000000   6   5  37082   1
 233   50037083    0.000000   80.000000   6   5  37083   0
 234   50037084    0.000000   70.000000   6   5  37084   0
 235   51037084    0.000000   70.000000   6   5  37084   1
 236   50037085    0.000000   58.000000   6   5  37085   0
 237   50037086    0.000000   48.000000   6   5  37086   0
 238   51037086    0.000000   50.000000   6   5  37086   1
 239   50037087    0.000000   38.000000   6   5  37087   0
 240   50037088    0.000000   32.000000   6   5  37088   0
 241   50037089    0.000000   24.000000   6   5  37089   0
 242   50037090    0.000000   24.000000   6   5  37090   0
 243   51037090    0.000000   24.000000   6   5  37090   1
 244   50037091    0.000000   20.000000   6   5  37091   0
 245   50037092    0.000000   36.000000   6   5  37092   0
 246   50037093    0.000000   38.000000   6   5  37093   0
 247   50038077    0.000000  180.000000   6   5  38077   0
 248   50038078    0.000000  160.000000   6   5  38078   0
 249   50038079    0.000000  140.000000   6   5  38079   0
 250   50038080    0.000000  130.000000   6   5  38080   0
 251   50038081    0.000000  120.000000   6   5  38081   0
 252   50038082    0.000000  100.000000   6   5  38082   0
 253   50038083    0.000000   95.000000   6   5  38083   0
 254   51038083    0.000000   95.000000   6   5  38083   1
 255   50038084    0.000000   78.000000   6   5  38084   0
 256   50038085    0.000000   68.000000   6   5  38085   0
 257   51038085    0.000000   68.000000   6   5  38085   1
 258   50038086    0.000000   56.000000   6   5  38086   0
 259   50038087    0.000000   46.000000   6   5  38087   0
 260   51038087    0.000000   48.000000   6   5  38087   1
 261   50038088    0.000000   34.000000   6   5  38088   0
 262   50038089    0.000000   28.000000   6   5  38089   0
 263   50038090    0.000000   19.500000   6   5  38090   0
 264   50038091    0.000000   13.500000   6   5  38091   0
 265   50038092    0.000000    6.000000   6   5  38092   0
 266   50038093    0.000000   22.000000   6   5  38093   0
 267   50038094    0.000000   22.000000   6   5  38094   0
 268   50039078    0.000000  190.000000   6   5  39078   0
 269   50039079    0.000000  180.000000   6   5  39079   0
 270   50039080    0.000000  160.000000   6   5  39080   0
 271   51039080    0.000000  160.000000   6   5  39080   1
 272   50039081    0.000000  150.000000   6   5  39081   0
 273   50039082    0.000000  140.000000   6   5  39082   0
 274   50039083    0.000000  120.000000   6   5  39083   0
 275   51039083    0.000000  120.000000   6   5  39083   1
 276   50039084    0.000000  110.000000   6   5  39084   0
 277   51039084    0.000000  110.000000   6   5  39084   1
 278   50039085    0.000000   95.000000   6   5  39085   0
 279   51039085    0.000000   95.000000   6   5  39085   1
 280   50039086    0.000000   85.000000   6   5  39086   0
 281   51039086    0.000000   85.000000   6   5  39086   1
 282   50039087    0.000000   70.000000   6   5  39087   0
 283   51039087    0.000000   70.000000   6   5  39087   1
 284   50039088    0.000000   60.000000   6   5  39088   0
 285   50039089    0.000000   48.000000   6   5  39089   0
 286   51039089    0.000000   48.000000   6   5  39089   1
 287   50039090    0.000000   40.000000   6   5  39090   0
 288   51039090    0.000000   40.000000   6   5  39090   1
 289   50039091    0.000000   32.000000   6   5  39091   0
 290   51039091    0.000000   32.000000   6   5  39091   1
 291   50039092    0.000000   24.000000   6   5  39092   0
 292   50039093    0.000000   16.500000   6   5  39093   0
 293   51039093    0.000000   17.500000   6   5  39093   1
 294   50039094    0.000000   16.500000   6   5  39094   0
 295   50039095    0.000000   12.000000   6   5  39095   0
 296   50040080    0.000000  180.000000   6   5  40080   0
 297   50040081    0.000000  170.000000   6   5  40081   0
 298   50040082    0.000000  150.000000   6   5  40082   0
 299   50040083    0.000000  140.000000   6   5  40083   0
 300   50040084    0.000000  120.000000   6   5  40084   0
 301   50040085    0.000000  110.000000   6   5  40085   0
 302   50040086    0.000000   95.000000   6   5  40086   0
 303   50040087    0.000000   85.000000   6   5  40087   0
 304   51040087    0.000000   85.000000   6   5  40087   1
 305   50040088    0.000000   70.000000   6   5  40088   0
 306   50040089    0.000000   60.000000   6   5  40089   0
 307   51040089    0.000000   62.000000   6   5  40089   1
 308   50040090    0.000000   48.000000   6   5  40090   0
 309   51040090    0.000000   50.000000   6   5  40090   1
 310   50040091    0.000000   40.000000   6   5  40091   0
 311   50040092    0.000000   30.000000   6   5  40092   0
 312   50040093    0.000000   23.000000   6   5  40093   0
 313   50040094    0.000000   14.500000   6   5  40094   0
 314   50040095    0.000000    8.000000   6   5  40095   0
 315   50040096    0.000000    1.000000   6   5  40096   0
 
   p   ZAP IP   NR    Tp [MeV]
   1     1  1    1    7.850223
   2     0  2    1    1.000000
   3  1001  9    1   11.518970
   4  1002 31    1   16.223100
   5  1003 32    1   16.500000
   6  2003 33    1   21.000000
   7  2004 34    1    6.000000
--------------------------------------------------------------------------------
 
