 
--------------------------------------------------------------------------------
 41-Nb- 94   T= 0.00 K from IAEA/PD-2019       (ACEMAKER)
 ZAID= 41094.38u  MAT=4128  ZA= 41094
 AWR=  93.100570  STA=  1  ELIS=   0.000 MeV  LIS=  0  LISO=  0
--------------------------------------------------------------------------------
 NTOTR= 346 NTRAN=   1 NPROD= 345 NE=     134 EMAX= 200.000 MeV
   i     MT/MTD     Q [MeV]     T [MeV] LMF  MT    ZAP LFS
   1          5    0.000000    1.000000   3   5
   2   50022057    0.000000  170.000000   6   5  22057   0
   3   50022058    0.000000  170.000000   6   5  22058   0
   4   50023058    0.000000  170.000000   6   5  23058   0
   5   50023059    0.000000  170.000000   6   5  23059   0
   6   50023060    0.000000  170.000000   6   5  23060   0
   7   51023060    0.000000  170.000000   6   5  23060   1
   8   50023061    0.000000  170.000000   6   5  23061   0
   9   50024059    0.000000  150.000000   6   5  24059   0
  10   50024060    0.000000  150.000000   6   5  24060   0
  11   50024061    0.000000  150.000000   6   5  24061   0
  12   50024062    0.000000  150.000000   6   5  24062   0
  13   50024063    0.000000  170.000000   6   5  24063   0
  14   50024064    0.000000  170.000000   6   5  24064   0
  15   50025060    0.000000  150.000000   6   5  25060   0
  16   51025060    0.000000  150.000000   6   5  25060   1
  17   50025061    0.000000  140.000000   6   5  25061   0
  18   50025062    0.000000  140.000000   6   5  25062   0
  19   50025063    0.000000  140.000000   6   5  25063   0
  20   50025064    0.000000  150.000000   6   5  25064   0
  21   50025065    0.000000  150.000000   6   5  25065   0
  22   50025066    0.000000  170.000000   6   5  25066   0
  23   50025067    0.000000  170.000000   6   5  25067   0
  24   50026061    0.000000  140.000000   6   5  26061   0
  25   50026062    0.000000  130.000000   6   5  26062   0
  26   50026063    0.000000  130.000000   6   5  26063   0
  27   50026064    0.000000  130.000000   6   5  26064   0
  28   50026065    0.000000  120.000000   6   5  26065   0
  29   50026066    0.000000  120.000000   6   5  26066   0
  30   50026067    0.000000  150.000000   6   5  26067   0
  31   50026068    0.000000  150.000000   6   5  26068   0
  32   50026069    0.000000  170.000000   6   5  26069   0
  33   50026070    0.000000  170.000000   6   5  26070   0
  34   50027062    0.000000  140.000000   6   5  27062   0
  35   51027062    0.000000  140.000000   6   5  27062   1
  36   50027063    0.000000  130.000000   6   5  27063   0
  37   50027064    0.000000  120.000000   6   5  27064   0
  38   50027065    0.000000  110.000000   6   5  27065   0
  39   50027066    0.000000  110.000000   6   5  27066   0
  40   50027067    0.000000  110.000000   6   5  27067   0
  41   50027068    0.000000  120.000000   6   5  27068   0
  42   51027068    0.000000  120.000000   6   5  27068   1
  43   50027069    0.000000  120.000000   6   5  27069   0
  44   50027070    0.000000  150.000000   6   5  27070   0
  45   51027070    0.000000  150.000000   6   5  27070   1
  46   50027071    0.000000  150.000000   6   5  27071   0
  47   50027072    0.000000  170.000000   6   5  27072   0
  48   50027073    0.000000  180.000000   6   5  27073   0
  49   50028063    0.000000  140.000000   6   5  28063   0
  50   50028064    0.000000  130.000000   6   5  28064   0
  51   50028065    0.000000  120.000000   6   5  28065   0
  52   50028066    0.000000  110.000000   6   5  28066   0
  53   50028067    0.000000  110.000000   6   5  28067   0
  54   50028068    0.000000  110.000000   6   5  28068   0
  55   50028069    0.000000  100.000000   6   5  28069   0
  56   50028070    0.000000  100.000000   6   5  28070   0
  57   50028071    0.000000  120.000000   6   5  28071   0
  58   50028072    0.000000  120.000000   6   5  28072   0
  59   50028073    0.000000  150.000000   6   5  28073   0
  60   50028074    0.000000  150.000000   6   5  28074   0
  61   50028075    0.000000  180.000000   6   5  28075   0
  62   50028076    0.000000  180.000000   6   5  28076   0
  63   50029064    0.000000  140.000000   6   5  29064   0
  64   50029065    0.000000  130.000000   6   5  29065   0
  65   50029066    0.000000  120.000000   6   5  29066   0
  66   50029067    0.000000  110.000000   6   5  29067   0
  67   50029068    0.000000  100.000000   6   5  29068   0
  68   51029068    0.000000  100.000000   6   5  29068   1
  69   50029069    0.000000   90.000000   6   5  29069   0
  70   50029070    0.000000   80.000000   6   5  29070   0
  71   51029070    0.000000   80.000000   6   5  29070   1
  72   50029071    0.000000   85.000000   6   5  29071   0
  73   50029072    0.000000  100.000000   6   5  29072   0
  74   50029073    0.000000  100.000000   6   5  29073   0
  75   50029074    0.000000  120.000000   6   5  29074   0
  76   50029075    0.000000  120.000000   6   5  29075   0
  77   50029076    0.000000  150.000000   6   5  29076   0
  78   51029076    0.000000  150.000000   6   5  29076   1
  79   50029077    0.000000  150.000000   6   5  29077   0
  80   50029078    0.000000  180.000000   6   5  29078   0
  81   50029079    0.000000  190.000000   6   5  29079   0
  82   50030065    0.000000  150.000000   6   5  30065   0
  83   50030066    0.000000  130.000000   6   5  30066   0
  84   50030067    0.000000  120.000000   6   5  30067   0
  85   50030068    0.000000  110.000000   6   5  30068   0
  86   50030069    0.000000  100.000000   6   5  30069   0
  87   51030069    0.000000  100.000000   6   5  30069   1
  88   50030070    0.000000   90.000000   6   5  30070   0
  89   50030071    0.000000   80.000000   6   5  30071   0
  90   51030071    0.000000   80.000000   6   5  30071   1
  91   50030072    0.000000   80.000000   6   5  30072   0
  92   50030073    0.000000   76.000000   6   5  30073   0
  93   50030074    0.000000   80.000000   6   5  30074   0
  94   50030075    0.000000   95.000000   6   5  30075   0
  95   50030076    0.000000  100.000000   6   5  30076   0
  96   50030077    0.000000  120.000000   6   5  30077   0
  97   51030077    0.000000  120.000000   6   5  30077   1
  98   50030078    0.000000  120.000000   6   5  30078   0
  99   50030079    0.000000  150.000000   6   5  30079   0
 100   50030080    0.000000  150.000000   6   5  30080   0
 101   50030081    0.000000  190.000000   6   5  30081   0
 102   50031066    0.000000  150.000000   6   5  31066   0
 103   50031067    0.000000  140.000000   6   5  31067   0
 104   50031068    0.000000  120.000000   6   5  31068   0
 105   50031069    0.000000  110.000000   6   5  31069   0
 106   50031070    0.000000  100.000000   6   5  31070   0
 107   50031071    0.000000   90.000000   6   5  31071   0
 108   50031072    0.000000   78.000000   6   5  31072   0
 109   50031073    0.000000   68.000000   6   5  31073   0
 110   50031074    0.000000   62.000000   6   5  31074   0
 111   50031075    0.000000   70.000000   6   5  31075   0
 112   50031076    0.000000   76.000000   6   5  31076   0
 113   50031077    0.000000   80.000000   6   5  31077   0
 114   50031078    0.000000   95.000000   6   5  31078   0
 115   50031079    0.000000  100.000000   6   5  31079   0
 116   50031080    0.000000  120.000000   6   5  31080   0
 117   50031081    0.000000  120.000000   6   5  31081   0
 118   50031082    0.000000  150.000000   6   5  31082   0
 119   50031083    0.000000  160.000000   6   5  31083   0
 120   50032067    0.000000  160.000000   6   5  32067   0
 121   50032068    0.000000  140.000000   6   5  32068   0
 122   50032069    0.000000  130.000000   6   5  32069   0
 123   50032070    0.000000  110.000000   6   5  32070   0
 124   50032071    0.000000  100.000000   6   5  32071   0
 125   50032072    0.000000   90.000000   6   5  32072   0
 126   50032073    0.000000   80.000000   6   5  32073   0
 127   51032073    0.000000   80.000000   6   5  32073   1
 128   50032074    0.000000   70.000000   6   5  32074   0
 129   50032075    0.000000   62.000000   6   5  32075   0
 130   51032075    0.000000   62.000000   6   5  32075   1
 131   50032076    0.000000   62.000000   6   5  32076   0
 132   50032077    0.000000   58.000000   6   5  32077   0
 133   51032077    0.000000   58.000000   6   5  32077   1
 134   50032078    0.000000   66.000000   6   5  32078   0
 135   50032079    0.000000   72.000000   6   5  32079   0
 136   51032079    0.000000   72.000000   6   5  32079   1
 137   50032080    0.000000   80.000000   6   5  32080   0
 138   50032081    0.000000   95.000000   6   5  32081   0
 139   51032081    0.000000   95.000000   6   5  32081   1
 140   50032082    0.000000   95.000000   6   5  32082   0
 141   50032083    0.000000  120.000000   6   5  32083   0
 142   50032084    0.000000  130.000000   6   5  32084   0
 143   50032085    0.000000  160.000000   6   5  32085   0
 144   50033068    0.000000  160.000000   6   5  33068   0
 145   50033069    0.000000  150.000000   6   5  33069   0
 146   50033070    0.000000  140.000000   6   5  33070   0
 147   50033071    0.000000  120.000000   6   5  33071   0
 148   50033072    0.000000  110.000000   6   5  33072   0
 149   50033073    0.000000   95.000000   6   5  33073   0
 150   50033074    0.000000   85.000000   6   5  33074   0
 151   50033075    0.000000   70.000000   6   5  33075   0
 152   50033076    0.000000   60.000000   6   5  33076   0
 153   50033077    0.000000   50.000000   6   5  33077   0
 154   50033078    0.000000   42.000000   6   5  33078   0
 155   50033079    0.000000   54.000000   6   5  33079   0
 156   50033080    0.000000   54.000000   6   5  33080   0
 157   50033081    0.000000   66.000000   6   5  33081   0
 158   50033082    0.000000   72.000000   6   5  33082   0
 159   51033082    0.000000   72.000000   6   5  33082   1
 160   50033083    0.000000   80.000000   6   5  33083   0
 161   50033084    0.000000   95.000000   6   5  33084   0
 162   50033085    0.000000  100.000000   6   5  33085   0
 163   50033086    0.000000  130.000000   6   5  33086   0
 164   50034069    0.000000  180.000000   6   5  34069   0
 165   50034070    0.000000  160.000000   6   5  34070   0
 166   50034071    0.000000  140.000000   6   5  34071   0
 167   50034072    0.000000  120.000000   6   5  34072   0
 168   50034073    0.000000  110.000000   6   5  34073   0
 169   51034073    0.000000  110.000000   6   5  34073   1
 170   50034074    0.000000   95.000000   6   5  34074   0
 171   50034075    0.000000   90.000000   6   5  34075   0
 172   50034076    0.000000   76.000000   6   5  34076   0
 173   50034077    0.000000   66.000000   6   5  34077   0
 174   51034077    0.000000   66.000000   6   5  34077   1
 175   50034078    0.000000   56.000000   6   5  34078   0
 176   50034079    0.000000   46.000000   6   5  34079   0
 177   51034079    0.000000   48.000000   6   5  34079   1
 178   50034080    0.000000   44.000000   6   5  34080   0
 179   50034081    0.000000   38.000000   6   5  34081   0
 180   51034081    0.000000   38.000000   6   5  34081   1
 181   50034082    0.000000   50.000000   6   5  34082   0
 182   50034083    0.000000   54.000000   6   5  34083   0
 183   51034083    0.000000   54.000000   6   5  34083   1
 184   50034084    0.000000   64.000000   6   5  34084   0
 185   50034085    0.000000   72.000000   6   5  34085   0
 186   50034086    0.000000   80.000000   6   5  34086   0
 187   50034087    0.000000  100.000000   6   5  34087   0
 188   50035070    0.000000  180.000000   6   5  35070   0
 189   51035070    0.000000  180.000000   6   5  35070   1
 190   50035071    0.000000  170.000000   6   5  35071   0
 191   50035072    0.000000  150.000000   6   5  35072   0
 192   51035072    0.000000  150.000000   6   5  35072   1
 193   50035073    0.000000  140.000000   6   5  35073   0
 194   50035074    0.000000  120.000000   6   5  35074   0
 195   51035074    0.000000  120.000000   6   5  35074   1
 196   50035075    0.000000  110.000000   6   5  35075   0
 197   50035076    0.000000   95.000000   6   5  35076   0
 198   51035076    0.000000   95.000000   6   5  35076   1
 199   50035077    0.000000   78.000000   6   5  35077   0
 200   51035077    0.000000   78.000000   6   5  35077   1
 201   50035078    0.000000   66.000000   6   5  35078   0
 202   50035079    0.000000   54.000000   6   5  35079   0
 203   51035079    0.000000   54.000000   6   5  35079   1
 204   50035080    0.000000   44.000000   6   5  35080   0
 205   51035080    0.000000   44.000000   6   5  35080   1
 206   50035081    0.000000   34.000000   6   5  35081   0
 207   50035082    0.000000   26.000000   6   5  35082   0
 208   51035082    0.000000   27.000000   6   5  35082   1
 209   50035083    0.000000   38.000000   6   5  35083   0
 210   50035084    0.000000   38.000000   6   5  35084   0
 211   51035084    0.000000   38.000000   6   5  35084   1
 212   50035085    0.000000   50.000000   6   5  35085   0
 213   50035086    0.000000   54.000000   6   5  35086   0
 214   50035087    0.000000   68.000000   6   5  35087   0
 215   50035088    0.000000   74.000000   6   5  35088   0
 216   50036072    0.000000  180.000000   6   5  36072   0
 217   50036073    0.000000  160.000000   6   5  36073   0
 218   50036074    0.000000  150.000000   6   5  36074   0
 219   50036075    0.000000  130.000000   6   5  36075   0
 220   50036076    0.000000  110.000000   6   5  36076   0
 221   50036077    0.000000  100.000000   6   5  36077   0
 222   50036078    0.000000   85.000000   6   5  36078   0
 223   50036079    0.000000   74.000000   6   5  36079   0
 224   51036079    0.000000   74.000000   6   5  36079   1
 225   50036080    0.000000   62.000000   6   5  36080   0
 226   50036081    0.000000   52.000000   6   5  36081   0
 227   51036081    0.000000   54.000000   6   5  36081   1
 228   50036082    0.000000   42.000000   6   5  36082   0
 229   50036083    0.000000   34.000000   6   5  36083   0
 230   51036083    0.000000   34.000000   6   5  36083   1
 231   50036084    0.000000   29.000000   6   5  36084   0
 232   50036085    0.000000   24.000000   6   5  36085   0
 233   51036085    0.000000   24.000000   6   5  36085   1
 234   50036086    0.000000   34.000000   6   5  36086   0
 235   50036087    0.000000   36.000000   6   5  36087   0
 236   50036088    0.000000   50.000000   6   5  36088   0
 237   50036089    0.000000   54.000000   6   5  36089   0
 238   50037073    0.000000  190.000000   6   5  37073   0
 239   50037074    0.000000  170.000000   6   5  37074   0
 240   50037075    0.000000  150.000000   6   5  37075   0
 241   50037076    0.000000  140.000000   6   5  37076   0
 242   50037077    0.000000  130.000000   6   5  37077   0
 243   50037078    0.000000  110.000000   6   5  37078   0
 244   51037078    0.000000  110.000000   6   5  37078   1
 245   50037079    0.000000   90.000000   6   5  37079   0
 246   50037080    0.000000   76.000000   6   5  37080   0
 247   50037081    0.000000   64.000000   6   5  37081   0
 248   51037081    0.000000   64.000000   6   5  37081   1
 249   50037082    0.000000   54.000000   6   5  37082   0
 250   51037082    0.000000   54.000000   6   5  37082   1
 251   50037083    0.000000   42.000000   6   5  37083   0
 252   50037084    0.000000   32.000000   6   5  37084   0
 253   51037084    0.000000   34.000000   6   5  37084   1
 254   50037085    0.000000   22.000000   6   5  37085   0
 255   50037086    0.000000   13.500000   6   5  37086   0
 256   51037086    0.000000   13.500000   6   5  37086   1
 257   50037087    0.000000   23.000000   6   5  37087   0
 258   50037088    0.000000   25.000000   6   5  37088   0
 259   50037089    0.000000   38.000000   6   5  37089   0
 260   50037090    0.000000   40.000000   6   5  37090   0
 261   51037090    0.000000   40.000000   6   5  37090   1
 262   50038075    0.000000  180.000000   6   5  38075   0
 263   50038076    0.000000  160.000000   6   5  38076   0
 264   50038077    0.000000  150.000000   6   5  38077   0
 265   50038078    0.000000  130.000000   6   5  38078   0
 266   50038079    0.000000  120.000000   6   5  38079   0
 267   50038080    0.000000  100.000000   6   5  38080   0
 268   50038081    0.000000   90.000000   6   5  38081   0
 269   50038082    0.000000   74.000000   6   5  38082   0
 270   50038083    0.000000   64.000000   6   5  38083   0
 271   51038083    0.000000   64.000000   6   5  38083   1
 272   50038084    0.000000   52.000000   6   5  38084   0
 273   50038085    0.000000   42.000000   6   5  38085   0
 274   51038085    0.000000   44.000000   6   5  38085   1
 275   50038086    0.000000   30.000000   6   5  38086   0
 276   50038087    0.000000   22.000000   6   5  38087   0
 277   51038087    0.000000   22.000000   6   5  38087   1
 278   50038088    0.000000   16.500000   6   5  38088   0
 279   50038089    0.000000   12.000000   6   5  38089   0
 280   50038090    0.000000   25.000000   6   5  38090   0
 281   50038091    0.000000   27.000000   6   5  38091   0
 282   50039077    0.000000  180.000000   6   5  39077   0
 283   50039078    0.000000  160.000000   6   5  39078   0
 284   50039079    0.000000  150.000000   6   5  39079   0
 285   50039080    0.000000  130.000000   6   5  39080   0
 286   51039080    0.000000  130.000000   6   5  39080   1
 287   50039081    0.000000  110.000000   6   5  39081   0
 288   50039082    0.000000   95.000000   6   5  39082   0
 289   50039083    0.000000   78.000000   6   5  39083   0
 290   51039083    0.000000   78.000000   6   5  39083   1
 291   50039084    0.000000   68.000000   6   5  39084   0
 292   51039084    0.000000   68.000000   6   5  39084   1
 293   50039085    0.000000   54.000000   6   5  39085   0
 294   51039085    0.000000   54.000000   6   5  39085   1
 295   50039086    0.000000   44.000000   6   5  39086   0
 296   51039086    0.000000   46.000000   6   5  39086   1
 297   50039087    0.000000   32.000000   6   5  39087   0
 298   51039087    0.000000   32.000000   6   5  39087   1
 299   50039088    0.000000   22.000000   6   5  39088   0
 300   50039089    0.000000   10.500000   6   5  39089   0
 301   51039089    0.000000   11.000000   6   5  39089   1
 302   50039090    0.000000    3.500000   6   5  39090   0
 303   51039090    0.000000    4.000000   6   5  39090   1
 304   50039091    0.000000   16.500000   6   5  39091   0
 305   51039091    0.000000   16.500000   6   5  39091   1
 306   50039092    0.000000   17.000000   6   5  39092   0
 307   50040079    0.000000  170.000000   6   5  40079   0
 308   50040080    0.000000  150.000000   6   5  40080   0
 309   50040081    0.000000  140.000000   6   5  40081   0
 310   50040082    0.000000  120.000000   6   5  40082   0
 311   50040083    0.000000  110.000000   6   5  40083   0
 312   50040084    0.000000   95.000000   6   5  40084   0
 313   50040085    0.000000   80.000000   6   5  40085   0
 314   50040086    0.000000   68.000000   6   5  40086   0
 315   50040087    0.000000   56.000000   6   5  40087   0
 316   51040087    0.000000   58.000000   6   5  40087   1
 317   50040088    0.000000   44.000000   6   5  40088   0
 318   50040089    0.000000   34.000000   6   5  40089   0
 319   51040089    0.000000   34.000000   6   5  40089   1
 320   50040090    0.000000   21.000000   6   5  40090   0
 321   51040090    0.000000   24.000000   6   5  40090   1
 322   50040091    0.000000   14.000000   6   5  40091   0
 323   50040092    0.000000   11.500000   6   5  40092   0
 324   50040093    0.000000    7.000000   6   5  40093   0
 325   50041082    0.000000  160.000000   6   5  41082   0
 326   50041083    0.000000  130.000000   6   5  41083   0
 327   50041084    0.000000  120.000000   6   5  41084   0
 328   50041085    0.000000  100.000000   6   5  41085   0
 329   50041086    0.000000   90.000000   6   5  41086   0
 330   51041086    0.000000   90.000000   6   5  41086   1
 331   50041087    0.000000   72.000000   6   5  41087   0
 332   51041087    0.000000   72.000000   6   5  41087   1
 333   50041088    0.000000   62.000000   6   5  41088   0
 334   51041088    0.000000   62.000000   6   5  41088   1
 335   50041089    0.000000   48.000000   6   5  41089   0
 336   51041089    0.000000   48.000000   6   5  41089   1
 337   50041090    0.000000   38.000000   6   5  41090   0
 338   51041090    0.000000   38.000000   6   5  41090   1
 339   50041091    0.000000   25.000000   6   5  41091   0
 340   51041091    0.000000   25.000000   6   5  41091   1
 341   50041092    0.000000   16.500000   6   5  41092   0
 342   51041092    0.000000   16.500000   6   5  41092   1
 343   50041093    0.000000    7.500000   6   5  41093   0
 344   51041093    0.000000    7.500000   6   5  41093   1
 345   50041094    0.000000    1.000000   6   5  41094   0
 346   51041094    0.000000    1.000000   6   5  41094   1
 
   p   ZAP IP   NR    Tp [MeV]
   1     1  1    1    7.227541
   2     0  2    1    1.000000
   3  1001  9    1    6.536001
   4  1002 31    1   11.500000
   5  1003 32    1   13.423310
   6  2003 33    1   16.500000
   7  2004 34    1    3.500000
--------------------------------------------------------------------------------
 
