 
--------------------------------------------------------------------------------
 41-Nb- 93   T= 0.00 K from IAEA/PD-2019       (ACEMAKER)
 ZAID= 41093.38u  MAT=4125  ZA= 41093
 AWR=  92.108260  STA=  0  ELIS=   0.000 MeV  LIS=  0  LISO=  0
--------------------------------------------------------------------------------
 NTOTR= 329 NTRAN=   1 NPROD= 328 NE=     136 EMAX= 200.000 MeV
   i     MT/MTD     Q [MeV]     T [MeV] LMF  MT    ZAP LFS
   1          5    0.000000    1.000000   3   5
   2   50022056    0.000000  180.000000   6   5  22056   0
   3   50023057    0.000000  180.000000   6   5  23057   0
   4   50023058    0.000000  180.000000   6   5  23058   0
   5   50023059    0.000000  180.000000   6   5  23059   0
   6   50024058    0.000000  160.000000   6   5  24058   0
   7   50024059    0.000000  150.000000   6   5  24059   0
   8   50024060    0.000000  150.000000   6   5  24060   0
   9   50024061    0.000000  170.000000   6   5  24061   0
  10   50024062    0.000000  170.000000   6   5  24062   0
  11   50025059    0.000000  160.000000   6   5  25059   0
  12   50025060    0.000000  150.000000   6   5  25060   0
  13   51025060    0.000000  150.000000   6   5  25060   1
  14   50025061    0.000000  150.000000   6   5  25061   0
  15   50025062    0.000000  150.000000   6   5  25062   0
  16   50025063    0.000000  150.000000   6   5  25063   0
  17   50025064    0.000000  170.000000   6   5  25064   0
  18   50025065    0.000000  170.000000   6   5  25065   0
  19   50026060    0.000000  140.000000   6   5  26060   0
  20   50026061    0.000000  140.000000   6   5  26061   0
  21   50026062    0.000000  130.000000   6   5  26062   0
  22   50026063    0.000000  130.000000   6   5  26063   0
  23   50026064    0.000000  130.000000   6   5  26064   0
  24   50026065    0.000000  140.000000   6   5  26065   0
  25   50026066    0.000000  140.000000   6   5  26066   0
  26   50026067    0.000000  170.000000   6   5  26067   0
  27   50026068    0.000000  170.000000   6   5  26068   0
  28   50027061    0.000000  140.000000   6   5  27061   0
  29   50027062    0.000000  140.000000   6   5  27062   0
  30   51027062    0.000000  140.000000   6   5  27062   1
  31   50027063    0.000000  130.000000   6   5  27063   0
  32   50027064    0.000000  120.000000   6   5  27064   0
  33   50027065    0.000000  120.000000   6   5  27065   0
  34   50027066    0.000000  130.000000   6   5  27066   0
  35   50027067    0.000000  130.000000   6   5  27067   0
  36   50027068    0.000000  140.000000   6   5  27068   0
  37   51027068    0.000000  140.000000   6   5  27068   1
  38   50027069    0.000000  140.000000   6   5  27069   0
  39   50027070    0.000000  170.000000   6   5  27070   0
  40   51027070    0.000000  170.000000   6   5  27070   1
  41   50027071    0.000000  170.000000   6   5  27071   0
  42   50028062    0.000000  140.000000   6   5  28062   0
  43   50028063    0.000000  130.000000   6   5  28063   0
  44   50028064    0.000000  130.000000   6   5  28064   0
  45   50028065    0.000000  120.000000   6   5  28065   0
  46   50028066    0.000000  120.000000   6   5  28066   0
  47   50028067    0.000000  110.000000   6   5  28067   0
  48   50028068    0.000000  110.000000   6   5  28068   0
  49   50028069    0.000000  120.000000   6   5  28069   0
  50   50028070    0.000000  120.000000   6   5  28070   0
  51   50028071    0.000000  140.000000   6   5  28071   0
  52   50028072    0.000000  140.000000   6   5  28072   0
  53   50028073    0.000000  170.000000   6   5  28073   0
  54   50028074    0.000000  170.000000   6   5  28074   0
  55   50029063    0.000000  140.000000   6   5  29063   0
  56   50029064    0.000000  130.000000   6   5  29064   0
  57   50029065    0.000000  130.000000   6   5  29065   0
  58   50029066    0.000000  110.000000   6   5  29066   0
  59   50029067    0.000000  100.000000   6   5  29067   0
  60   50029068    0.000000   95.000000   6   5  29068   0
  61   51029068    0.000000   95.000000   6   5  29068   1
  62   50029069    0.000000   95.000000   6   5  29069   0
  63   50029070    0.000000   95.000000   6   5  29070   0
  64   51029070    0.000000   95.000000   6   5  29070   1
  65   50029071    0.000000  100.000000   6   5  29071   0
  66   50029072    0.000000  120.000000   6   5  29072   0
  67   50029073    0.000000  120.000000   6   5  29073   0
  68   50029074    0.000000  140.000000   6   5  29074   0
  69   50029075    0.000000  140.000000   6   5  29075   0
  70   50029076    0.000000  170.000000   6   5  29076   0
  71   51029076    0.000000  170.000000   6   5  29076   1
  72   50029077    0.000000  180.000000   6   5  29077   0
  73   50030064    0.000000  150.000000   6   5  30064   0
  74   50030065    0.000000  140.000000   6   5  30065   0
  75   50030066    0.000000  130.000000   6   5  30066   0
  76   50030067    0.000000  110.000000   6   5  30067   0
  77   50030068    0.000000  100.000000   6   5  30068   0
  78   50030069    0.000000   95.000000   6   5  30069   0
  79   51030069    0.000000   95.000000   6   5  30069   1
  80   50030070    0.000000   95.000000   6   5  30070   0
  81   50030071    0.000000   85.000000   6   5  30071   0
  82   51030071    0.000000   85.000000   6   5  30071   1
  83   50030072    0.000000   85.000000   6   5  30072   0
  84   50030073    0.000000   85.000000   6   5  30073   0
  85   50030074    0.000000   95.000000   6   5  30074   0
  86   50030075    0.000000  120.000000   6   5  30075   0
  87   50030076    0.000000  120.000000   6   5  30076   0
  88   50030077    0.000000  140.000000   6   5  30077   0
  89   51030077    0.000000  140.000000   6   5  30077   1
  90   50030078    0.000000  140.000000   6   5  30078   0
  91   50030079    0.000000  180.000000   6   5  30079   0
  92   50030080    0.000000  180.000000   6   5  30080   0
  93   50031065    0.000000  150.000000   6   5  31065   0
  94   50031066    0.000000  140.000000   6   5  31066   0
  95   50031067    0.000000  130.000000   6   5  31067   0
  96   50031068    0.000000  120.000000   6   5  31068   0
  97   50031069    0.000000  110.000000   6   5  31069   0
  98   50031070    0.000000   95.000000   6   5  31070   0
  99   50031071    0.000000   80.000000   6   5  31071   0
 100   50031072    0.000000   72.000000   6   5  31072   0
 101   50031073    0.000000   66.000000   6   5  31073   0
 102   50031074    0.000000   72.000000   6   5  31074   0
 103   50031075    0.000000   80.000000   6   5  31075   0
 104   50031076    0.000000   85.000000   6   5  31076   0
 105   50031077    0.000000   95.000000   6   5  31077   0
 106   50031078    0.000000  120.000000   6   5  31078   0
 107   50031079    0.000000  120.000000   6   5  31079   0
 108   50031080    0.000000  140.000000   6   5  31080   0
 109   50031081    0.000000  150.000000   6   5  31081   0
 110   50031082    0.000000  180.000000   6   5  31082   0
 111   50032066    0.000000  170.000000   6   5  32066   0
 112   50032067    0.000000  150.000000   6   5  32067   0
 113   50032068    0.000000  140.000000   6   5  32068   0
 114   50032069    0.000000  120.000000   6   5  32069   0
 115   50032070    0.000000  110.000000   6   5  32070   0
 116   50032071    0.000000   95.000000   6   5  32071   0
 117   50032072    0.000000   80.000000   6   5  32072   0
 118   50032073    0.000000   74.000000   6   5  32073   0
 119   51032073    0.000000   74.000000   6   5  32073   1
 120   50032074    0.000000   66.000000   6   5  32074   0
 121   50032075    0.000000   66.000000   6   5  32075   0
 122   51032075    0.000000   66.000000   6   5  32075   1
 123   50032076    0.000000   62.000000   6   5  32076   0
 124   50032077    0.000000   70.000000   6   5  32077   0
 125   51032077    0.000000   70.000000   6   5  32077   1
 126   50032078    0.000000   78.000000   6   5  32078   0
 127   50032079    0.000000   85.000000   6   5  32079   0
 128   51032079    0.000000   85.000000   6   5  32079   1
 129   50032080    0.000000   95.000000   6   5  32080   0
 130   50032081    0.000000  110.000000   6   5  32081   0
 131   51032081    0.000000  110.000000   6   5  32081   1
 132   50032082    0.000000  120.000000   6   5  32082   0
 133   50032083    0.000000  150.000000   6   5  32083   0
 134   50033067    0.000000  170.000000   6   5  33067   0
 135   50033068    0.000000  150.000000   6   5  33068   0
 136   50033069    0.000000  140.000000   6   5  33069   0
 137   50033070    0.000000  130.000000   6   5  33070   0
 138   50033071    0.000000  120.000000   6   5  33071   0
 139   50033072    0.000000  100.000000   6   5  33072   0
 140   50033073    0.000000   85.000000   6   5  33073   0
 141   50033074    0.000000   74.000000   6   5  33074   0
 142   50033075    0.000000   64.000000   6   5  33075   0
 143   50033076    0.000000   54.000000   6   5  33076   0
 144   50033077    0.000000   44.000000   6   5  33077   0
 145   50033078    0.000000   56.000000   6   5  33078   0
 146   50033079    0.000000   58.000000   6   5  33079   0
 147   50033080    0.000000   68.000000   6   5  33080   0
 148   50033081    0.000000   78.000000   6   5  33081   0
 149   50033082    0.000000   85.000000   6   5  33082   0
 150   51033082    0.000000   85.000000   6   5  33082   1
 151   50033083    0.000000   95.000000   6   5  33083   0
 152   50033084    0.000000  120.000000   6   5  33084   0
 153   50033085    0.000000  190.000000   6   5  33085   0
 154   50034068    0.000000  190.000000   6   5  34068   0
 155   50034069    0.000000  170.000000   6   5  34069   0
 156   50034070    0.000000  150.000000   6   5  34070   0
 157   50034071    0.000000  130.000000   6   5  34071   0
 158   50034072    0.000000  120.000000   6   5  34072   0
 159   50034073    0.000000  110.000000   6   5  34073   0
 160   51034073    0.000000  110.000000   6   5  34073   1
 161   50034074    0.000000   90.000000   6   5  34074   0
 162   50034075    0.000000   80.000000   6   5  34075   0
 163   50034076    0.000000   68.000000   6   5  34076   0
 164   50034077    0.000000   60.000000   6   5  34077   0
 165   51034077    0.000000   60.000000   6   5  34077   1
 166   50034078    0.000000   48.000000   6   5  34078   0
 167   50034079    0.000000   46.000000   6   5  34079   0
 168   51034079    0.000000   46.000000   6   5  34079   1
 169   50034080    0.000000   42.000000   6   5  34080   0
 170   50034081    0.000000   52.000000   6   5  34081   0
 171   51034081    0.000000   52.000000   6   5  34081   1
 172   50034082    0.000000   56.000000   6   5  34082   0
 173   50034083    0.000000   66.000000   6   5  34083   0
 174   51034083    0.000000   66.000000   6   5  34083   1
 175   50034084    0.000000   76.000000   6   5  34084   0
 176   50034085    0.000000   85.000000   6   5  34085   0
 177   50034086    0.000000  120.000000   6   5  34086   0
 178   50035070    0.000000  180.000000   6   5  35070   0
 179   51035070    0.000000  180.000000   6   5  35070   1
 180   50035071    0.000000  160.000000   6   5  35071   0
 181   50035072    0.000000  140.000000   6   5  35072   0
 182   51035072    0.000000  140.000000   6   5  35072   1
 183   50035073    0.000000  130.000000   6   5  35073   0
 184   50035074    0.000000  120.000000   6   5  35074   0
 185   51035074    0.000000  120.000000   6   5  35074   1
 186   50035075    0.000000   95.000000   6   5  35075   0
 187   50035076    0.000000   85.000000   6   5  35076   0
 188   51035076    0.000000   85.000000   6   5  35076   1
 189   50035077    0.000000   70.000000   6   5  35077   0
 190   51035077    0.000000   70.000000   6   5  35077   1
 191   50035078    0.000000   58.000000   6   5  35078   0
 192   50035079    0.000000   48.000000   6   5  35079   0
 193   51035079    0.000000   48.000000   6   5  35079   1
 194   50035080    0.000000   38.000000   6   5  35080   0
 195   51035080    0.000000   36.000000   6   5  35080   1
 196   50035081    0.000000   27.000000   6   5  35081   0
 197   50035082    0.000000   40.000000   6   5  35082   0
 198   51035082    0.000000   40.000000   6   5  35082   1
 199   50035083    0.000000   38.000000   6   5  35083   0
 200   50035084    0.000000   52.000000   6   5  35084   0
 201   51035084    0.000000   52.000000   6   5  35084   1
 202   50035085    0.000000   56.000000   6   5  35085   0
 203   50035086    0.000000   68.000000   6   5  35086   0
 204   50035087    0.000000   85.000000   6   5  35087   0
 205   50036072    0.000000  170.000000   6   5  36072   0
 206   50036073    0.000000  150.000000   6   5  36073   0
 207   50036074    0.000000  130.000000   6   5  36074   0
 208   50036075    0.000000  120.000000   6   5  36075   0
 209   50036076    0.000000  100.000000   6   5  36076   0
 210   50036077    0.000000   90.000000   6   5  36077   0
 211   50036078    0.000000   76.000000   6   5  36078   0
 212   50036079    0.000000   68.000000   6   5  36079   0
 213   51036079    0.000000   68.000000   6   5  36079   1
 214   50036080    0.000000   54.000000   6   5  36080   0
 215   50036081    0.000000   46.000000   6   5  36081   0
 216   51036081    0.000000   46.000000   6   5  36081   1
 217   50036082    0.000000   34.000000   6   5  36082   0
 218   50036083    0.000000   32.000000   6   5  36083   0
 219   51036083    0.000000   32.000000   6   5  36083   1
 220   50036084    0.000000   23.000000   6   5  36084   0
 221   50036085    0.000000   36.000000   6   5  36085   0
 222   51036085    0.000000   38.000000   6   5  36085   1
 223   50036086    0.000000   36.000000   6   5  36086   0
 224   50036087    0.000000   50.000000   6   5  36087   0
 225   50036088    0.000000   56.000000   6   5  36088   0
 226   50037073    0.000000  180.000000   6   5  37073   0
 227   50037074    0.000000  160.000000   6   5  37074   0
 228   50037075    0.000000  150.000000   6   5  37075   0
 229   50037076    0.000000  130.000000   6   5  37076   0
 230   50037077    0.000000  120.000000   6   5  37077   0
 231   50037078    0.000000   95.000000   6   5  37078   0
 232   51037078    0.000000   95.000000   6   5  37078   1
 233   50037079    0.000000   80.000000   6   5  37079   0
 234   50037080    0.000000   68.000000   6   5  37080   0
 235   50037081    0.000000   56.000000   6   5  37081   0
 236   51037081    0.000000   56.000000   6   5  37081   1
 237   50037082    0.000000   46.000000   6   5  37082   0
 238   51037082    0.000000   46.000000   6   5  37082   1
 239   50037083    0.000000   34.000000   6   5  37083   0
 240   50037084    0.000000   25.000000   6   5  37084   0
 241   51037084    0.000000   26.000000   6   5  37084   1
 242   50037085    0.000000   14.500000   6   5  37085   0
 243   50037086    0.000000   26.000000   6   5  37086   0
 244   51037086    0.000000   27.000000   6   5  37086   1
 245   50037087    0.000000   23.000000   6   5  37087   0
 246   50037088    0.000000   38.000000   6   5  37088   0
 247   50037089    0.000000   40.000000   6   5  37089   0
 248   50038075    0.000000  170.000000   6   5  38075   0
 249   50038076    0.000000  160.000000   6   5  38076   0
 250   50038077    0.000000  140.000000   6   5  38077   0
 251   50038078    0.000000  120.000000   6   5  38078   0
 252   50038079    0.000000  110.000000   6   5  38079   0
 253   50038080    0.000000   90.000000   6   5  38080   0
 254   50038081    0.000000   80.000000   6   5  38081   0
 255   50038082    0.000000   66.000000   6   5  38082   0
 256   50038083    0.000000   56.000000   6   5  38083   0
 257   51038083    0.000000   56.000000   6   5  38083   1
 258   50038084    0.000000   44.000000   6   5  38084   0
 259   50038085    0.000000   36.000000   6   5  38085   0
 260   51038085    0.000000   36.000000   6   5  38085   1
 261   50038086    0.000000   23.000000   6   5  38086   0
 262   50038087    0.000000   20.000000   6   5  38087   0
 263   51038087    0.000000   21.000000   6   5  38087   1
 264   50038088    0.000000   11.000000   6   5  38088   0
 265   50038089    0.000000   25.000000   6   5  38089   0
 266   50038090    0.000000   25.000000   6   5  38090   0
 267   50039076    0.000000  190.000000   6   5  39076   0
 268   50039077    0.000000  170.000000   6   5  39077   0
 269   50039078    0.000000  150.000000   6   5  39078   0
 270   50039079    0.000000  140.000000   6   5  39079   0
 271   50039080    0.000000  120.000000   6   5  39080   0
 272   51039080    0.000000  120.000000   6   5  39080   1
 273   50039081    0.000000  100.000000   6   5  39081   0
 274   50039082    0.000000   85.000000   6   5  39082   0
 275   50039083    0.000000   70.000000   6   5  39083   0
 276   51039083    0.000000   70.000000   6   5  39083   1
 277   50039084    0.000000   60.000000   6   5  39084   0
 278   51039084    0.000000   60.000000   6   5  39084   1
 279   50039085    0.000000   48.000000   6   5  39085   0
 280   51039085    0.000000   48.000000   6   5  39085   1
 281   50039086    0.000000   38.000000   6   5  39086   0
 282   51039086    0.000000   38.000000   6   5  39086   1
 283   50039087    0.000000   24.000000   6   5  39087   0
 284   51039087    0.000000   25.000000   6   5  39087   1
 285   50039088    0.000000   14.500000   6   5  39088   0
 286   50039089    0.000000    3.000000   6   5  39089   0
 287   51039089    0.000000    4.000000   6   5  39089   1
 288   50039090    0.000000   16.500000   6   5  39090   0
 289   51039090    0.000000   17.000000   6   5  39090   1
 290   50039091    0.000000   16.000000   6   5  39091   0
 291   51039091    0.000000   17.000000   6   5  39091   1
 292   50040078    0.000000  190.000000   6   5  40078   0
 293   50040079    0.000000  160.000000   6   5  40079   0
 294   50040080    0.000000  140.000000   6   5  40080   0
 295   50040081    0.000000  130.000000   6   5  40081   0
 296   50040082    0.000000  110.000000   6   5  40082   0
 297   50040083    0.000000  100.000000   6   5  40083   0
 298   50040084    0.000000   85.000000   6   5  40084   0
 299   50040085    0.000000   72.000000   6   5  40085   0
 300   50040086    0.000000   60.000000   6   5  40086   0
 301   50040087    0.000000   50.000000   6   5  40087   0
 302   51040087    0.000000   50.000000   6   5  40087   1
 303   50040088    0.000000   36.000000   6   5  40088   0
 304   50040089    0.000000   26.000000   6   5  40089   0
 305   51040089    0.000000   27.000000   6   5  40089   1
 306   50040090    0.000000   14.000000   6   5  40090   0
 307   51040090    0.000000   16.000000   6   5  40090   1
 308   50040091    0.000000   13.000000   6   5  40091   0
 309   50040092    0.000000    6.500000   6   5  40092   0
 310   50041082    0.000000  140.000000   6   5  41082   0
 311   50041083    0.000000  120.000000   6   5  41083   0
 312   50041084    0.000000  110.000000   6   5  41084   0
 313   50041085    0.000000   90.000000   6   5  41085   0
 314   50041086    0.000000   78.000000   6   5  41086   0
 315   51041086    0.000000   78.000000   6   5  41086   1
 316   50041087    0.000000   64.000000   6   5  41087   0
 317   51041087    0.000000   64.000000   6   5  41087   1
 318   50041088    0.000000   54.000000   6   5  41088   0
 319   51041088    0.000000   54.000000   6   5  41088   1
 320   50041089    0.000000   40.000000   6   5  41089   0
 321   51041089    0.000000   40.000000   6   5  41089   1
 322   50041090    0.000000   30.000000   6   5  41090   0
 323   51041090    0.000000   30.000000   6   5  41090   1
 324   50041091    0.000000   17.000000   6   5  41091   0
 325   51041091    0.000000   17.000000   6   5  41091   1
 326   50041092    0.000000    9.000000   6   5  41092   0
 327   51041092    0.000000    9.000000   6   5  41092   1
 328   50041093    0.000000    1.000000   6   5  41093   0
 329   51041093    0.000000    1.000000   6   5  41093   1
 
   p   ZAP IP   NR    Tp [MeV]
   1     1  1    1    8.830863
   2     0  2    1    1.000000
   3  1001  9    1    6.042781
   4  1002 31    1   12.452990
   5  1003 32    1   13.390110
   6  2003 33    1   16.500000
   7  2004 34    1    3.000000
--------------------------------------------------------------------------------
 
