 
--------------------------------------------------------------------------------
 42-Mo-100   T= 0.00 K from IAEA/PD-2019       (ACEMAKER)
 ZAID= 42100.38u  MAT=4249  ZA= 42100
 AWR=  99.049210  STA=  0  ELIS=   0.000 MeV  LIS=  0  LISO=  0
--------------------------------------------------------------------------------
 NTOTR= 333 NTRAN=   1 NPROD= 332 NE=     137 EMAX= 200.000 MeV
   i     MT/MTD     Q [MeV]     T [MeV] LMF  MT    ZAP LFS
   1          5    0.000000    1.000000   3   5
   2   50024064    0.000000  180.000000   6   5  24064   0
   3   50025065    0.000000  180.000000   6   5  25065   0
   4   50025066    0.000000  180.000000   6   5  25066   0
   5   50025067    0.000000  180.000000   6   5  25067   0
   6   50026066    0.000000  150.000000   6   5  26066   0
   7   50026067    0.000000  150.000000   6   5  26067   0
   8   50026068    0.000000  150.000000   6   5  26068   0
   9   50026069    0.000000  170.000000   6   5  26069   0
  10   50026070    0.000000  170.000000   6   5  26070   0
  11   50026071    0.000000  190.000000   6   5  26071   0
  12   50026072    0.000000  190.000000   6   5  26072   0
  13   50027067    0.000000  150.000000   6   5  27067   0
  14   50027068    0.000000  150.000000   6   5  27068   0
  15   51027068    0.000000  150.000000   6   5  27068   1
  16   50027069    0.000000  150.000000   6   5  27069   0
  17   50027070    0.000000  150.000000   6   5  27070   0
  18   51027070    0.000000  150.000000   6   5  27070   1
  19   50027071    0.000000  150.000000   6   5  27071   0
  20   50027072    0.000000  170.000000   6   5  27072   0
  21   50027073    0.000000  170.000000   6   5  27073   0
  22   50027074    0.000000  190.000000   6   5  27074   0
  23   50028068    0.000000  140.000000   6   5  28068   0
  24   50028069    0.000000  130.000000   6   5  28069   0
  25   50028070    0.000000  130.000000   6   5  28070   0
  26   50028071    0.000000  120.000000   6   5  28071   0
  27   50028072    0.000000  120.000000   6   5  28072   0
  28   50028073    0.000000  140.000000   6   5  28073   0
  29   50028074    0.000000  140.000000   6   5  28074   0
  30   50028075    0.000000  160.000000   6   5  28075   0
  31   50028076    0.000000  160.000000   6   5  28076   0
  32   50029069    0.000000  140.000000   6   5  29069   0
  33   50029070    0.000000  130.000000   6   5  29070   0
  34   51029070    0.000000  130.000000   6   5  29070   1
  35   50029071    0.000000  130.000000   6   5  29071   0
  36   50029072    0.000000  120.000000   6   5  29072   0
  37   50029073    0.000000  120.000000   6   5  29073   0
  38   50029074    0.000000  120.000000   6   5  29074   0
  39   50029075    0.000000  120.000000   6   5  29075   0
  40   50029076    0.000000  140.000000   6   5  29076   0
  41   51029076    0.000000  140.000000   6   5  29076   1
  42   50029077    0.000000  140.000000   6   5  29077   0
  43   50029078    0.000000  160.000000   6   5  29078   0
  44   50029079    0.000000  170.000000   6   5  29079   0
  45   50030070    0.000000  140.000000   6   5  30070   0
  46   50030071    0.000000  130.000000   6   5  30071   0
  47   51030071    0.000000  130.000000   6   5  30071   1
  48   50030072    0.000000  120.000000   6   5  30072   0
  49   50030073    0.000000  110.000000   6   5  30073   0
  50   50030074    0.000000  100.000000   6   5  30074   0
  51   50030075    0.000000   95.000000   6   5  30075   0
  52   50030076    0.000000   95.000000   6   5  30076   0
  53   50030077    0.000000  110.000000   6   5  30077   0
  54   51030077    0.000000  110.000000   6   5  30077   1
  55   50030078    0.000000  110.000000   6   5  30078   0
  56   50030079    0.000000  140.000000   6   5  30079   0
  57   50030080    0.000000  140.000000   6   5  30080   0
  58   50030081    0.000000  170.000000   6   5  30081   0
  59   50030082    0.000000  170.000000   6   5  30082   0
  60   50031071    0.000000  140.000000   6   5  31071   0
  61   50031072    0.000000  130.000000   6   5  31072   0
  62   50031073    0.000000  120.000000   6   5  31073   0
  63   50031074    0.000000  110.000000   6   5  31074   0
  64   50031075    0.000000  100.000000   6   5  31075   0
  65   50031076    0.000000   95.000000   6   5  31076   0
  66   50031077    0.000000   95.000000   6   5  31077   0
  67   50031078    0.000000   95.000000   6   5  31078   0
  68   50031079    0.000000   95.000000   6   5  31079   0
  69   50031080    0.000000  110.000000   6   5  31080   0
  70   50031081    0.000000  110.000000   6   5  31081   0
  71   50031082    0.000000  140.000000   6   5  31082   0
  72   50031083    0.000000  140.000000   6   5  31083   0
  73   50031084    0.000000  170.000000   6   5  31084   0
  74   50031085    0.000000  180.000000   6   5  31085   0
  75   50032072    0.000000  140.000000   6   5  32072   0
  76   50032073    0.000000  130.000000   6   5  32073   0
  77   51032073    0.000000  130.000000   6   5  32073   1
  78   50032074    0.000000  120.000000   6   5  32074   0
  79   50032075    0.000000  110.000000   6   5  32075   0
  80   51032075    0.000000  110.000000   6   5  32075   1
  81   50032076    0.000000   95.000000   6   5  32076   0
  82   50032077    0.000000   90.000000   6   5  32077   0
  83   51032077    0.000000   90.000000   6   5  32077   1
  84   50032078    0.000000   78.000000   6   5  32078   0
  85   50032079    0.000000   72.000000   6   5  32079   0
  86   51032079    0.000000   72.000000   6   5  32079   1
  87   50032080    0.000000   70.000000   6   5  32080   0
  88   50032081    0.000000   76.000000   6   5  32081   0
  89   51032081    0.000000   76.000000   6   5  32081   1
  90   50032082    0.000000   85.000000   6   5  32082   0
  91   50032083    0.000000  100.000000   6   5  32083   0
  92   50032084    0.000000  110.000000   6   5  32084   0
  93   50032085    0.000000  140.000000   6   5  32085   0
  94   50032086    0.000000  140.000000   6   5  32086   0
  95   50032087    0.000000  180.000000   6   5  32087   0
  96   50032088    0.000000  180.000000   6   5  32088   0
  97   50033073    0.000000  140.000000   6   5  33073   0
  98   50033074    0.000000  130.000000   6   5  33074   0
  99   50033075    0.000000  120.000000   6   5  33075   0
 100   50033076    0.000000  110.000000   6   5  33076   0
 101   50033077    0.000000   95.000000   6   5  33077   0
 102   50033078    0.000000   90.000000   6   5  33078   0
 103   50033079    0.000000   80.000000   6   5  33079   0
 104   50033080    0.000000   72.000000   6   5  33080   0
 105   50033081    0.000000   70.000000   6   5  33081   0
 106   50033082    0.000000   68.000000   6   5  33082   0
 107   51033082    0.000000   68.000000   6   5  33082   1
 108   50033083    0.000000   68.000000   6   5  33083   0
 109   50033084    0.000000   76.000000   6   5  33084   0
 110   50033085    0.000000   90.000000   6   5  33085   0
 111   50033086    0.000000  110.000000   6   5  33086   0
 112   50033087    0.000000  110.000000   6   5  33087   0
 113   50033088    0.000000  140.000000   6   5  33088   0
 114   50033089    0.000000  150.000000   6   5  33089   0
 115   50033090    0.000000  180.000000   6   5  33090   0
 116   50034074    0.000000  150.000000   6   5  34074   0
 117   50034075    0.000000  140.000000   6   5  34075   0
 118   50034076    0.000000  120.000000   6   5  34076   0
 119   50034077    0.000000  110.000000   6   5  34077   0
 120   51034077    0.000000  110.000000   6   5  34077   1
 121   50034078    0.000000  100.000000   6   5  34078   0
 122   50034079    0.000000   90.000000   6   5  34079   0
 123   51034079    0.000000   90.000000   6   5  34079   1
 124   50034080    0.000000   76.000000   6   5  34080   0
 125   50034081    0.000000   68.000000   6   5  34081   0
 126   51034081    0.000000   68.000000   6   5  34081   1
 127   50034082    0.000000   58.000000   6   5  34082   0
 128   50034083    0.000000   50.000000   6   5  34083   0
 129   51034083    0.000000   50.000000   6   5  34083   1
 130   50034084    0.000000   46.000000   6   5  34084   0
 131   50034085    0.000000   56.000000   6   5  34085   0
 132   50034086    0.000000   68.000000   6   5  34086   0
 133   50034087    0.000000   76.000000   6   5  34087   0
 134   50034088    0.000000   90.000000   6   5  34088   0
 135   50034089    0.000000  110.000000   6   5  34089   0
 136   50034090    0.000000  120.000000   6   5  34090   0
 137   50034091    0.000000  150.000000   6   5  34091   0
 138   50035075    0.000000  150.000000   6   5  35075   0
 139   50035076    0.000000  140.000000   6   5  35076   0
 140   51035076    0.000000  140.000000   6   5  35076   1
 141   50035077    0.000000  130.000000   6   5  35077   0
 142   51035077    0.000000  130.000000   6   5  35077   1
 143   50035078    0.000000  120.000000   6   5  35078   0
 144   50035079    0.000000  110.000000   6   5  35079   0
 145   51035079    0.000000  110.000000   6   5  35079   1
 146   50035080    0.000000   95.000000   6   5  35080   0
 147   51035080    0.000000   95.000000   6   5  35080   1
 148   50035081    0.000000   80.000000   6   5  35081   0
 149   50035082    0.000000   72.000000   6   5  35082   0
 150   51035082    0.000000   72.000000   6   5  35082   1
 151   50035083    0.000000   62.000000   6   5  35083   0
 152   50035084    0.000000   54.000000   6   5  35084   0
 153   51035084    0.000000   54.000000   6   5  35084   1
 154   50035085    0.000000   46.000000   6   5  35085   0
 155   50035086    0.000000   46.000000   6   5  35086   0
 156   50035087    0.000000   46.000000   6   5  35087   0
 157   50035088    0.000000   58.000000   6   5  35088   0
 158   50035089    0.000000   68.000000   6   5  35089   0
 159   50035090    0.000000   80.000000   6   5  35090   0
 160   50035091    0.000000   90.000000   6   5  35091   0
 161   50035092    0.000000  120.000000   6   5  35092   0
 162   50036076    0.000000  160.000000   6   5  36076   0
 163   50036077    0.000000  150.000000   6   5  36077   0
 164   50036078    0.000000  130.000000   6   5  36078   0
 165   50036079    0.000000  120.000000   6   5  36079   0
 166   51036079    0.000000  120.000000   6   5  36079   1
 167   50036080    0.000000  110.000000   6   5  36080   0
 168   50036081    0.000000   95.000000   6   5  36081   0
 169   51036081    0.000000   95.000000   6   5  36081   1
 170   50036082    0.000000   80.000000   6   5  36082   0
 171   50036083    0.000000   68.000000   6   5  36083   0
 172   51036083    0.000000   68.000000   6   5  36083   1
 173   50036084    0.000000   58.000000   6   5  36084   0
 174   50036085    0.000000   48.000000   6   5  36085   0
 175   51036085    0.000000   48.000000   6   5  36085   1
 176   50036086    0.000000   40.000000   6   5  36086   0
 177   50036087    0.000000   34.000000   6   5  36087   0
 178   50036088    0.000000   25.000000   6   5  36088   0
 179   50036089    0.000000   40.000000   6   5  36089   0
 180   50036090    0.000000   46.000000   6   5  36090   0
 181   50036091    0.000000   58.000000   6   5  36091   0
 182   50036092    0.000000   72.000000   6   5  36092   0
 183   50036093    0.000000   80.000000   6   5  36093   0
 184   50036094    0.000000  120.000000   6   5  36094   0
 185   50037077    0.000000  170.000000   6   5  37077   0
 186   50037078    0.000000  150.000000   6   5  37078   0
 187   51037078    0.000000  150.000000   6   5  37078   1
 188   50037079    0.000000  140.000000   6   5  37079   0
 189   50037080    0.000000  130.000000   6   5  37080   0
 190   50037081    0.000000  120.000000   6   5  37081   0
 191   51037081    0.000000  120.000000   6   5  37081   1
 192   50037082    0.000000  100.000000   6   5  37082   0
 193   51037082    0.000000  100.000000   6   5  37082   1
 194   50037083    0.000000   90.000000   6   5  37083   0
 195   50037084    0.000000   78.000000   6   5  37084   0
 196   51037084    0.000000   78.000000   6   5  37084   1
 197   50037085    0.000000   66.000000   6   5  37085   0
 198   50037086    0.000000   58.000000   6   5  37086   0
 199   51037086    0.000000   58.000000   6   5  37086   1
 200   50037087    0.000000   46.000000   6   5  37087   0
 201   50037088    0.000000   40.000000   6   5  37088   0
 202   50037089    0.000000   32.000000   6   5  37089   0
 203   50037090    0.000000   32.000000   6   5  37090   0
 204   51037090    0.000000   32.000000   6   5  37090   1
 205   50037091    0.000000   28.000000   6   5  37091   0
 206   50037092    0.000000   44.000000   6   5  37092   0
 207   50037093    0.000000   46.000000   6   5  37093   0
 208   50037094    0.000000   62.000000   6   5  37094   0
 209   50037095    0.000000   74.000000   6   5  37095   0
 210   50038078    0.000000  180.000000   6   5  38078   0
 211   50038079    0.000000  160.000000   6   5  38079   0
 212   50038080    0.000000  150.000000   6   5  38080   0
 213   50038081    0.000000  130.000000   6   5  38081   0
 214   50038082    0.000000  120.000000   6   5  38082   0
 215   50038083    0.000000  100.000000   6   5  38083   0
 216   51038083    0.000000  100.000000   6   5  38083   1
 217   50038084    0.000000   90.000000   6   5  38084   0
 218   50038085    0.000000   76.000000   6   5  38085   0
 219   51038085    0.000000   76.000000   6   5  38085   1
 220   50038086    0.000000   62.000000   6   5  38086   0
 221   50038087    0.000000   54.000000   6   5  38087   0
 222   51038087    0.000000   54.000000   6   5  38087   1
 223   50038088    0.000000   44.000000   6   5  38088   0
 224   50038089    0.000000   34.000000   6   5  38089   0
 225   50038090    0.000000   26.000000   6   5  38090   0
 226   50038091    0.000000   20.000000   6   5  38091   0
 227   50038092    0.000000   12.500000   6   5  38092   0
 228   50038093    0.000000   28.000000   6   5  38093   0
 229   50038094    0.000000   29.000000   6   5  38094   0
 230   50038095    0.000000   46.000000   6   5  38095   0
 231   50038096    0.000000   48.000000   6   5  38096   0
 232   50039079    0.000000  180.000000   6   5  39079   0
 233   50039080    0.000000  170.000000   6   5  39080   0
 234   51039080    0.000000  170.000000   6   5  39080   1
 235   50039081    0.000000  160.000000   6   5  39081   0
 236   50039082    0.000000  140.000000   6   5  39082   0
 237   50039083    0.000000  130.000000   6   5  39083   0
 238   51039083    0.000000  130.000000   6   5  39083   1
 239   50039084    0.000000  120.000000   6   5  39084   0
 240   51039084    0.000000  120.000000   6   5  39084   1
 241   50039085    0.000000  100.000000   6   5  39085   0
 242   51039085    0.000000  100.000000   6   5  39085   1
 243   50039086    0.000000   90.000000   6   5  39086   0
 244   51039086    0.000000   90.000000   6   5  39086   1
 245   50039087    0.000000   76.000000   6   5  39087   0
 246   51039087    0.000000   76.000000   6   5  39087   1
 247   50039088    0.000000   66.000000   6   5  39088   0
 248   50039089    0.000000   54.000000   6   5  39089   0
 249   51039089    0.000000   54.000000   6   5  39089   1
 250   50039090    0.000000   46.000000   6   5  39090   0
 251   51039090    0.000000   46.000000   6   5  39090   1
 252   50039091    0.000000   38.000000   6   5  39091   0
 253   51039091    0.000000   38.000000   6   5  39091   1
 254   50039092    0.000000   30.000000   6   5  39092   0
 255   50039093    0.000000   22.000000   6   5  39093   0
 256   51039093    0.000000   23.000000   6   5  39093   1
 257   50039094    0.000000   22.000000   6   5  39094   0
 258   50039095    0.000000   17.000000   6   5  39095   0
 259   50039096    0.000000   32.000000   6   5  39096   0
 260   50039097    0.000000   34.000000   6   5  39097   0
 261   51039097    0.000000   36.000000   6   5  39097   1
 262   50040081    0.000000  180.000000   6   5  40081   0
 263   50040082    0.000000  160.000000   6   5  40082   0
 264   50040083    0.000000  150.000000   6   5  40083   0
 265   50040084    0.000000  130.000000   6   5  40084   0
 266   50040085    0.000000  120.000000   6   5  40085   0
 267   50040086    0.000000  100.000000   6   5  40086   0
 268   50040087    0.000000   90.000000   6   5  40087   0
 269   51040087    0.000000   90.000000   6   5  40087   1
 270   50040088    0.000000   76.000000   6   5  40088   0
 271   50040089    0.000000   64.000000   6   5  40089   0
 272   51040089    0.000000   66.000000   6   5  40089   1
 273   50040090    0.000000   52.000000   6   5  40090   0
 274   51040090    0.000000   54.000000   6   5  40090   1
 275   50040091    0.000000   44.000000   6   5  40091   0
 276   50040092    0.000000   36.000000   6   5  40092   0
 277   50040093    0.000000   28.000000   6   5  40093   0
 278   50040094    0.000000   19.000000   6   5  40094   0
 279   50040095    0.000000   12.000000   6   5  40095   0
 280   50040096    0.000000    4.000000   6   5  40096   0
 281   50040097    0.000000   19.000000   6   5  40097   0
 282   50040098    0.000000   21.000000   6   5  40098   0
 283   50041082    0.000000  190.000000   6   5  41082   0
 284   50041083    0.000000  180.000000   6   5  41083   0
 285   50041084    0.000000  170.000000   6   5  41084   0
 286   50041085    0.000000  150.000000   6   5  41085   0
 287   50041086    0.000000  140.000000   6   5  41086   0
 288   51041086    0.000000  140.000000   6   5  41086   1
 289   50041087    0.000000  120.000000   6   5  41087   0
 290   51041087    0.000000  120.000000   6   5  41087   1
 291   50041088    0.000000  110.000000   6   5  41088   0
 292   51041088    0.000000  110.000000   6   5  41088   1
 293   50041089    0.000000   90.000000   6   5  41089   0
 294   51041089    0.000000   95.000000   6   5  41089   1
 295   50041090    0.000000   80.000000   6   5  41090   0
 296   51041090    0.000000   80.000000   6   5  41090   1
 297   50041091    0.000000   66.000000   6   5  41091   0
 298   51041091    0.000000   66.000000   6   5  41091   1
 299   50041092    0.000000   58.000000   6   5  41092   0
 300   51041092    0.000000   58.000000   6   5  41092   1
 301   50041093    0.000000   48.000000   6   5  41093   0
 302   51041093    0.000000   48.000000   6   5  41093   1
 303   50041094    0.000000   40.000000   6   5  41094   0
 304   51041094    0.000000   40.000000   6   5  41094   1
 305   50041095    0.000000   32.000000   6   5  41095   0
 306   51041095    0.000000   32.000000   6   5  41095   1
 307   50041096    0.000000   25.000000   6   5  41096   0
 308   50041097    0.000000   16.000000   6   5  41097   0
 309   51041097    0.000000   17.000000   6   5  41097   1
 310   50041098    0.000000   16.000000   6   5  41098   0
 311   51041098    0.000000   16.500000   6   5  41098   1
 312   50041099    0.000000   11.500000   6   5  41099   0
 313   51041099    0.000000   12.000000   6   5  41099   1
 314   50042084    0.000000  190.000000   6   5  42084   0
 315   50042085    0.000000  170.000000   6   5  42085   0
 316   50042086    0.000000  150.000000   6   5  42086   0
 317   50042087    0.000000  140.000000   6   5  42087   0
 318   50042088    0.000000  120.000000   6   5  42088   0
 319   50042089    0.000000  110.000000   6   5  42089   0
 320   51042089    0.000000  110.000000   6   5  42089   1
 321   50042090    0.000000   95.000000   6   5  42090   0
 322   50042091    0.000000   85.000000   6   5  42091   0
 323   51042091    0.000000   85.000000   6   5  42091   1
 324   50042092    0.000000   68.000000   6   5  42092   0
 325   50042093    0.000000   58.000000   6   5  42093   0
 326   51042093    0.000000   62.000000   6   5  42093   1
 327   50042094    0.000000   48.000000   6   5  42094   0
 328   50042095    0.000000   40.000000   6   5  42095   0
 329   50042096    0.000000   32.000000   6   5  42096   0
 330   50042097    0.000000   24.000000   6   5  42097   0
 331   50042098    0.000000   14.500000   6   5  42098   0
 332   50042099    0.000000    8.500000   6   5  42099   0
 333   50042100    0.000000    1.000000   6   5  42100   0
 
   p   ZAP IP   NR    Tp [MeV]
   1     1  1    1    8.294244
   2     0  2    1    1.000000
   3  1001  9    1   11.146650
   4  1002 31    1   15.804150
   5  1003 32    1   15.537060
   6  2003 33    1   19.000000
   7  2004 34    1    4.000000
--------------------------------------------------------------------------------
 
