 
--------------------------------------------------------------------------------
 42-Mo- 96   T= 0.00 K from IAEA/PD-2019       (ACEMAKER)
 ZAID= 42096.38u  MAT=4237  ZA= 42096
 AWR=  95.080810  STA=  0  ELIS=   0.000 MeV  LIS=  0  LISO=  0
--------------------------------------------------------------------------------
 NTOTR= 339 NTRAN=   1 NPROD= 338 NE=     136 EMAX= 200.000 MeV
   i     MT/MTD     Q [MeV]     T [MeV] LMF  MT    ZAP LFS
   1          5    0.000000    1.000000   3   5
   2   50023059    0.000000  180.000000   6   5  23059   0
   3   50024060    0.000000  160.000000   6   5  24060   0
   4   50024061    0.000000  180.000000   6   5  24061   0
   5   50024062    0.000000  180.000000   6   5  24062   0
   6   50025061    0.000000  160.000000   6   5  25061   0
   7   50025062    0.000000  160.000000   6   5  25062   0
   8   50025063    0.000000  160.000000   6   5  25063   0
   9   50025064    0.000000  170.000000   6   5  25064   0
  10   50025065    0.000000  170.000000   6   5  25065   0
  11   50026062    0.000000  140.000000   6   5  26062   0
  12   50026063    0.000000  130.000000   6   5  26063   0
  13   50026064    0.000000  130.000000   6   5  26064   0
  14   50026065    0.000000  150.000000   6   5  26065   0
  15   50026066    0.000000  150.000000   6   5  26066   0
  16   50026067    0.000000  170.000000   6   5  26067   0
  17   50026068    0.000000  170.000000   6   5  26068   0
  18   50027063    0.000000  140.000000   6   5  27063   0
  19   50027064    0.000000  130.000000   6   5  27064   0
  20   50027065    0.000000  130.000000   6   5  27065   0
  21   50027066    0.000000  130.000000   6   5  27066   0
  22   50027067    0.000000  130.000000   6   5  27067   0
  23   50027068    0.000000  150.000000   6   5  27068   0
  24   51027068    0.000000  150.000000   6   5  27068   1
  25   50027069    0.000000  150.000000   6   5  27069   0
  26   50027070    0.000000  170.000000   6   5  27070   0
  27   51027070    0.000000  170.000000   6   5  27070   1
  28   50027071    0.000000  170.000000   6   5  27071   0
  29   50028064    0.000000  140.000000   6   5  28064   0
  30   50028065    0.000000  130.000000   6   5  28065   0
  31   50028066    0.000000  120.000000   6   5  28066   0
  32   50028067    0.000000  110.000000   6   5  28067   0
  33   50028068    0.000000  110.000000   6   5  28068   0
  34   50028069    0.000000  120.000000   6   5  28069   0
  35   50028070    0.000000  120.000000   6   5  28070   0
  36   50028071    0.000000  150.000000   6   5  28071   0
  37   50028072    0.000000  150.000000   6   5  28072   0
  38   50028073    0.000000  170.000000   6   5  28073   0
  39   50028074    0.000000  170.000000   6   5  28074   0
  40   50029065    0.000000  140.000000   6   5  29065   0
  41   50029066    0.000000  130.000000   6   5  29066   0
  42   50029067    0.000000  120.000000   6   5  29067   0
  43   50029068    0.000000  110.000000   6   5  29068   0
  44   51029068    0.000000  110.000000   6   5  29068   1
  45   50029069    0.000000  110.000000   6   5  29069   0
  46   50029070    0.000000  110.000000   6   5  29070   0
  47   51029070    0.000000  110.000000   6   5  29070   1
  48   50029071    0.000000  110.000000   6   5  29071   0
  49   50029072    0.000000  120.000000   6   5  29072   0
  50   50029073    0.000000  120.000000   6   5  29073   0
  51   50029074    0.000000  150.000000   6   5  29074   0
  52   50029075    0.000000  150.000000   6   5  29075   0
  53   50029076    0.000000  170.000000   6   5  29076   0
  54   51029076    0.000000  170.000000   6   5  29076   1
  55   50029077    0.000000  180.000000   6   5  29077   0
  56   50030066    0.000000  140.000000   6   5  30066   0
  57   50030067    0.000000  130.000000   6   5  30067   0
  58   50030068    0.000000  120.000000   6   5  30068   0
  59   50030069    0.000000  110.000000   6   5  30069   0
  60   51030069    0.000000  110.000000   6   5  30069   1
  61   50030070    0.000000  100.000000   6   5  30070   0
  62   50030071    0.000000   90.000000   6   5  30071   0
  63   51030071    0.000000   90.000000   6   5  30071   1
  64   50030072    0.000000   90.000000   6   5  30072   0
  65   50030073    0.000000   95.000000   6   5  30073   0
  66   50030074    0.000000  100.000000   6   5  30074   0
  67   50030075    0.000000  120.000000   6   5  30075   0
  68   50030076    0.000000  120.000000   6   5  30076   0
  69   50030077    0.000000  150.000000   6   5  30077   0
  70   51030077    0.000000  150.000000   6   5  30077   1
  71   50030078    0.000000  150.000000   6   5  30078   0
  72   50030079    0.000000  180.000000   6   5  30079   0
  73   50030080    0.000000  180.000000   6   5  30080   0
  74   50031067    0.000000  140.000000   6   5  31067   0
  75   50031068    0.000000  130.000000   6   5  31068   0
  76   50031069    0.000000  120.000000   6   5  31069   0
  77   50031070    0.000000  110.000000   6   5  31070   0
  78   50031071    0.000000  100.000000   6   5  31071   0
  79   50031072    0.000000   90.000000   6   5  31072   0
  80   50031073    0.000000   90.000000   6   5  31073   0
  81   50031074    0.000000   90.000000   6   5  31074   0
  82   50031075    0.000000   90.000000   6   5  31075   0
  83   50031076    0.000000   90.000000   6   5  31076   0
  84   50031077    0.000000  100.000000   6   5  31077   0
  85   50031078    0.000000  120.000000   6   5  31078   0
  86   50031079    0.000000  120.000000   6   5  31079   0
  87   50031080    0.000000  150.000000   6   5  31080   0
  88   50031081    0.000000  150.000000   6   5  31081   0
  89   50031082    0.000000  180.000000   6   5  31082   0
  90   50031083    0.000000  190.000000   6   5  31083   0
  91   50032068    0.000000  150.000000   6   5  32068   0
  92   50032069    0.000000  140.000000   6   5  32069   0
  93   50032070    0.000000  130.000000   6   5  32070   0
  94   50032071    0.000000  110.000000   6   5  32071   0
  95   50032072    0.000000  100.000000   6   5  32072   0
  96   50032073    0.000000   90.000000   6   5  32073   0
  97   51032073    0.000000   90.000000   6   5  32073   1
  98   50032074    0.000000   78.000000   6   5  32074   0
  99   50032075    0.000000   70.000000   6   5  32075   0
 100   51032075    0.000000   70.000000   6   5  32075   1
 101   50032076    0.000000   66.000000   6   5  32076   0
 102   50032077    0.000000   72.000000   6   5  32077   0
 103   51032077    0.000000   72.000000   6   5  32077   1
 104   50032078    0.000000   80.000000   6   5  32078   0
 105   50032079    0.000000   85.000000   6   5  32079   0
 106   51032079    0.000000   85.000000   6   5  32079   1
 107   50032080    0.000000   95.000000   6   5  32080   0
 108   50032081    0.000000  120.000000   6   5  32081   0
 109   51032081    0.000000  120.000000   6   5  32081   1
 110   50032082    0.000000  120.000000   6   5  32082   0
 111   50032083    0.000000  150.000000   6   5  32083   0
 112   50032084    0.000000  160.000000   6   5  32084   0
 113   50032085    0.000000  190.000000   6   5  32085   0
 114   50033069    0.000000  150.000000   6   5  33069   0
 115   50033070    0.000000  140.000000   6   5  33070   0
 116   50033071    0.000000  130.000000   6   5  33071   0
 117   50033072    0.000000  120.000000   6   5  33072   0
 118   50033073    0.000000  100.000000   6   5  33073   0
 119   50033074    0.000000   90.000000   6   5  33074   0
 120   50033075    0.000000   80.000000   6   5  33075   0
 121   50033076    0.000000   74.000000   6   5  33076   0
 122   50033077    0.000000   66.000000   6   5  33077   0
 123   50033078    0.000000   66.000000   6   5  33078   0
 124   50033079    0.000000   62.000000   6   5  33079   0
 125   50033080    0.000000   72.000000   6   5  33080   0
 126   50033081    0.000000   80.000000   6   5  33081   0
 127   50033082    0.000000   85.000000   6   5  33082   0
 128   51033082    0.000000   85.000000   6   5  33082   1
 129   50033083    0.000000   95.000000   6   5  33083   0
 130   50033084    0.000000  120.000000   6   5  33084   0
 131   50033085    0.000000  130.000000   6   5  33085   0
 132   50033086    0.000000  160.000000   6   5  33086   0
 133   50034070    0.000000  170.000000   6   5  34070   0
 134   50034071    0.000000  150.000000   6   5  34071   0
 135   50034072    0.000000  140.000000   6   5  34072   0
 136   50034073    0.000000  120.000000   6   5  34073   0
 137   51034073    0.000000  120.000000   6   5  34073   1
 138   50034074    0.000000  110.000000   6   5  34074   0
 139   50034075    0.000000   95.000000   6   5  34075   0
 140   50034076    0.000000   85.000000   6   5  34076   0
 141   50034077    0.000000   72.000000   6   5  34077   0
 142   51034077    0.000000   72.000000   6   5  34077   1
 143   50034078    0.000000   62.000000   6   5  34078   0
 144   50034079    0.000000   52.000000   6   5  34079   0
 145   51034079    0.000000   52.000000   6   5  34079   1
 146   50034080    0.000000   46.000000   6   5  34080   0
 147   50034081    0.000000   54.000000   6   5  34081   0
 148   51034081    0.000000   54.000000   6   5  34081   1
 149   50034082    0.000000   58.000000   6   5  34082   0
 150   50034083    0.000000   68.000000   6   5  34083   0
 151   51034083    0.000000   68.000000   6   5  34083   1
 152   50034084    0.000000   78.000000   6   5  34084   0
 153   50034085    0.000000   85.000000   6   5  34085   0
 154   50034086    0.000000   95.000000   6   5  34086   0
 155   50034087    0.000000  130.000000   6   5  34087   0
 156   50035071    0.000000  170.000000   6   5  35071   0
 157   50035072    0.000000  150.000000   6   5  35072   0
 158   51035072    0.000000  150.000000   6   5  35072   1
 159   50035073    0.000000  140.000000   6   5  35073   0
 160   50035074    0.000000  130.000000   6   5  35074   0
 161   51035074    0.000000  130.000000   6   5  35074   1
 162   50035075    0.000000  110.000000   6   5  35075   0
 163   50035076    0.000000  100.000000   6   5  35076   0
 164   51035076    0.000000  100.000000   6   5  35076   1
 165   50035077    0.000000   90.000000   6   5  35077   0
 166   51035077    0.000000   90.000000   6   5  35077   1
 167   50035078    0.000000   80.000000   6   5  35078   0
 168   50035079    0.000000   68.000000   6   5  35079   0
 169   51035079    0.000000   68.000000   6   5  35079   1
 170   50035080    0.000000   60.000000   6   5  35080   0
 171   51035080    0.000000   60.000000   6   5  35080   1
 172   50035081    0.000000   50.000000   6   5  35081   0
 173   50035082    0.000000   46.000000   6   5  35082   0
 174   51035082    0.000000   46.000000   6   5  35082   1
 175   50035083    0.000000   40.000000   6   5  35083   0
 176   50035084    0.000000   52.000000   6   5  35084   0
 177   51035084    0.000000   52.000000   6   5  35084   1
 178   50035085    0.000000   58.000000   6   5  35085   0
 179   50035086    0.000000   68.000000   6   5  35086   0
 180   50035087    0.000000   80.000000   6   5  35087   0
 181   50035088    0.000000   90.000000   6   5  35088   0
 182   50035089    0.000000  130.000000   6   5  35089   0
 183   50036072    0.000000  190.000000   6   5  36072   0
 184   50036073    0.000000  170.000000   6   5  36073   0
 185   50036074    0.000000  150.000000   6   5  36074   0
 186   50036075    0.000000  140.000000   6   5  36075   0
 187   50036076    0.000000  120.000000   6   5  36076   0
 188   50036077    0.000000  110.000000   6   5  36077   0
 189   50036078    0.000000   90.000000   6   5  36078   0
 190   50036079    0.000000   78.000000   6   5  36079   0
 191   51036079    0.000000   78.000000   6   5  36079   1
 192   50036080    0.000000   66.000000   6   5  36080   0
 193   50036081    0.000000   56.000000   6   5  36081   0
 194   51036081    0.000000   56.000000   6   5  36081   1
 195   50036082    0.000000   44.000000   6   5  36082   0
 196   50036083    0.000000   34.000000   6   5  36083   0
 197   51036083    0.000000   34.000000   6   5  36083   1
 198   50036084    0.000000   24.000000   6   5  36084   0
 199   50036085    0.000000   38.000000   6   5  36085   0
 200   51036085    0.000000   38.000000   6   5  36085   1
 201   50036086    0.000000   40.000000   6   5  36086   0
 202   50036087    0.000000   52.000000   6   5  36087   0
 203   50036088    0.000000   60.000000   6   5  36088   0
 204   50036089    0.000000   68.000000   6   5  36089   0
 205   50036090    0.000000   90.000000   6   5  36090   0
 206   50037073    0.000000  190.000000   6   5  37073   0
 207   50037074    0.000000  170.000000   6   5  37074   0
 208   50037075    0.000000  160.000000   6   5  37075   0
 209   50037076    0.000000  140.000000   6   5  37076   0
 210   50037077    0.000000  130.000000   6   5  37077   0
 211   50037078    0.000000  120.000000   6   5  37078   0
 212   51037078    0.000000  120.000000   6   5  37078   1
 213   50037079    0.000000  100.000000   6   5  37079   0
 214   50037080    0.000000   90.000000   6   5  37080   0
 215   50037081    0.000000   76.000000   6   5  37081   0
 216   51037081    0.000000   76.000000   6   5  37081   1
 217   50037082    0.000000   66.000000   6   5  37082   0
 218   51037082    0.000000   66.000000   6   5  37082   1
 219   50037083    0.000000   54.000000   6   5  37083   0
 220   50037084    0.000000   46.000000   6   5  37084   0
 221   51037084    0.000000   46.000000   6   5  37084   1
 222   50037085    0.000000   34.000000   6   5  37085   0
 223   50037086    0.000000   32.000000   6   5  37086   0
 224   51037086    0.000000   32.000000   6   5  37086   1
 225   50037087    0.000000   23.000000   6   5  37087   0
 226   50037088    0.000000   38.000000   6   5  37088   0
 227   50037089    0.000000   40.000000   6   5  37089   0
 228   50037090    0.000000   54.000000   6   5  37090   0
 229   51037090    0.000000   54.000000   6   5  37090   1
 230   50037091    0.000000   60.000000   6   5  37091   0
 231   50038075    0.000000  190.000000   6   5  38075   0
 232   50038076    0.000000  170.000000   6   5  38076   0
 233   50038077    0.000000  150.000000   6   5  38077   0
 234   50038078    0.000000  140.000000   6   5  38078   0
 235   50038079    0.000000  120.000000   6   5  38079   0
 236   50038080    0.000000  110.000000   6   5  38080   0
 237   50038081    0.000000   90.000000   6   5  38081   0
 238   50038082    0.000000   76.000000   6   5  38082   0
 239   50038083    0.000000   64.000000   6   5  38083   0
 240   51038083    0.000000   64.000000   6   5  38083   1
 241   50038084    0.000000   52.000000   6   5  38084   0
 242   50038085    0.000000   42.000000   6   5  38085   0
 243   51038085    0.000000   42.000000   6   5  38085   1
 244   50038086    0.000000   30.000000   6   5  38086   0
 245   50038087    0.000000   21.000000   6   5  38087   0
 246   51038087    0.000000   22.000000   6   5  38087   1
 247   50038088    0.000000   10.500000   6   5  38088   0
 248   50038089    0.000000   24.000000   6   5  38089   0
 249   50038090    0.000000   24.000000   6   5  38090   0
 250   50038091    0.000000   40.000000   6   5  38091   0
 251   50038092    0.000000   40.000000   6   5  38092   0
 252   50039077    0.000000  180.000000   6   5  39077   0
 253   50039078    0.000000  160.000000   6   5  39078   0
 254   50039079    0.000000  150.000000   6   5  39079   0
 255   50039080    0.000000  130.000000   6   5  39080   0
 256   51039080    0.000000  130.000000   6   5  39080   1
 257   50039081    0.000000  120.000000   6   5  39081   0
 258   50039082    0.000000  110.000000   6   5  39082   0
 259   50039083    0.000000   90.000000   6   5  39083   0
 260   51039083    0.000000   90.000000   6   5  39083   1
 261   50039084    0.000000   78.000000   6   5  39084   0
 262   51039084    0.000000   80.000000   6   5  39084   1
 263   50039085    0.000000   66.000000   6   5  39085   0
 264   51039085    0.000000   66.000000   6   5  39085   1
 265   50039086    0.000000   56.000000   6   5  39086   0
 266   51039086    0.000000   56.000000   6   5  39086   1
 267   50039087    0.000000   44.000000   6   5  39087   0
 268   51039087    0.000000   44.000000   6   5  39087   1
 269   50039088    0.000000   34.000000   6   5  39088   0
 270   50039089    0.000000   21.000000   6   5  39089   0
 271   51039089    0.000000   22.000000   6   5  39089   1
 272   50039090    0.000000   20.000000   6   5  39090   0
 273   51039090    0.000000   21.000000   6   5  39090   1
 274   50039091    0.000000   14.500000   6   5  39091   0
 275   51039091    0.000000   15.000000   6   5  39091   1
 276   50039092    0.000000   29.000000   6   5  39092   0
 277   50039093    0.000000   29.000000   6   5  39093   0
 278   51039093    0.000000   30.000000   6   5  39093   1
 279   50040079    0.000000  170.000000   6   5  40079   0
 280   50040080    0.000000  150.000000   6   5  40080   0
 281   50040081    0.000000  140.000000   6   5  40081   0
 282   50040082    0.000000  120.000000   6   5  40082   0
 283   50040083    0.000000  110.000000   6   5  40083   0
 284   50040084    0.000000   95.000000   6   5  40084   0
 285   50040085    0.000000   80.000000   6   5  40085   0
 286   50040086    0.000000   66.000000   6   5  40086   0
 287   50040087    0.000000   56.000000   6   5  40087   0
 288   51040087    0.000000   56.000000   6   5  40087   1
 289   50040088    0.000000   42.000000   6   5  40088   0
 290   50040089    0.000000   32.000000   6   5  40089   0
 291   51040089    0.000000   34.000000   6   5  40089   1
 292   50040090    0.000000   20.000000   6   5  40090   0
 293   51040090    0.000000   22.000000   6   5  40090   1
 294   50040091    0.000000   12.500000   6   5  40091   0
 295   50040092    0.000000    4.000000   6   5  40092   0
 296   50040093    0.000000   17.500000   6   5  40093   0
 297   50040094    0.000000   17.000000   6   5  40094   0
 298   50041081    0.000000  170.000000   6   5  41081   0
 299   50041082    0.000000  160.000000   6   5  41082   0
 300   50041083    0.000000  140.000000   6   5  41083   0
 301   50041084    0.000000  130.000000   6   5  41084   0
 302   50041085    0.000000  110.000000   6   5  41085   0
 303   50041086    0.000000  100.000000   6   5  41086   0
 304   51041086    0.000000  100.000000   6   5  41086   1
 305   50041087    0.000000   85.000000   6   5  41087   0
 306   51041087    0.000000   85.000000   6   5  41087   1
 307   50041088    0.000000   72.000000   6   5  41088   0
 308   51041088    0.000000   72.000000   6   5  41088   1
 309   50041089    0.000000   58.000000   6   5  41089   0
 310   51041089    0.000000   58.000000   6   5  41089   1
 311   50041090    0.000000   48.000000   6   5  41090   0
 312   51041090    0.000000   48.000000   6   5  41090   1
 313   50041091    0.000000   34.000000   6   5  41091   0
 314   51041091    0.000000   36.000000   6   5  41091   1
 315   50041092    0.000000   26.000000   6   5  41092   0
 316   51041092    0.000000   26.000000   6   5  41092   1
 317   50041093    0.000000   17.000000   6   5  41093   0
 318   51041093    0.000000   17.000000   6   5  41093   1
 319   50041094    0.000000   16.000000   6   5  41094   0
 320   51041094    0.000000   16.000000   6   5  41094   1
 321   50041095    0.000000    9.500000   6   5  41095   0
 322   51041095    0.000000   10.000000   6   5  41095   1
 323   50042083    0.000000  160.000000   6   5  42083   0
 324   50042084    0.000000  150.000000   6   5  42084   0
 325   50042085    0.000000  130.000000   6   5  42085   0
 326   50042086    0.000000  120.000000   6   5  42086   0
 327   50042087    0.000000  100.000000   6   5  42087   0
 328   50042088    0.000000   85.000000   6   5  42088   0
 329   50042089    0.000000   74.000000   6   5  42089   0
 330   51042089    0.000000   74.000000   6   5  42089   1
 331   50042090    0.000000   60.000000   6   5  42090   0
 332   50042091    0.000000   50.000000   6   5  42091   0
 333   51042091    0.000000   50.000000   6   5  42091   1
 334   50042092    0.000000   36.000000   6   5  42092   0
 335   50042093    0.000000   27.000000   6   5  42093   0
 336   51042093    0.000000   30.000000   6   5  42093   1
 337   50042094    0.000000   17.000000   6   5  42094   0
 338   50042095    0.000000    9.500000   6   5  42095   0
 339   50042096    0.000000    1.000000   6   5  42096   0
 
   p   ZAP IP   NR    Tp [MeV]
   1     1  1    1    9.154335
   2     0  2    1    1.000000
   3  1001  9    1    9.297589
   4  1002 31    1   15.561540
   5  1003 32    1   16.531850
   6  2003 33    1   17.500000
   7  2004 34    1    3.500000
--------------------------------------------------------------------------------
 
