 
--------------------------------------------------------------------------------
 42-Mo- 97   T= 0.00 K from IAEA/PD-2019       (ACEMAKER)
 ZAID= 42097.38u  MAT=4240  ZA= 42097
 AWR=  96.073550  STA=  0  ELIS=   0.000 MeV  LIS=  0  LISO=  0
--------------------------------------------------------------------------------
 NTOTR= 355 NTRAN=   1 NPROD= 354 NE=     129 EMAX= 200.000 MeV
   i     MT/MTD     Q [MeV]     T [MeV] LMF  MT    ZAP LFS
   1          5    0.000000    1.000000   3   5
   2   50022059    0.000000  190.000000   6   5  22059   0
   3   50023060    0.000000  180.000000   6   5  23060   0
   4   51023060    0.000000  180.000000   6   5  23060   1
   5   50023061    0.000000  180.000000   6   5  23061   0
   6   50024061    0.000000  150.000000   6   5  24061   0
   7   50024062    0.000000  150.000000   6   5  24062   0
   8   50024063    0.000000  180.000000   6   5  24063   0
   9   50024064    0.000000  180.000000   6   5  24064   0
  10   50025062    0.000000  150.000000   6   5  25062   0
  11   50025063    0.000000  150.000000   6   5  25063   0
  12   50025064    0.000000  150.000000   6   5  25064   0
  13   50025065    0.000000  150.000000   6   5  25065   0
  14   50025066    0.000000  180.000000   6   5  25066   0
  15   50025067    0.000000  180.000000   6   5  25067   0
  16   50026063    0.000000  130.000000   6   5  26063   0
  17   50026064    0.000000  130.000000   6   5  26064   0
  18   50026065    0.000000  130.000000   6   5  26065   0
  19   50026066    0.000000  130.000000   6   5  26066   0
  20   50026067    0.000000  150.000000   6   5  26067   0
  21   50026068    0.000000  150.000000   6   5  26068   0
  22   50026069    0.000000  180.000000   6   5  26069   0
  23   50026070    0.000000  180.000000   6   5  26070   0
  24   50027064    0.000000  130.000000   6   5  27064   0
  25   50027065    0.000000  130.000000   6   5  27065   0
  26   50027066    0.000000  130.000000   6   5  27066   0
  27   50027067    0.000000  130.000000   6   5  27067   0
  28   50027068    0.000000  130.000000   6   5  27068   0
  29   51027068    0.000000  130.000000   6   5  27068   1
  30   50027069    0.000000  130.000000   6   5  27069   0
  31   50027070    0.000000  150.000000   6   5  27070   0
  32   51027070    0.000000  150.000000   6   5  27070   1
  33   50027071    0.000000  150.000000   6   5  27071   0
  34   50027072    0.000000  180.000000   6   5  27072   0
  35   50027073    0.000000  180.000000   6   5  27073   0
  36   50028065    0.000000  130.000000   6   5  28065   0
  37   50028066    0.000000  130.000000   6   5  28066   0
  38   50028067    0.000000  120.000000   6   5  28067   0
  39   50028068    0.000000  110.000000   6   5  28068   0
  40   50028069    0.000000  100.000000   6   5  28069   0
  41   50028070    0.000000  100.000000   6   5  28070   0
  42   50028071    0.000000  120.000000   6   5  28071   0
  43   50028072    0.000000  120.000000   6   5  28072   0
  44   50028073    0.000000  150.000000   6   5  28073   0
  45   50028074    0.000000  150.000000   6   5  28074   0
  46   50028075    0.000000  180.000000   6   5  28075   0
  47   50028076    0.000000  180.000000   6   5  28076   0
  48   50029066    0.000000  130.000000   6   5  29066   0
  49   50029067    0.000000  130.000000   6   5  29067   0
  50   50029068    0.000000  120.000000   6   5  29068   0
  51   51029068    0.000000  120.000000   6   5  29068   1
  52   50029069    0.000000  110.000000   6   5  29069   0
  53   50029070    0.000000  100.000000   6   5  29070   0
  54   51029070    0.000000  100.000000   6   5  29070   1
  55   50029071    0.000000  100.000000   6   5  29071   0
  56   50029072    0.000000  100.000000   6   5  29072   0
  57   50029073    0.000000  100.000000   6   5  29073   0
  58   50029074    0.000000  120.000000   6   5  29074   0
  59   50029075    0.000000  120.000000   6   5  29075   0
  60   50029076    0.000000  150.000000   6   5  29076   0
  61   51029076    0.000000  150.000000   6   5  29076   1
  62   50029077    0.000000  150.000000   6   5  29077   0
  63   50029078    0.000000  180.000000   6   5  29078   0
  64   50029079    0.000000  190.000000   6   5  29079   0
  65   50030067    0.000000  140.000000   6   5  30067   0
  66   50030068    0.000000  130.000000   6   5  30068   0
  67   50030069    0.000000  120.000000   6   5  30069   0
  68   51030069    0.000000  120.000000   6   5  30069   1
  69   50030070    0.000000  110.000000   6   5  30070   0
  70   50030071    0.000000   95.000000   6   5  30071   0
  71   51030071    0.000000   95.000000   6   5  30071   1
  72   50030072    0.000000   90.000000   6   5  30072   0
  73   50030073    0.000000   80.000000   6   5  30073   0
  74   50030074    0.000000   85.000000   6   5  30074   0
  75   50030075    0.000000  100.000000   6   5  30075   0
  76   50030076    0.000000  100.000000   6   5  30076   0
  77   50030077    0.000000  120.000000   6   5  30077   0
  78   51030077    0.000000  120.000000   6   5  30077   1
  79   50030078    0.000000  120.000000   6   5  30078   0
  80   50030079    0.000000  150.000000   6   5  30079   0
  81   50030080    0.000000  150.000000   6   5  30080   0
  82   50030081    0.000000  190.000000   6   5  30081   0
  83   50030082    0.000000  190.000000   6   5  30082   0
  84   50031068    0.000000  140.000000   6   5  31068   0
  85   50031069    0.000000  130.000000   6   5  31069   0
  86   50031070    0.000000  120.000000   6   5  31070   0
  87   50031071    0.000000  110.000000   6   5  31071   0
  88   50031072    0.000000   95.000000   6   5  31072   0
  89   50031073    0.000000   90.000000   6   5  31073   0
  90   50031074    0.000000   80.000000   6   5  31074   0
  91   50031075    0.000000   80.000000   6   5  31075   0
  92   50031076    0.000000   78.000000   6   5  31076   0
  93   50031077    0.000000   85.000000   6   5  31077   0
  94   50031078    0.000000   95.000000   6   5  31078   0
  95   50031079    0.000000  100.000000   6   5  31079   0
  96   50031080    0.000000  120.000000   6   5  31080   0
  97   50031081    0.000000  130.000000   6   5  31081   0
  98   50031082    0.000000  150.000000   6   5  31082   0
  99   50031083    0.000000  160.000000   6   5  31083   0
 100   50031084    0.000000  190.000000   6   5  31084   0
 101   50032069    0.000000  150.000000   6   5  32069   0
 102   50032070    0.000000  130.000000   6   5  32070   0
 103   50032071    0.000000  120.000000   6   5  32071   0
 104   50032072    0.000000  110.000000   6   5  32072   0
 105   50032073    0.000000   95.000000   6   5  32073   0
 106   51032073    0.000000   95.000000   6   5  32073   1
 107   50032074    0.000000   85.000000   6   5  32074   0
 108   50032075    0.000000   76.000000   6   5  32075   0
 109   51032075    0.000000   76.000000   6   5  32075   1
 110   50032076    0.000000   68.000000   6   5  32076   0
 111   50032077    0.000000   60.000000   6   5  32077   0
 112   51032077    0.000000   60.000000   6   5  32077   1
 113   50032078    0.000000   68.000000   6   5  32078   0
 114   50032079    0.000000   74.000000   6   5  32079   0
 115   51032079    0.000000   74.000000   6   5  32079   1
 116   50032080    0.000000   80.000000   6   5  32080   0
 117   50032081    0.000000   95.000000   6   5  32081   0
 118   51032081    0.000000   95.000000   6   5  32081   1
 119   50032082    0.000000  100.000000   6   5  32082   0
 120   50032083    0.000000  130.000000   6   5  32083   0
 121   50032084    0.000000  130.000000   6   5  32084   0
 122   50032085    0.000000  160.000000   6   5  32085   0
 123   50032086    0.000000  170.000000   6   5  32086   0
 124   50033070    0.000000  150.000000   6   5  33070   0
 125   50033071    0.000000  130.000000   6   5  33071   0
 126   50033072    0.000000  120.000000   6   5  33072   0
 127   50033073    0.000000  110.000000   6   5  33073   0
 128   50033074    0.000000  100.000000   6   5  33074   0
 129   50033075    0.000000   90.000000   6   5  33075   0
 130   50033076    0.000000   80.000000   6   5  33076   0
 131   50033077    0.000000   70.000000   6   5  33077   0
 132   50033078    0.000000   62.000000   6   5  33078   0
 133   50033079    0.000000   60.000000   6   5  33079   0
 134   50033080    0.000000   56.000000   6   5  33080   0
 135   50033081    0.000000   68.000000   6   5  33081   0
 136   50033082    0.000000   74.000000   6   5  33082   0
 137   51033082    0.000000   74.000000   6   5  33082   1
 138   50033083    0.000000   80.000000   6   5  33083   0
 139   50033084    0.000000  100.000000   6   5  33084   0
 140   50033085    0.000000  100.000000   6   5  33085   0
 141   50033086    0.000000  130.000000   6   5  33086   0
 142   50033087    0.000000  140.000000   6   5  33087   0
 143   50033088    0.000000  170.000000   6   5  33088   0
 144   50034071    0.000000  160.000000   6   5  34071   0
 145   50034072    0.000000  140.000000   6   5  34072   0
 146   50034073    0.000000  130.000000   6   5  34073   0
 147   51034073    0.000000  130.000000   6   5  34073   1
 148   50034074    0.000000  120.000000   6   5  34074   0
 149   50034075    0.000000  110.000000   6   5  34075   0
 150   50034076    0.000000   90.000000   6   5  34076   0
 151   50034077    0.000000   80.000000   6   5  34077   0
 152   51034077    0.000000   80.000000   6   5  34077   1
 153   50034078    0.000000   68.000000   6   5  34078   0
 154   50034079    0.000000   58.000000   6   5  34079   0
 155   51034079    0.000000   58.000000   6   5  34079   1
 156   50034080    0.000000   50.000000   6   5  34080   0
 157   50034081    0.000000   42.000000   6   5  34081   0
 158   51034081    0.000000   42.000000   6   5  34081   1
 159   50034082    0.000000   50.000000   6   5  34082   0
 160   50034083    0.000000   56.000000   6   5  34083   0
 161   51034083    0.000000   56.000000   6   5  34083   1
 162   50034084    0.000000   64.000000   6   5  34084   0
 163   50034085    0.000000   74.000000   6   5  34085   0
 164   50034086    0.000000   80.000000   6   5  34086   0
 165   50034087    0.000000  100.000000   6   5  34087   0
 166   50034088    0.000000  110.000000   6   5  34088   0
 167   50034089    0.000000  140.000000   6   5  34089   0
 168   50035072    0.000000  160.000000   6   5  35072   0
 169   51035072    0.000000  160.000000   6   5  35072   1
 170   50035073    0.000000  150.000000   6   5  35073   0
 171   50035074    0.000000  140.000000   6   5  35074   0
 172   51035074    0.000000  140.000000   6   5  35074   1
 173   50035075    0.000000  120.000000   6   5  35075   0
 174   50035076    0.000000  110.000000   6   5  35076   0
 175   51035076    0.000000  110.000000   6   5  35076   1
 176   50035077    0.000000   95.000000   6   5  35077   0
 177   51035077    0.000000   95.000000   6   5  35077   1
 178   50035078    0.000000   90.000000   6   5  35078   0
 179   50035079    0.000000   76.000000   6   5  35079   0
 180   51035079    0.000000   76.000000   6   5  35079   1
 181   50035080    0.000000   66.000000   6   5  35080   0
 182   51035080    0.000000   66.000000   6   5  35080   1
 183   50035081    0.000000   56.000000   6   5  35081   0
 184   50035082    0.000000   46.000000   6   5  35082   0
 185   51035082    0.000000   48.000000   6   5  35082   1
 186   50035083    0.000000   44.000000   6   5  35083   0
 187   50035084    0.000000   38.000000   6   5  35084   0
 188   51035084    0.000000   38.000000   6   5  35084   1
 189   50035085    0.000000   50.000000   6   5  35085   0
 190   50035086    0.000000   56.000000   6   5  35086   0
 191   50035087    0.000000   68.000000   6   5  35087   0
 192   50035088    0.000000   76.000000   6   5  35088   0
 193   50035089    0.000000   85.000000   6   5  35089   0
 194   50035090    0.000000  110.000000   6   5  35090   0
 195   50036073    0.000000  180.000000   6   5  36073   0
 196   50036074    0.000000  160.000000   6   5  36074   0
 197   50036075    0.000000  140.000000   6   5  36075   0
 198   50036076    0.000000  130.000000   6   5  36076   0
 199   50036077    0.000000  120.000000   6   5  36077   0
 200   50036078    0.000000  100.000000   6   5  36078   0
 201   50036079    0.000000   90.000000   6   5  36079   0
 202   51036079    0.000000   90.000000   6   5  36079   1
 203   50036080    0.000000   74.000000   6   5  36080   0
 204   50036081    0.000000   64.000000   6   5  36081   0
 205   51036081    0.000000   64.000000   6   5  36081   1
 206   50036082    0.000000   52.000000   6   5  36082   0
 207   50036083    0.000000   42.000000   6   5  36083   0
 208   51036083    0.000000   42.000000   6   5  36083   1
 209   50036084    0.000000   32.000000   6   5  36084   0
 210   50036085    0.000000   24.000000   6   5  36085   0
 211   51036085    0.000000   24.000000   6   5  36085   1
 212   50036086    0.000000   34.000000   6   5  36086   0
 213   50036087    0.000000   38.000000   6   5  36087   0
 214   50036088    0.000000   50.000000   6   5  36088   0
 215   50036089    0.000000   56.000000   6   5  36089   0
 216   50036090    0.000000   68.000000   6   5  36090   0
 217   50036091    0.000000   80.000000   6   5  36091   0
 218   50037074    0.000000  180.000000   6   5  37074   0
 219   50037075    0.000000  170.000000   6   5  37075   0
 220   50037076    0.000000  150.000000   6   5  37076   0
 221   50037077    0.000000  140.000000   6   5  37077   0
 222   50037078    0.000000  130.000000   6   5  37078   0
 223   51037078    0.000000  130.000000   6   5  37078   1
 224   50037079    0.000000  110.000000   6   5  37079   0
 225   50037080    0.000000  100.000000   6   5  37080   0
 226   50037081    0.000000   85.000000   6   5  37081   0
 227   51037081    0.000000   85.000000   6   5  37081   1
 228   50037082    0.000000   74.000000   6   5  37082   0
 229   51037082    0.000000   74.000000   6   5  37082   1
 230   50037083    0.000000   62.000000   6   5  37083   0
 231   50037084    0.000000   52.000000   6   5  37084   0
 232   51037084    0.000000   52.000000   6   5  37084   1
 233   50037085    0.000000   42.000000   6   5  37085   0
 234   50037086    0.000000   32.000000   6   5  37086   0
 235   51037086    0.000000   34.000000   6   5  37086   1
 236   50037087    0.000000   28.000000   6   5  37087   0
 237   50037088    0.000000   24.000000   6   5  37088   0
 238   50037089    0.000000   38.000000   6   5  37089   0
 239   50037090    0.000000   40.000000   6   5  37090   0
 240   51037090    0.000000   40.000000   6   5  37090   1
 241   50037091    0.000000   54.000000   6   5  37091   0
 242   50037092    0.000000   58.000000   6   5  37092   0
 243   50038076    0.000000  180.000000   6   5  38076   0
 244   50038077    0.000000  160.000000   6   5  38077   0
 245   50038078    0.000000  150.000000   6   5  38078   0
 246   50038079    0.000000  130.000000   6   5  38079   0
 247   50038080    0.000000  110.000000   6   5  38080   0
 248   50038081    0.000000   95.000000   6   5  38081   0
 249   50038082    0.000000   85.000000   6   5  38082   0
 250   50038083    0.000000   72.000000   6   5  38083   0
 251   51038083    0.000000   72.000000   6   5  38083   1
 252   50038084    0.000000   60.000000   6   5  38084   0
 253   50038085    0.000000   50.000000   6   5  38085   0
 254   51038085    0.000000   50.000000   6   5  38085   1
 255   50038086    0.000000   38.000000   6   5  38086   0
 256   50038087    0.000000   29.000000   6   5  38087   0
 257   51038087    0.000000   29.000000   6   5  38087   1
 258   50038088    0.000000   17.000000   6   5  38088   0
 259   50038089    0.000000   10.500000   6   5  38089   0
 260   50038090    0.000000   23.000000   6   5  38090   0
 261   50038091    0.000000   25.000000   6   5  38091   0
 262   50038092    0.000000   38.000000   6   5  38092   0
 263   50038093    0.000000   42.000000   6   5  38093   0
 264   50039077    0.000000  190.000000   6   5  39077   0
 265   50039078    0.000000  170.000000   6   5  39078   0
 266   50039079    0.000000  160.000000   6   5  39079   0
 267   50039080    0.000000  140.000000   6   5  39080   0
 268   51039080    0.000000  140.000000   6   5  39080   1
 269   50039081    0.000000  130.000000   6   5  39081   0
 270   50039082    0.000000  120.000000   6   5  39082   0
 271   50039083    0.000000  100.000000   6   5  39083   0
 272   51039083    0.000000  100.000000   6   5  39083   1
 273   50039084    0.000000   90.000000   6   5  39084   0
 274   51039084    0.000000   90.000000   6   5  39084   1
 275   50039085    0.000000   74.000000   6   5  39085   0
 276   51039085    0.000000   74.000000   6   5  39085   1
 277   50039086    0.000000   64.000000   6   5  39086   0
 278   51039086    0.000000   64.000000   6   5  39086   1
 279   50039087    0.000000   50.000000   6   5  39087   0
 280   51039087    0.000000   52.000000   6   5  39087   1
 281   50039088    0.000000   40.000000   6   5  39088   0
 282   50039089    0.000000   28.000000   6   5  39089   0
 283   51039089    0.000000   29.000000   6   5  39089   1
 284   50039090    0.000000   21.000000   6   5  39090   0
 285   51039090    0.000000   22.000000   6   5  39090   1
 286   50039091    0.000000   19.500000   6   5  39091   0
 287   51039091    0.000000   20.000000   6   5  39091   1
 288   50039092    0.000000   14.500000   6   5  39092   0
 289   50039093    0.000000   28.000000   6   5  39093   0
 290   51039093    0.000000   29.000000   6   5  39093   1
 291   50039094    0.000000   29.000000   6   5  39094   0
 292   50040079    0.000000  180.000000   6   5  40079   0
 293   50040080    0.000000  160.000000   6   5  40080   0
 294   50040081    0.000000  150.000000   6   5  40081   0
 295   50040082    0.000000  130.000000   6   5  40082   0
 296   50040083    0.000000  120.000000   6   5  40083   0
 297   50040084    0.000000  100.000000   6   5  40084   0
 298   50040085    0.000000   90.000000   6   5  40085   0
 299   50040086    0.000000   74.000000   6   5  40086   0
 300   50040087    0.000000   64.000000   6   5  40087   0
 301   51040087    0.000000   64.000000   6   5  40087   1
 302   50040088    0.000000   50.000000   6   5  40088   0
 303   50040089    0.000000   40.000000   6   5  40089   0
 304   51040089    0.000000   40.000000   6   5  40089   1
 305   50040090    0.000000   27.000000   6   5  40090   0
 306   51040090    0.000000   30.000000   6   5  40090   1
 307   50040091    0.000000   19.500000   6   5  40091   0
 308   50040092    0.000000   10.500000   6   5  40092   0
 309   50040093    0.000000    4.000000   6   5  40093   0
 310   50040094    0.000000   16.000000   6   5  40094   0
 311   50040095    0.000000   17.000000   6   5  40095   0
 312   50041081    0.000000  180.000000   6   5  41081   0
 313   50041082    0.000000  170.000000   6   5  41082   0
 314   50041083    0.000000  150.000000   6   5  41083   0
 315   50041084    0.000000  140.000000   6   5  41084   0
 316   50041085    0.000000  120.000000   6   5  41085   0
 317   50041086    0.000000  110.000000   6   5  41086   0
 318   51041086    0.000000  110.000000   6   5  41086   1
 319   50041087    0.000000   90.000000   6   5  41087   0
 320   51041087    0.000000   90.000000   6   5  41087   1
 321   50041088    0.000000   78.000000   6   5  41088   0
 322   51041088    0.000000   78.000000   6   5  41088   1
 323   50041089    0.000000   66.000000   6   5  41089   0
 324   51041089    0.000000   66.000000   6   5  41089   1
 325   50041090    0.000000   54.000000   6   5  41090   0
 326   51041090    0.000000   54.000000   6   5  41090   1
 327   50041091    0.000000   42.000000   6   5  41091   0
 328   51041091    0.000000   42.000000   6   5  41091   1
 329   50041092    0.000000   34.000000   6   5  41092   0
 330   51041092    0.000000   34.000000   6   5  41092   1
 331   50041093    0.000000   24.000000   6   5  41093   0
 332   51041093    0.000000   24.000000   6   5  41093   1
 333   50041094    0.000000   16.500000   6   5  41094   0
 334   51041094    0.000000   16.500000   6   5  41094   1
 335   50041095    0.000000   14.500000   6   5  41095   0
 336   51041095    0.000000   14.500000   6   5  41095   1
 337   50041096    0.000000    9.500000   6   5  41096   0
 338   50042083    0.000000  170.000000   6   5  42083   0
 339   50042084    0.000000  150.000000   6   5  42084   0
 340   50042085    0.000000  140.000000   6   5  42085   0
 341   50042086    0.000000  130.000000   6   5  42086   0
 342   50042087    0.000000  110.000000   6   5  42087   0
 343   50042088    0.000000   95.000000   6   5  42088   0
 344   50042089    0.000000   85.000000   6   5  42089   0
 345   51042089    0.000000   85.000000   6   5  42089   1
 346   50042090    0.000000   68.000000   6   5  42090   0
 347   50042091    0.000000   56.000000   6   5  42091   0
 348   51042091    0.000000   56.000000   6   5  42091   1
 349   50042092    0.000000   42.000000   6   5  42092   0
 350   50042093    0.000000   34.000000   6   5  42093   0
 351   51042093    0.000000   38.000000   6   5  42093   1
 352   50042094    0.000000   24.000000   6   5  42094   0
 353   50042095    0.000000   16.500000   6   5  42095   0
 354   50042096    0.000000    7.000000   6   5  42096   0
 355   50042097    0.000000    1.000000   6   5  42097   0
 
   p   ZAP IP   NR    Tp [MeV]
   1     1  1    1    6.821132
   2     0  2    1    1.000000
   3  1001  9    1    9.230846
   4  1002 31    1   13.894150
   5  1003 32    1   16.500000
   6  2003 33    1   16.000000
   7  2004 34    1    3.500000
--------------------------------------------------------------------------------
 
