 
--------------------------------------------------------------------------------
 44-Ru- 98   T= 0.00 K from IAEA/PD-2019       (ACEMAKER)
 ZAID= 44098.38u  MAT=4431  ZA= 44098
 AWR=  97.064230  STA=  0  ELIS=   0.000 MeV  LIS=  0  LISO=  0
--------------------------------------------------------------------------------
 NTOTR= 356 NTRAN=   1 NPROD= 355 NE=     134 EMAX= 200.000 MeV
   i     MT/MTD     Q [MeV]     T [MeV] LMF  MT    ZAP LFS
   1          5    0.000000    1.000000   3   5
   2   50024060    0.000000  180.000000   6   5  24060   0
   3   50025061    0.000000  160.000000   6   5  25061   0
   4   50025062    0.000000  180.000000   6   5  25062   0
   5   50025063    0.000000  180.000000   6   5  25063   0
   6   50026062    0.000000  140.000000   6   5  26062   0
   7   50026063    0.000000  150.000000   6   5  26063   0
   8   50026064    0.000000  150.000000   6   5  26064   0
   9   50026065    0.000000  170.000000   6   5  26065   0
  10   50026066    0.000000  170.000000   6   5  26066   0
  11   50027063    0.000000  140.000000   6   5  27063   0
  12   50027064    0.000000  140.000000   6   5  27064   0
  13   50027065    0.000000  140.000000   6   5  27065   0
  14   50027066    0.000000  150.000000   6   5  27066   0
  15   50027067    0.000000  150.000000   6   5  27067   0
  16   50027068    0.000000  170.000000   6   5  27068   0
  17   51027068    0.000000  170.000000   6   5  27068   1
  18   50027069    0.000000  180.000000   6   5  27069   0
  19   50028064    0.000000  130.000000   6   5  28064   0
  20   50028065    0.000000  120.000000   6   5  28065   0
  21   50028066    0.000000  120.000000   6   5  28066   0
  22   50028067    0.000000  130.000000   6   5  28067   0
  23   50028068    0.000000  130.000000   6   5  28068   0
  24   50028069    0.000000  150.000000   6   5  28069   0
  25   50028070    0.000000  150.000000   6   5  28070   0
  26   50028071    0.000000  180.000000   6   5  28071   0
  27   50028072    0.000000  180.000000   6   5  28072   0
  28   50029065    0.000000  130.000000   6   5  29065   0
  29   50029066    0.000000  120.000000   6   5  29066   0
  30   50029067    0.000000  120.000000   6   5  29067   0
  31   50029068    0.000000  120.000000   6   5  29068   0
  32   51029068    0.000000  120.000000   6   5  29068   1
  33   50029069    0.000000  120.000000   6   5  29069   0
  34   50029070    0.000000  130.000000   6   5  29070   0
  35   51029070    0.000000  130.000000   6   5  29070   1
  36   50029071    0.000000  130.000000   6   5  29071   0
  37   50029072    0.000000  150.000000   6   5  29072   0
  38   50029073    0.000000  150.000000   6   5  29073   0
  39   50029074    0.000000  180.000000   6   5  29074   0
  40   50029075    0.000000  180.000000   6   5  29075   0
  41   50030066    0.000000  130.000000   6   5  30066   0
  42   50030067    0.000000  120.000000   6   5  30067   0
  43   50030068    0.000000  110.000000   6   5  30068   0
  44   50030069    0.000000  110.000000   6   5  30069   0
  45   51030069    0.000000  110.000000   6   5  30069   1
  46   50030070    0.000000  110.000000   6   5  30070   0
  47   50030071    0.000000  110.000000   6   5  30071   0
  48   51030071    0.000000  110.000000   6   5  30071   1
  49   50030072    0.000000  110.000000   6   5  30072   0
  50   50030073    0.000000  130.000000   6   5  30073   0
  51   50030074    0.000000  130.000000   6   5  30074   0
  52   50030075    0.000000  150.000000   6   5  30075   0
  53   50030076    0.000000  150.000000   6   5  30076   0
  54   50030077    0.000000  180.000000   6   5  30077   0
  55   51030077    0.000000  180.000000   6   5  30077   1
  56   50030078    0.000000  180.000000   6   5  30078   0
  57   50031067    0.000000  130.000000   6   5  31067   0
  58   50031068    0.000000  120.000000   6   5  31068   0
  59   50031069    0.000000  110.000000   6   5  31069   0
  60   50031070    0.000000  110.000000   6   5  31070   0
  61   50031071    0.000000  110.000000   6   5  31071   0
  62   50031072    0.000000  100.000000   6   5  31072   0
  63   50031073    0.000000  100.000000   6   5  31073   0
  64   50031074    0.000000  110.000000   6   5  31074   0
  65   50031075    0.000000  110.000000   6   5  31075   0
  66   50031076    0.000000  130.000000   6   5  31076   0
  67   50031077    0.000000  130.000000   6   5  31077   0
  68   50031078    0.000000  150.000000   6   5  31078   0
  69   50031079    0.000000  150.000000   6   5  31079   0
  70   50031080    0.000000  180.000000   6   5  31080   0
  71   50031081    0.000000  190.000000   6   5  31081   0
  72   50032068    0.000000  140.000000   6   5  32068   0
  73   50032069    0.000000  130.000000   6   5  32069   0
  74   50032070    0.000000  120.000000   6   5  32070   0
  75   50032071    0.000000  110.000000   6   5  32071   0
  76   50032072    0.000000   95.000000   6   5  32072   0
  77   50032073    0.000000   85.000000   6   5  32073   0
  78   51032073    0.000000   85.000000   6   5  32073   1
  79   50032074    0.000000   85.000000   6   5  32074   0
  80   50032075    0.000000   85.000000   6   5  32075   0
  81   51032075    0.000000   85.000000   6   5  32075   1
  82   50032076    0.000000   90.000000   6   5  32076   0
  83   50032077    0.000000  100.000000   6   5  32077   0
  84   51032077    0.000000  100.000000   6   5  32077   1
  85   50032078    0.000000  110.000000   6   5  32078   0
  86   50032079    0.000000  130.000000   6   5  32079   0
  87   51032079    0.000000  130.000000   6   5  32079   1
  88   50032080    0.000000  130.000000   6   5  32080   0
  89   50032081    0.000000  150.000000   6   5  32081   0
  90   51032081    0.000000  150.000000   6   5  32081   1
  91   50032082    0.000000  150.000000   6   5  32082   0
  92   50032083    0.000000  190.000000   6   5  32083   0
  93   50032084    0.000000  190.000000   6   5  32084   0
  94   50033069    0.000000  140.000000   6   5  33069   0
  95   50033070    0.000000  130.000000   6   5  33070   0
  96   50033071    0.000000  120.000000   6   5  33071   0
  97   50033072    0.000000  110.000000   6   5  33072   0
  98   50033073    0.000000   95.000000   6   5  33073   0
  99   50033074    0.000000   85.000000   6   5  33074   0
 100   50033075    0.000000   85.000000   6   5  33075   0
 101   50033076    0.000000   80.000000   6   5  33076   0
 102   50033077    0.000000   76.000000   6   5  33077   0
 103   50033078    0.000000   80.000000   6   5  33078   0
 104   50033079    0.000000   90.000000   6   5  33079   0
 105   50033080    0.000000   95.000000   6   5  33080   0
 106   50033081    0.000000  100.000000   6   5  33081   0
 107   50033082    0.000000  130.000000   6   5  33082   0
 108   51033082    0.000000  130.000000   6   5  33082   1
 109   50033083    0.000000  130.000000   6   5  33083   0
 110   50033084    0.000000  150.000000   6   5  33084   0
 111   50033085    0.000000  160.000000   6   5  33085   0
 112   50033086    0.000000  190.000000   6   5  33086   0
 113   50034070    0.000000  160.000000   6   5  34070   0
 114   50034071    0.000000  140.000000   6   5  34071   0
 115   50034072    0.000000  130.000000   6   5  34072   0
 116   50034073    0.000000  120.000000   6   5  34073   0
 117   51034073    0.000000  120.000000   6   5  34073   1
 118   50034074    0.000000  100.000000   6   5  34074   0
 119   50034075    0.000000   90.000000   6   5  34075   0
 120   50034076    0.000000   78.000000   6   5  34076   0
 121   50034077    0.000000   68.000000   6   5  34077   0
 122   51034077    0.000000   68.000000   6   5  34077   1
 123   50034078    0.000000   60.000000   6   5  34078   0
 124   50034079    0.000000   66.000000   6   5  34079   0
 125   51034079    0.000000   66.000000   6   5  34079   1
 126   50034080    0.000000   72.000000   6   5  34080   0
 127   50034081    0.000000   78.000000   6   5  34081   0
 128   51034081    0.000000   78.000000   6   5  34081   1
 129   50034082    0.000000   85.000000   6   5  34082   0
 130   50034083    0.000000   95.000000   6   5  34083   0
 131   51034083    0.000000   95.000000   6   5  34083   1
 132   50034084    0.000000  110.000000   6   5  34084   0
 133   50034085    0.000000  130.000000   6   5  34085   0
 134   50034086    0.000000  130.000000   6   5  34086   0
 135   50034087    0.000000  160.000000   6   5  34087   0
 136   50035071    0.000000  160.000000   6   5  35071   0
 137   50035072    0.000000  150.000000   6   5  35072   0
 138   51035072    0.000000  150.000000   6   5  35072   1
 139   50035073    0.000000  130.000000   6   5  35073   0
 140   50035074    0.000000  120.000000   6   5  35074   0
 141   51035074    0.000000  120.000000   6   5  35074   1
 142   50035075    0.000000  110.000000   6   5  35075   0
 143   50035076    0.000000   95.000000   6   5  35076   0
 144   51035076    0.000000   95.000000   6   5  35076   1
 145   50035077    0.000000   80.000000   6   5  35077   0
 146   51035077    0.000000   80.000000   6   5  35077   1
 147   50035078    0.000000   72.000000   6   5  35078   0
 148   50035079    0.000000   62.000000   6   5  35079   0
 149   51035079    0.000000   64.000000   6   5  35079   1
 150   50035080    0.000000   60.000000   6   5  35080   0
 151   51035080    0.000000   60.000000   6   5  35080   1
 152   50035081    0.000000   56.000000   6   5  35081   0
 153   50035082    0.000000   64.000000   6   5  35082   0
 154   51035082    0.000000   64.000000   6   5  35082   1
 155   50035083    0.000000   70.000000   6   5  35083   0
 156   50035084    0.000000   78.000000   6   5  35084   0
 157   51035084    0.000000   78.000000   6   5  35084   1
 158   50035085    0.000000   85.000000   6   5  35085   0
 159   50035086    0.000000  100.000000   6   5  35086   0
 160   50035087    0.000000  110.000000   6   5  35087   0
 161   50035088    0.000000  130.000000   6   5  35088   0
 162   50036072    0.000000  180.000000   6   5  36072   0
 163   50036073    0.000000  160.000000   6   5  36073   0
 164   50036074    0.000000  150.000000   6   5  36074   0
 165   50036075    0.000000  130.000000   6   5  36075   0
 166   50036076    0.000000  110.000000   6   5  36076   0
 167   50036077    0.000000  100.000000   6   5  36077   0
 168   50036078    0.000000   85.000000   6   5  36078   0
 169   50036079    0.000000   72.000000   6   5  36079   0
 170   51036079    0.000000   72.000000   6   5  36079   1
 171   50036080    0.000000   60.000000   6   5  36080   0
 172   50036081    0.000000   50.000000   6   5  36081   0
 173   51036081    0.000000   50.000000   6   5  36081   1
 174   50036082    0.000000   40.000000   6   5  36082   0
 175   50036083    0.000000   50.000000   6   5  36083   0
 176   51036083    0.000000   50.000000   6   5  36083   1
 177   50036084    0.000000   50.000000   6   5  36084   0
 178   50036085    0.000000   62.000000   6   5  36085   0
 179   51036085    0.000000   62.000000   6   5  36085   1
 180   50036086    0.000000   68.000000   6   5  36086   0
 181   50036087    0.000000   74.000000   6   5  36087   0
 182   50036088    0.000000   85.000000   6   5  36088   0
 183   50036089    0.000000  100.000000   6   5  36089   0
 184   50036090    0.000000  160.000000   6   5  36090   0
 185   50037073    0.000000  180.000000   6   5  37073   0
 186   50037074    0.000000  160.000000   6   5  37074   0
 187   50037075    0.000000  150.000000   6   5  37075   0
 188   50037076    0.000000  130.000000   6   5  37076   0
 189   50037077    0.000000  120.000000   6   5  37077   0
 190   50037078    0.000000  110.000000   6   5  37078   0
 191   51037078    0.000000  110.000000   6   5  37078   1
 192   50037079    0.000000   90.000000   6   5  37079   0
 193   50037080    0.000000   80.000000   6   5  37080   0
 194   50037081    0.000000   70.000000   6   5  37081   0
 195   51037081    0.000000   70.000000   6   5  37081   1
 196   50037082    0.000000   58.000000   6   5  37082   0
 197   51037082    0.000000   58.000000   6   5  37082   1
 198   50037083    0.000000   48.000000   6   5  37083   0
 199   50037084    0.000000   44.000000   6   5  37084   0
 200   51037084    0.000000   44.000000   6   5  37084   1
 201   50037085    0.000000   36.000000   6   5  37085   0
 202   50037086    0.000000   46.000000   6   5  37086   0
 203   51037086    0.000000   48.000000   6   5  37086   1
 204   50037087    0.000000   50.000000   6   5  37087   0
 205   50037088    0.000000   60.000000   6   5  37088   0
 206   50037089    0.000000   70.000000   6   5  37089   0
 207   50037090    0.000000   78.000000   6   5  37090   0
 208   51037090    0.000000   78.000000   6   5  37090   1
 209   50037091    0.000000  100.000000   6   5  37091   0
 210   50038075    0.000000  180.000000   6   5  38075   0
 211   50038076    0.000000  160.000000   6   5  38076   0
 212   50038077    0.000000  150.000000   6   5  38077   0
 213   50038078    0.000000  130.000000   6   5  38078   0
 214   50038079    0.000000  110.000000   6   5  38079   0
 215   50038080    0.000000   95.000000   6   5  38080   0
 216   50038081    0.000000   80.000000   6   5  38081   0
 217   50038082    0.000000   68.000000   6   5  38082   0
 218   50038083    0.000000   56.000000   6   5  38083   0
 219   51038083    0.000000   56.000000   6   5  38083   1
 220   50038084    0.000000   44.000000   6   5  38084   0
 221   50038085    0.000000   34.000000   6   5  38085   0
 222   51038085    0.000000   34.000000   6   5  38085   1
 223   50038086    0.000000   22.000000   6   5  38086   0
 224   50038087    0.000000   34.000000   6   5  38087   0
 225   51038087    0.000000   34.000000   6   5  38087   1
 226   50038088    0.000000   34.000000   6   5  38088   0
 227   50038089    0.000000   44.000000   6   5  38089   0
 228   50038090    0.000000   50.000000   6   5  38090   0
 229   50038091    0.000000   60.000000   6   5  38091   0
 230   50038092    0.000000   72.000000   6   5  38092   0
 231   50039076    0.000000  190.000000   6   5  39076   0
 232   50039077    0.000000  170.000000   6   5  39077   0
 233   50039078    0.000000  150.000000   6   5  39078   0
 234   50039079    0.000000  140.000000   6   5  39079   0
 235   50039080    0.000000  120.000000   6   5  39080   0
 236   51039080    0.000000  120.000000   6   5  39080   1
 237   50039081    0.000000  110.000000   6   5  39081   0
 238   50039082    0.000000   95.000000   6   5  39082   0
 239   50039083    0.000000   80.000000   6   5  39083   0
 240   51039083    0.000000   80.000000   6   5  39083   1
 241   50039084    0.000000   68.000000   6   5  39084   0
 242   51039084    0.000000   70.000000   6   5  39084   1
 243   50039085    0.000000   56.000000   6   5  39085   0
 244   51039085    0.000000   56.000000   6   5  39085   1
 245   50039086    0.000000   46.000000   6   5  39086   0
 246   51039086    0.000000   46.000000   6   5  39086   1
 247   50039087    0.000000   34.000000   6   5  39087   0
 248   51039087    0.000000   34.000000   6   5  39087   1
 249   50039088    0.000000   30.000000   6   5  39088   0
 250   50039089    0.000000   19.500000   6   5  39089   0
 251   51039089    0.000000   20.000000   6   5  39089   1
 252   50039090    0.000000   34.000000   6   5  39090   0
 253   51039090    0.000000   34.000000   6   5  39090   1
 254   50039091    0.000000   34.000000   6   5  39091   0
 255   51039091    0.000000   34.000000   6   5  39091   1
 256   50039092    0.000000   48.000000   6   5  39092   0
 257   50039093    0.000000   50.000000   6   5  39093   0
 258   51039093    0.000000   50.000000   6   5  39093   1
 259   50040078    0.000000  190.000000   6   5  40078   0
 260   50040079    0.000000  160.000000   6   5  40079   0
 261   50040080    0.000000  150.000000   6   5  40080   0
 262   50040081    0.000000  130.000000   6   5  40081   0
 263   50040082    0.000000  110.000000   6   5  40082   0
 264   50040083    0.000000   95.000000   6   5  40083   0
 265   50040084    0.000000   80.000000   6   5  40084   0
 266   50040085    0.000000   68.000000   6   5  40085   0
 267   50040086    0.000000   54.000000   6   5  40086   0
 268   50040087    0.000000   44.000000   6   5  40087   0
 269   51040087    0.000000   44.000000   6   5  40087   1
 270   50040088    0.000000   32.000000   6   5  40088   0
 271   50040089    0.000000   21.000000   6   5  40089   0
 272   51040089    0.000000   22.000000   6   5  40089   1
 273   50040090    0.000000    9.500000   6   5  40090   0
 274   51040090    0.000000   11.500000   6   5  40090   1
 275   50040091    0.000000   22.000000   6   5  40091   0
 276   50040092    0.000000   21.000000   6   5  40092   0
 277   50040093    0.000000   34.000000   6   5  40093   0
 278   50040094    0.000000   34.000000   6   5  40094   0
 279   50041081    0.000000  160.000000   6   5  41081   0
 280   50041082    0.000000  140.000000   6   5  41082   0
 281   50041083    0.000000  130.000000   6   5  41083   0
 282   50041084    0.000000  110.000000   6   5  41084   0
 283   50041085    0.000000  100.000000   6   5  41085   0
 284   50041086    0.000000   85.000000   6   5  41086   0
 285   51041086    0.000000   85.000000   6   5  41086   1
 286   50041087    0.000000   70.000000   6   5  41087   0
 287   51041087    0.000000   70.000000   6   5  41087   1
 288   50041088    0.000000   58.000000   6   5  41088   0
 289   51041088    0.000000   58.000000   6   5  41088   1
 290   50041089    0.000000   46.000000   6   5  41089   0
 291   51041089    0.000000   46.000000   6   5  41089   1
 292   50041090    0.000000   34.000000   6   5  41090   0
 293   51041090    0.000000   34.000000   6   5  41090   1
 294   50041091    0.000000   22.000000   6   5  41091   0
 295   51041091    0.000000   22.000000   6   5  41091   1
 296   50041092    0.000000   20.000000   6   5  41092   0
 297   51041092    0.000000   20.000000   6   5  41092   1
 298   50041093    0.000000   13.000000   6   5  41093   0
 299   51041093    0.000000   13.000000   6   5  41093   1
 300   50041094    0.000000   26.000000   6   5  41094   0
 301   51041094    0.000000   26.000000   6   5  41094   1
 302   50041095    0.000000   25.000000   6   5  41095   0
 303   51041095    0.000000   26.000000   6   5  41095   1
 304   50042083    0.000000  150.000000   6   5  42083   0
 305   50042084    0.000000  130.000000   6   5  42084   0
 306   50042085    0.000000  120.000000   6   5  42085   0
 307   50042086    0.000000  100.000000   6   5  42086   0
 308   50042087    0.000000   85.000000   6   5  42087   0
 309   50042088    0.000000   72.000000   6   5  42088   0
 310   50042089    0.000000   60.000000   6   5  42089   0
 311   51042089    0.000000   60.000000   6   5  42089   1
 312   50042090    0.000000   46.000000   6   5  42090   0
 313   50042091    0.000000   36.000000   6   5  42091   0
 314   51042091    0.000000   36.000000   6   5  42091   1
 315   50042092    0.000000   22.000000   6   5  42092   0
 316   50042093    0.000000   13.000000   6   5  42093   0
 317   51042093    0.000000   15.500000   6   5  42093   1
 318   50042094    0.000000    3.500000   6   5  42094   0
 319   50042095    0.000000   16.500000   6   5  42095   0
 320   50042096    0.000000   15.000000   6   5  42096   0
 321   50043085    0.000000  150.000000   6   5  43085   0
 322   50043086    0.000000  140.000000   6   5  43086   0
 323   50043087    0.000000  120.000000   6   5  43087   0
 324   50043088    0.000000  110.000000   6   5  43088   0
 325   51043088    0.000000  110.000000   6   5  43088   1
 326   50043089    0.000000   90.000000   6   5  43089   0
 327   51043089    0.000000   90.000000   6   5  43089   1
 328   50043090    0.000000   76.000000   6   5  43090   0
 329   51043090    0.000000   76.000000   6   5  43090   1
 330   52043090    0.000000   76.000000   6   5  43090   2
 331   50043091    0.000000   62.000000   6   5  43091   0
 332   51043091    0.000000   62.000000   6   5  43091   1
 333   50043092    0.000000   50.000000   6   5  43092   0
 334   50043093    0.000000   38.000000   6   5  43093   0
 335   51043093    0.000000   38.000000   6   5  43093   1
 336   50043094    0.000000   28.000000   6   5  43094   0
 337   51043094    0.000000   28.000000   6   5  43094   1
 338   50043095    0.000000   17.500000   6   5  43095   0
 339   51043095    0.000000   17.500000   6   5  43095   1
 340   50043096    0.000000   16.000000   6   5  43096   0
 341   51043096    0.000000   16.000000   6   5  43096   1
 342   50043097    0.000000    8.500000   6   5  43097   0
 343   51043097    0.000000    8.500000   6   5  43097   1
 344   50044087    0.000000  150.000000   6   5  44087   0
 345   50044088    0.000000  130.000000   6   5  44088   0
 346   50044089    0.000000  110.000000   6   5  44089   0
 347   50044090    0.000000   95.000000   6   5  44090   0
 348   50044091    0.000000   80.000000   6   5  44091   0
 349   50044092    0.000000   66.000000   6   5  44092   0
 350   50044093    0.000000   54.000000   6   5  44093   0
 351   51044093    0.000000   54.000000   6   5  44093   1
 352   50044094    0.000000   40.000000   6   5  44094   0
 353   50044095    0.000000   30.000000   6   5  44095   0
 354   50044096    0.000000   18.500000   6   5  44096   0
 355   50044097    0.000000   10.500000   6   5  44097   0
 356   50044098    0.000000    1.000000   6   5  44098   0
 
   p   ZAP IP   NR    Tp [MeV]
   1     1  1    1   10.175620
   2     0  2    1    1.000000
   3  1001  9    1    8.289405
   4  1002 31    1   15.538950
   5  1003 32    1   17.500000
   6  2003 33    1   16.500000
   7  2004 34    1    3.000000
--------------------------------------------------------------------------------
 
