 
--------------------------------------------------------------------------------
 46-Pd-108   T= 0.00 K from IAEA/PD-2019       (ACEMAKER)
 ZAID= 46108.38u  MAT=4643  ZA= 46108
 AWR= 106.976900  STA=  0  ELIS=   0.000 MeV  LIS=  0  LISO=  0
--------------------------------------------------------------------------------
 NTOTR= 362 NTRAN=   1 NPROD= 361 NE=     132 EMAX= 200.000 MeV
   i     MT/MTD     Q [MeV]     T [MeV] LMF  MT    ZAP LFS
   1          5    0.000000    1.000000   3   5
   2   50028072    0.000000  170.000000   6   5  28072   0
   3   50028073    0.000000  190.000000   6   5  28073   0
   4   50028074    0.000000  190.000000   6   5  28074   0
   5   50029073    0.000000  170.000000   6   5  29073   0
   6   50029074    0.000000  170.000000   6   5  29074   0
   7   50029075    0.000000  170.000000   6   5  29075   0
   8   50029076    0.000000  190.000000   6   5  29076   0
   9   51029076    0.000000  190.000000   6   5  29076   1
  10   50029077    0.000000  190.000000   6   5  29077   0
  11   50030074    0.000000  150.000000   6   5  30074   0
  12   50030075    0.000000  140.000000   6   5  30075   0
  13   50030076    0.000000  140.000000   6   5  30076   0
  14   50030077    0.000000  160.000000   6   5  30077   0
  15   51030077    0.000000  160.000000   6   5  30077   1
  16   50030078    0.000000  160.000000   6   5  30078   0
  17   50030079    0.000000  190.000000   6   5  30079   0
  18   50030080    0.000000  190.000000   6   5  30080   0
  19   50031075    0.000000  150.000000   6   5  31075   0
  20   50031076    0.000000  140.000000   6   5  31076   0
  21   50031077    0.000000  140.000000   6   5  31077   0
  22   50031078    0.000000  140.000000   6   5  31078   0
  23   50031079    0.000000  140.000000   6   5  31079   0
  24   50031080    0.000000  160.000000   6   5  31080   0
  25   50031081    0.000000  160.000000   6   5  31081   0
  26   50031082    0.000000  190.000000   6   5  31082   0
  27   50031083    0.000000  190.000000   6   5  31083   0
  28   50032076    0.000000  140.000000   6   5  32076   0
  29   50032077    0.000000  130.000000   6   5  32077   0
  30   51032077    0.000000  130.000000   6   5  32077   1
  31   50032078    0.000000  120.000000   6   5  32078   0
  32   50032079    0.000000  120.000000   6   5  32079   0
  33   51032079    0.000000  120.000000   6   5  32079   1
  34   50032080    0.000000  120.000000   6   5  32080   0
  35   50032081    0.000000  130.000000   6   5  32081   0
  36   51032081    0.000000  130.000000   6   5  32081   1
  37   50032082    0.000000  130.000000   6   5  32082   0
  38   50032083    0.000000  160.000000   6   5  32083   0
  39   50032084    0.000000  160.000000   6   5  32084   0
  40   50032085    0.000000  190.000000   6   5  32085   0
  41   50032086    0.000000  190.000000   6   5  32086   0
  42   50033077    0.000000  140.000000   6   5  33077   0
  43   50033078    0.000000  130.000000   6   5  33078   0
  44   50033079    0.000000  120.000000   6   5  33079   0
  45   50033080    0.000000  120.000000   6   5  33080   0
  46   50033081    0.000000  120.000000   6   5  33081   0
  47   50033082    0.000000  120.000000   6   5  33082   0
  48   51033082    0.000000  120.000000   6   5  33082   1
  49   50033083    0.000000  120.000000   6   5  33083   0
  50   50033084    0.000000  130.000000   6   5  33084   0
  51   50033085    0.000000  130.000000   6   5  33085   0
  52   50033086    0.000000  160.000000   6   5  33086   0
  53   50033087    0.000000  160.000000   6   5  33087   0
  54   50033088    0.000000  190.000000   6   5  33088   0
  55   50034078    0.000000  140.000000   6   5  34078   0
  56   50034079    0.000000  130.000000   6   5  34079   0
  57   51034079    0.000000  130.000000   6   5  34079   1
  58   50034080    0.000000  120.000000   6   5  34080   0
  59   50034081    0.000000  110.000000   6   5  34081   0
  60   51034081    0.000000  110.000000   6   5  34081   1
  61   50034082    0.000000  100.000000   6   5  34082   0
  62   50034083    0.000000   95.000000   6   5  34083   0
  63   51034083    0.000000   95.000000   6   5  34083   1
  64   50034084    0.000000   95.000000   6   5  34084   0
  65   50034085    0.000000  110.000000   6   5  34085   0
  66   50034086    0.000000  110.000000   6   5  34086   0
  67   50034087    0.000000  130.000000   6   5  34087   0
  68   50034088    0.000000  130.000000   6   5  34088   0
  69   50034089    0.000000  160.000000   6   5  34089   0
  70   50034090    0.000000  160.000000   6   5  34090   0
  71   50035079    0.000000  140.000000   6   5  35079   0
  72   51035079    0.000000  140.000000   6   5  35079   1
  73   50035080    0.000000  130.000000   6   5  35080   0
  74   51035080    0.000000  130.000000   6   5  35080   1
  75   50035081    0.000000  120.000000   6   5  35081   0
  76   50035082    0.000000  110.000000   6   5  35082   0
  77   51035082    0.000000  110.000000   6   5  35082   1
  78   50035083    0.000000  100.000000   6   5  35083   0
  79   50035084    0.000000   95.000000   6   5  35084   0
  80   51035084    0.000000   95.000000   6   5  35084   1
  81   50035085    0.000000   95.000000   6   5  35085   0
  82   50035086    0.000000   90.000000   6   5  35086   0
  83   50035087    0.000000   90.000000   6   5  35087   0
  84   50035088    0.000000  100.000000   6   5  35088   0
  85   50035089    0.000000  100.000000   6   5  35089   0
  86   50035090    0.000000  130.000000   6   5  35090   0
  87   50035091    0.000000  130.000000   6   5  35091   0
  88   50035092    0.000000  160.000000   6   5  35092   0
  89   50035093    0.000000  170.000000   6   5  35093   0
  90   50036080    0.000000  140.000000   6   5  36080   0
  91   50036081    0.000000  130.000000   6   5  36081   0
  92   51036081    0.000000  130.000000   6   5  36081   1
  93   50036082    0.000000  120.000000   6   5  36082   0
  94   50036083    0.000000  110.000000   6   5  36083   0
  95   51036083    0.000000  110.000000   6   5  36083   1
  96   50036084    0.000000   95.000000   6   5  36084   0
  97   50036085    0.000000   85.000000   6   5  36085   0
  98   51036085    0.000000   85.000000   6   5  36085   1
  99   50036086    0.000000   76.000000   6   5  36086   0
 100   50036087    0.000000   70.000000   6   5  36087   0
 101   50036088    0.000000   72.000000   6   5  36088   0
 102   50036089    0.000000   72.000000   6   5  36089   0
 103   50036090    0.000000   85.000000   6   5  36090   0
 104   50036091    0.000000   95.000000   6   5  36091   0
 105   50036092    0.000000  110.000000   6   5  36092   0
 106   50036093    0.000000  130.000000   6   5  36093   0
 107   50036094    0.000000  140.000000   6   5  36094   0
 108   50036095    0.000000  170.000000   6   5  36095   0
 109   50036096    0.000000  170.000000   6   5  36096   0
 110   50037081    0.000000  140.000000   6   5  37081   0
 111   51037081    0.000000  140.000000   6   5  37081   1
 112   50037082    0.000000  130.000000   6   5  37082   0
 113   51037082    0.000000  130.000000   6   5  37082   1
 114   50037083    0.000000  120.000000   6   5  37083   0
 115   50037084    0.000000  110.000000   6   5  37084   0
 116   51037084    0.000000  110.000000   6   5  37084   1
 117   50037085    0.000000   95.000000   6   5  37085   0
 118   50037086    0.000000   85.000000   6   5  37086   0
 119   51037086    0.000000   85.000000   6   5  37086   1
 120   50037087    0.000000   76.000000   6   5  37087   0
 121   50037088    0.000000   70.000000   6   5  37088   0
 122   50037089    0.000000   70.000000   6   5  37089   0
 123   50037090    0.000000   70.000000   6   5  37090   0
 124   51037090    0.000000   70.000000   6   5  37090   1
 125   50037091    0.000000   72.000000   6   5  37091   0
 126   50037092    0.000000   74.000000   6   5  37092   0
 127   50037093    0.000000   85.000000   6   5  37093   0
 128   50037094    0.000000  100.000000   6   5  37094   0
 129   50037095    0.000000  110.000000   6   5  37095   0
 130   50037096    0.000000  140.000000   6   5  37096   0
 131   50037097    0.000000  140.000000   6   5  37097   0
 132   50037098    0.000000  170.000000   6   5  37098   0
 133   50038082    0.000000  150.000000   6   5  38082   0
 134   50038083    0.000000  140.000000   6   5  38083   0
 135   51038083    0.000000  140.000000   6   5  38083   1
 136   50038084    0.000000  120.000000   6   5  38084   0
 137   50038085    0.000000  110.000000   6   5  38085   0
 138   51038085    0.000000  110.000000   6   5  38085   1
 139   50038086    0.000000   95.000000   6   5  38086   0
 140   50038087    0.000000   85.000000   6   5  38087   0
 141   51038087    0.000000   85.000000   6   5  38087   1
 142   50038088    0.000000   76.000000   6   5  38088   0
 143   50038089    0.000000   66.000000   6   5  38089   0
 144   50038090    0.000000   58.000000   6   5  38090   0
 145   50038091    0.000000   52.000000   6   5  38091   0
 146   50038092    0.000000   46.000000   6   5  38092   0
 147   50038093    0.000000   56.000000   6   5  38093   0
 148   50038094    0.000000   64.000000   6   5  38094   0
 149   50038095    0.000000   74.000000   6   5  38095   0
 150   50038096    0.000000   85.000000   6   5  38096   0
 151   50038097    0.000000  100.000000   6   5  38097   0
 152   50038098    0.000000  110.000000   6   5  38098   0
 153   50038099    0.000000  140.000000   6   5  38099   0
 154   50039083    0.000000  150.000000   6   5  39083   0
 155   51039083    0.000000  150.000000   6   5  39083   1
 156   50039084    0.000000  140.000000   6   5  39084   0
 157   51039084    0.000000  140.000000   6   5  39084   1
 158   50039085    0.000000  130.000000   6   5  39085   0
 159   51039085    0.000000  130.000000   6   5  39085   1
 160   50039086    0.000000  120.000000   6   5  39086   0
 161   51039086    0.000000  120.000000   6   5  39086   1
 162   50039087    0.000000  100.000000   6   5  39087   0
 163   51039087    0.000000  100.000000   6   5  39087   1
 164   50039088    0.000000   90.000000   6   5  39088   0
 165   50039089    0.000000   78.000000   6   5  39089   0
 166   51039089    0.000000   78.000000   6   5  39089   1
 167   50039090    0.000000   70.000000   6   5  39090   0
 168   51039090    0.000000   70.000000   6   5  39090   1
 169   50039091    0.000000   62.000000   6   5  39091   0
 170   51039091    0.000000   62.000000   6   5  39091   1
 171   50039092    0.000000   54.000000   6   5  39092   0
 172   50039093    0.000000   46.000000   6   5  39093   0
 173   51039093    0.000000   48.000000   6   5  39093   1
 174   50039094    0.000000   46.000000   6   5  39094   0
 175   50039095    0.000000   46.000000   6   5  39095   0
 176   50039096    0.000000   58.000000   6   5  39096   0
 177   50039097    0.000000   66.000000   6   5  39097   0
 178   51039097    0.000000   66.000000   6   5  39097   1
 179   50039098    0.000000   76.000000   6   5  39098   0
 180   51039098    0.000000   78.000000   6   5  39098   1
 181   50039099    0.000000   90.000000   6   5  39099   0
 182   50039100    0.000000  110.000000   6   5  39100   0
 183   51039100    0.000000  110.000000   6   5  39100   1
 184   50039101    0.000000  160.000000   6   5  39101   0
 185   50040084    0.000000  170.000000   6   5  40084   0
 186   50040085    0.000000  150.000000   6   5  40085   0
 187   50040086    0.000000  140.000000   6   5  40086   0
 188   50040087    0.000000  120.000000   6   5  40087   0
 189   51040087    0.000000  120.000000   6   5  40087   1
 190   50040088    0.000000  110.000000   6   5  40088   0
 191   50040089    0.000000   90.000000   6   5  40089   0
 192   51040089    0.000000   90.000000   6   5  40089   1
 193   50040090    0.000000   80.000000   6   5  40090   0
 194   51040090    0.000000   80.000000   6   5  40090   1
 195   50040091    0.000000   70.000000   6   5  40091   0
 196   50040092    0.000000   60.000000   6   5  40092   0
 197   50040093    0.000000   50.000000   6   5  40093   0
 198   50040094    0.000000   42.000000   6   5  40094   0
 199   50040095    0.000000   34.000000   6   5  40095   0
 200   50040096    0.000000   27.000000   6   5  40096   0
 201   50040097    0.000000   40.000000   6   5  40097   0
 202   50040098    0.000000   44.000000   6   5  40098   0
 203   50040099    0.000000   58.000000   6   5  40099   0
 204   50040100    0.000000   68.000000   6   5  40100   0
 205   50040101    0.000000   76.000000   6   5  40101   0
 206   50040102    0.000000  110.000000   6   5  40102   0
 207   50041085    0.000000  170.000000   6   5  41085   0
 208   50041086    0.000000  160.000000   6   5  41086   0
 209   51041086    0.000000  160.000000   6   5  41086   1
 210   50041087    0.000000  140.000000   6   5  41087   0
 211   51041087    0.000000  140.000000   6   5  41087   1
 212   50041088    0.000000  130.000000   6   5  41088   0
 213   51041088    0.000000  130.000000   6   5  41088   1
 214   50041089    0.000000  110.000000   6   5  41089   0
 215   51041089    0.000000  110.000000   6   5  41089   1
 216   50041090    0.000000  100.000000   6   5  41090   0
 217   51041090    0.000000  100.000000   6   5  41090   1
 218   50041091    0.000000   85.000000   6   5  41091   0
 219   51041091    0.000000   85.000000   6   5  41091   1
 220   50041092    0.000000   76.000000   6   5  41092   0
 221   51041092    0.000000   76.000000   6   5  41092   1
 222   50041093    0.000000   66.000000   6   5  41093   0
 223   51041093    0.000000   66.000000   6   5  41093   1
 224   50041094    0.000000   58.000000   6   5  41094   0
 225   51041094    0.000000   58.000000   6   5  41094   1
 226   50041095    0.000000   50.000000   6   5  41095   0
 227   51041095    0.000000   50.000000   6   5  41095   1
 228   50041096    0.000000   42.000000   6   5  41096   0
 229   50041097    0.000000   34.000000   6   5  41097   0
 230   51041097    0.000000   34.000000   6   5  41097   1
 231   50041098    0.000000   34.000000   6   5  41098   0
 232   51041098    0.000000   34.000000   6   5  41098   1
 233   50041099    0.000000   28.000000   6   5  41099   0
 234   51041099    0.000000   28.000000   6   5  41099   1
 235   50041100    0.000000   42.000000   6   5  41100   0
 236   51041100    0.000000   42.000000   6   5  41100   1
 237   50041101    0.000000   44.000000   6   5  41101   0
 238   50041102    0.000000   60.000000   6   5  41102   0
 239   51041102    0.000000   60.000000   6   5  41102   1
 240   50041103    0.000000   68.000000   6   5  41103   0
 241   50042086    0.000000  190.000000   6   5  42086   0
 242   50042087    0.000000  170.000000   6   5  42087   0
 243   50042088    0.000000  150.000000   6   5  42088   0
 244   50042089    0.000000  130.000000   6   5  42089   0
 245   51042089    0.000000  130.000000   6   5  42089   1
 246   50042090    0.000000  120.000000   6   5  42090   0
 247   50042091    0.000000  100.000000   6   5  42091   0
 248   51042091    0.000000  100.000000   6   5  42091   1
 249   50042092    0.000000   90.000000   6   5  42092   0
 250   50042093    0.000000   76.000000   6   5  42093   0
 251   51042093    0.000000   76.000000   6   5  42093   1
 252   50042094    0.000000   64.000000   6   5  42094   0
 253   50042095    0.000000   56.000000   6   5  42095   0
 254   50042096    0.000000   46.000000   6   5  42096   0
 255   50042097    0.000000   38.000000   6   5  42097   0
 256   50042098    0.000000   28.000000   6   5  42098   0
 257   50042099    0.000000   22.000000   6   5  42099   0
 258   50042100    0.000000   13.500000   6   5  42100   0
 259   50042101    0.000000   29.000000   6   5  42101   0
 260   50042102    0.000000   28.000000   6   5  42102   0
 261   50042103    0.000000   44.000000   6   5  42103   0
 262   50042104    0.000000   44.000000   6   5  42104   0
 263   50043087    0.000000  190.000000   6   5  43087   0
 264   50043088    0.000000  180.000000   6   5  43088   0
 265   51043088    0.000000  180.000000   6   5  43088   1
 266   50043089    0.000000  160.000000   6   5  43089   0
 267   51043089    0.000000  160.000000   6   5  43089   1
 268   50043090    0.000000  140.000000   6   5  43090   0
 269   51043090    0.000000  140.000000   6   5  43090   1
 270   52043090    0.000000  150.000000   6   5  43090   2
 271   50043091    0.000000  130.000000   6   5  43091   0
 272   51043091    0.000000  130.000000   6   5  43091   1
 273   50043092    0.000000  120.000000   6   5  43092   0
 274   50043093    0.000000  100.000000   6   5  43093   0
 275   51043093    0.000000  100.000000   6   5  43093   1
 276   50043094    0.000000   90.000000   6   5  43094   0
 277   51043094    0.000000   90.000000   6   5  43094   1
 278   50043095    0.000000   76.000000   6   5  43095   0
 279   51043095    0.000000   78.000000   6   5  43095   1
 280   50043096    0.000000   68.000000   6   5  43096   0
 281   51043096    0.000000   68.000000   6   5  43096   1
 282   50043097    0.000000   58.000000   6   5  43097   0
 283   51043097    0.000000   58.000000   6   5  43097   1
 284   50043098    0.000000   50.000000   6   5  43098   0
 285   50043099    0.000000   40.000000   6   5  43099   0
 286   51043099    0.000000   40.000000   6   5  43099   1
 287   50043100    0.000000   34.000000   6   5  43100   0
 288   50043101    0.000000   24.000000   6   5  43101   0
 289   50043102    0.000000   24.000000   6   5  43102   0
 290   51043102    0.000000   24.000000   6   5  43102   1
 291   50043103    0.000000   17.500000   6   5  43103   0
 292   50043104    0.000000   32.000000   6   5  43104   0
 293   50043105    0.000000   32.000000   6   5  43105   0
 294   50044089    0.000000  190.000000   6   5  44089   0
 295   50044090    0.000000  170.000000   6   5  44090   0
 296   50044091    0.000000  150.000000   6   5  44091   0
 297   50044092    0.000000  130.000000   6   5  44092   0
 298   50044093    0.000000  120.000000   6   5  44093   0
 299   51044093    0.000000  120.000000   6   5  44093   1
 300   50044094    0.000000  100.000000   6   5  44094   0
 301   50044095    0.000000   90.000000   6   5  44095   0
 302   50044096    0.000000   76.000000   6   5  44096   0
 303   50044097    0.000000   68.000000   6   5  44097   0
 304   50044098    0.000000   56.000000   6   5  44098   0
 305   50044099    0.000000   48.000000   6   5  44099   0
 306   50044100    0.000000   38.000000   6   5  44100   0
 307   50044101    0.000000   30.000000   6   5  44101   0
 308   50044102    0.000000   21.000000   6   5  44102   0
 309   50044103    0.000000   14.000000   6   5  44103   0
 310   50044104    0.000000    5.000000   6   5  44104   0
 311   50044105    0.000000   19.500000   6   5  44105   0
 312   50044106    0.000000   18.500000   6   5  44106   0
 313   50045091    0.000000  180.000000   6   5  45091   0
 314   51045091    0.000000  180.000000   6   5  45091   1
 315   50045092    0.000000  170.000000   6   5  45092   0
 316   51045092    0.000000  170.000000   6   5  45092   1
 317   50045093    0.000000  150.000000   6   5  45093   0
 318   50045094    0.000000  140.000000   6   5  45094   0
 319   51045094    0.000000  140.000000   6   5  45094   1
 320   50045095    0.000000  120.000000   6   5  45095   0
 321   51045095    0.000000  120.000000   6   5  45095   1
 322   50045096    0.000000  110.000000   6   5  45096   0
 323   51045096    0.000000  110.000000   6   5  45096   1
 324   50045097    0.000000   95.000000   6   5  45097   0
 325   51045097    0.000000   95.000000   6   5  45097   1
 326   50045098    0.000000   85.000000   6   5  45098   0
 327   51045098    0.000000   85.000000   6   5  45098   1
 328   50045099    0.000000   72.000000   6   5  45099   0
 329   51045099    0.000000   72.000000   6   5  45099   1
 330   50045100    0.000000   62.000000   6   5  45100   0
 331   51045100    0.000000   62.000000   6   5  45100   1
 332   50045101    0.000000   52.000000   6   5  45101   0
 333   51045101    0.000000   52.000000   6   5  45101   1
 334   50045102    0.000000   44.000000   6   5  45102   0
 335   51045102    0.000000   44.000000   6   5  45102   1
 336   50045103    0.000000   34.000000   6   5  45103   0
 337   51045103    0.000000   34.000000   6   5  45103   1
 338   50045104    0.000000   27.000000   6   5  45104   0
 339   51045104    0.000000   27.000000   6   5  45104   1
 340   50045105    0.000000   17.000000   6   5  45105   0
 341   51045105    0.000000   17.500000   6   5  45105   1
 342   50045106    0.000000   17.000000   6   5  45106   0
 343   51045106    0.000000   17.000000   6   5  45106   1
 344   50045107    0.000000   10.500000   6   5  45107   0
 345   50046093    0.000000  170.000000   6   5  46093   0
 346   50046094    0.000000  150.000000   6   5  46094   0
 347   50046095    0.000000  140.000000   6   5  46095   0
 348   51046095    0.000000  140.000000   6   5  46095   1
 349   50046096    0.000000  120.000000   6   5  46096   0
 350   50046097    0.000000  110.000000   6   5  46097   0
 351   50046098    0.000000   95.000000   6   5  46098   0
 352   50046099    0.000000   85.000000   6   5  46099   0
 353   50046100    0.000000   74.000000   6   5  46100   0
 354   50046101    0.000000   64.000000   6   5  46101   0
 355   50046102    0.000000   52.000000   6   5  46102   0
 356   50046103    0.000000   44.000000   6   5  46103   0
 357   50046104    0.000000   34.000000   6   5  46104   0
 358   50046105    0.000000   26.000000   6   5  46105   0
 359   50046106    0.000000   16.000000   6   5  46106   0
 360   50046107    0.000000    9.500000   6   5  46107   0
 361   51046107    0.000000    9.500000   6   5  46107   1
 362   50046108    0.000000    1.000000   6   5  46108   0
 
   p   ZAP IP   NR    Tp [MeV]
   1     1  1    1    9.222884
   2     0  2    1    1.000000
   3  1001  9    1    9.949474
   4  1002 31    1   16.297300
   5  1003 32    1   17.000000
   6  2003 33    1   19.500000
   7  2004 34    1    5.000000
--------------------------------------------------------------------------------
 
