 
--------------------------------------------------------------------------------
 46-Pd-110   T= 0.00 K from IAEA/PD-2019       (ACEMAKER)
 ZAID= 46110.38u  MAT=4649  ZA= 46110
 AWR= 108.961000  STA=  0  ELIS=   0.000 MeV  LIS=  0  LISO=  0
--------------------------------------------------------------------------------
 NTOTR= 341 NTRAN=   1 NPROD= 340 NE=     133 EMAX= 200.000 MeV
   i     MT/MTD     Q [MeV]     T [MeV] LMF  MT    ZAP LFS
   1          5    0.000000    1.000000   3   5
   2   50028074    0.000000  180.000000   6   5  28074   0
   3   50029075    0.000000  180.000000   6   5  29075   0
   4   50029076    0.000000  180.000000   6   5  29076   0
   5   51029076    0.000000  180.000000   6   5  29076   1
   6   50029077    0.000000  180.000000   6   5  29077   0
   7   50030076    0.000000  150.000000   6   5  30076   0
   8   50030077    0.000000  150.000000   6   5  30077   0
   9   51030077    0.000000  150.000000   6   5  30077   1
  10   50030078    0.000000  150.000000   6   5  30078   0
  11   50030079    0.000000  170.000000   6   5  30079   0
  12   50030080    0.000000  170.000000   6   5  30080   0
  13   50031077    0.000000  150.000000   6   5  31077   0
  14   50031078    0.000000  150.000000   6   5  31078   0
  15   50031079    0.000000  150.000000   6   5  31079   0
  16   50031080    0.000000  150.000000   6   5  31080   0
  17   50031081    0.000000  150.000000   6   5  31081   0
  18   50031082    0.000000  170.000000   6   5  31082   0
  19   50031083    0.000000  180.000000   6   5  31083   0
  20   50032078    0.000000  140.000000   6   5  32078   0
  21   50032079    0.000000  130.000000   6   5  32079   0
  22   51032079    0.000000  130.000000   6   5  32079   1
  23   50032080    0.000000  130.000000   6   5  32080   0
  24   50032081    0.000000  130.000000   6   5  32081   0
  25   51032081    0.000000  130.000000   6   5  32081   1
  26   50032082    0.000000  130.000000   6   5  32082   0
  27   50032083    0.000000  140.000000   6   5  32083   0
  28   50032084    0.000000  140.000000   6   5  32084   0
  29   50032085    0.000000  170.000000   6   5  32085   0
  30   50032086    0.000000  170.000000   6   5  32086   0
  31   50033079    0.000000  140.000000   6   5  33079   0
  32   50033080    0.000000  130.000000   6   5  33080   0
  33   50033081    0.000000  130.000000   6   5  33081   0
  34   50033082    0.000000  130.000000   6   5  33082   0
  35   51033082    0.000000  130.000000   6   5  33082   1
  36   50033083    0.000000  130.000000   6   5  33083   0
  37   50033084    0.000000  120.000000   6   5  33084   0
  38   50033085    0.000000  120.000000   6   5  33085   0
  39   50033086    0.000000  140.000000   6   5  33086   0
  40   50033087    0.000000  140.000000   6   5  33087   0
  41   50033088    0.000000  170.000000   6   5  33088   0
  42   50033089    0.000000  180.000000   6   5  33089   0
  43   50034080    0.000000  140.000000   6   5  34080   0
  44   50034081    0.000000  130.000000   6   5  34081   0
  45   51034081    0.000000  130.000000   6   5  34081   1
  46   50034082    0.000000  120.000000   6   5  34082   0
  47   50034083    0.000000  110.000000   6   5  34083   0
  48   51034083    0.000000  110.000000   6   5  34083   1
  49   50034084    0.000000  100.000000   6   5  34084   0
  50   50034085    0.000000  100.000000   6   5  34085   0
  51   50034086    0.000000  100.000000   6   5  34086   0
  52   50034087    0.000000  120.000000   6   5  34087   0
  53   50034088    0.000000  120.000000   6   5  34088   0
  54   50034089    0.000000  140.000000   6   5  34089   0
  55   50034090    0.000000  140.000000   6   5  34090   0
  56   50034091    0.000000  180.000000   6   5  34091   0
  57   50034092    0.000000  180.000000   6   5  34092   0
  58   50035081    0.000000  140.000000   6   5  35081   0
  59   50035082    0.000000  130.000000   6   5  35082   0
  60   51035082    0.000000  130.000000   6   5  35082   1
  61   50035083    0.000000  120.000000   6   5  35083   0
  62   50035084    0.000000  110.000000   6   5  35084   0
  63   51035084    0.000000  110.000000   6   5  35084   1
  64   50035085    0.000000  100.000000   6   5  35085   0
  65   50035086    0.000000  100.000000   6   5  35086   0
  66   50035087    0.000000  100.000000   6   5  35087   0
  67   50035088    0.000000   95.000000   6   5  35088   0
  68   50035089    0.000000   95.000000   6   5  35089   0
  69   50035090    0.000000  120.000000   6   5  35090   0
  70   50035091    0.000000  120.000000   6   5  35091   0
  71   50035092    0.000000  140.000000   6   5  35092   0
  72   50035093    0.000000  150.000000   6   5  35093   0
  73   50035094    0.000000  180.000000   6   5  35094   0
  74   50035095    0.000000  190.000000   6   5  35095   0
  75   50036082    0.000000  140.000000   6   5  36082   0
  76   50036083    0.000000  130.000000   6   5  36083   0
  77   51036083    0.000000  130.000000   6   5  36083   1
  78   50036084    0.000000  120.000000   6   5  36084   0
  79   50036085    0.000000  110.000000   6   5  36085   0
  80   51036085    0.000000  110.000000   6   5  36085   1
  81   50036086    0.000000   95.000000   6   5  36086   0
  82   50036087    0.000000   90.000000   6   5  36087   0
  83   50036088    0.000000   78.000000   6   5  36088   0
  84   50036089    0.000000   76.000000   6   5  36089   0
  85   50036090    0.000000   78.000000   6   5  36090   0
  86   50036091    0.000000   80.000000   6   5  36091   0
  87   50036092    0.000000   90.000000   6   5  36092   0
  88   50036093    0.000000  110.000000   6   5  36093   0
  89   50036094    0.000000  120.000000   6   5  36094   0
  90   50036095    0.000000  150.000000   6   5  36095   0
  91   50036096    0.000000  150.000000   6   5  36096   0
  92   50036097    0.000000  190.000000   6   5  36097   0
  93   50036098    0.000000  190.000000   6   5  36098   0
  94   50037083    0.000000  140.000000   6   5  37083   0
  95   50037084    0.000000  130.000000   6   5  37084   0
  96   51037084    0.000000  130.000000   6   5  37084   1
  97   50037085    0.000000  120.000000   6   5  37085   0
  98   50037086    0.000000  110.000000   6   5  37086   0
  99   51037086    0.000000  110.000000   6   5  37086   1
 100   50037087    0.000000   95.000000   6   5  37087   0
 101   50037088    0.000000   90.000000   6   5  37088   0
 102   50037089    0.000000   78.000000   6   5  37089   0
 103   50037090    0.000000   76.000000   6   5  37090   0
 104   51037090    0.000000   76.000000   6   5  37090   1
 105   50037091    0.000000   76.000000   6   5  37091   0
 106   50037092    0.000000   72.000000   6   5  37092   0
 107   50037093    0.000000   76.000000   6   5  37093   0
 108   50037094    0.000000   80.000000   6   5  37094   0
 109   50037095    0.000000   90.000000   6   5  37095   0
 110   50037096    0.000000  110.000000   6   5  37096   0
 111   50037097    0.000000  120.000000   6   5  37097   0
 112   50037098    0.000000  150.000000   6   5  37098   0
 113   50037099    0.000000  160.000000   6   5  37099   0
 114   50037100    0.000000  190.000000   6   5  37100   0
 115   50038084    0.000000  140.000000   6   5  38084   0
 116   50038085    0.000000  130.000000   6   5  38085   0
 117   51038085    0.000000  130.000000   6   5  38085   1
 118   50038086    0.000000  120.000000   6   5  38086   0
 119   50038087    0.000000  110.000000   6   5  38087   0
 120   51038087    0.000000  110.000000   6   5  38087   1
 121   50038088    0.000000   95.000000   6   5  38088   0
 122   50038089    0.000000   85.000000   6   5  38089   0
 123   50038090    0.000000   76.000000   6   5  38090   0
 124   50038091    0.000000   68.000000   6   5  38091   0
 125   50038092    0.000000   60.000000   6   5  38092   0
 126   50038093    0.000000   54.000000   6   5  38093   0
 127   50038094    0.000000   52.000000   6   5  38094   0
 128   50038095    0.000000   60.000000   6   5  38095   0
 129   50038096    0.000000   72.000000   6   5  38096   0
 130   50038097    0.000000   80.000000   6   5  38097   0
 131   50038098    0.000000   90.000000   6   5  38098   0
 132   50038099    0.000000  110.000000   6   5  38099   0
 133   50038100    0.000000  120.000000   6   5  38100   0
 134   50038101    0.000000  160.000000   6   5  38101   0
 135   50039085    0.000000  150.000000   6   5  39085   0
 136   51039085    0.000000  150.000000   6   5  39085   1
 137   50039086    0.000000  130.000000   6   5  39086   0
 138   51039086    0.000000  130.000000   6   5  39086   1
 139   50039087    0.000000  120.000000   6   5  39087   0
 140   51039087    0.000000  120.000000   6   5  39087   1
 141   50039088    0.000000  110.000000   6   5  39088   0
 142   50039089    0.000000   95.000000   6   5  39089   0
 143   51039089    0.000000   95.000000   6   5  39089   1
 144   50039090    0.000000   85.000000   6   5  39090   0
 145   51039090    0.000000   85.000000   6   5  39090   1
 146   50039091    0.000000   78.000000   6   5  39091   0
 147   51039091    0.000000   78.000000   6   5  39091   1
 148   50039092    0.000000   70.000000   6   5  39092   0
 149   50039093    0.000000   62.000000   6   5  39093   0
 150   51039093    0.000000   64.000000   6   5  39093   1
 151   50039094    0.000000   56.000000   6   5  39094   0
 152   50039095    0.000000   52.000000   6   5  39095   0
 153   50039096    0.000000   52.000000   6   5  39096   0
 154   50039097    0.000000   50.000000   6   5  39097   0
 155   51039097    0.000000   50.000000   6   5  39097   1
 156   50039098    0.000000   62.000000   6   5  39098   0
 157   51039098    0.000000   64.000000   6   5  39098   1
 158   50039099    0.000000   74.000000   6   5  39099   0
 159   50039100    0.000000   80.000000   6   5  39100   0
 160   51039100    0.000000   80.000000   6   5  39100   1
 161   50039101    0.000000   95.000000   6   5  39101   0
 162   50039102    0.000000  120.000000   6   5  39102   0
 163   50040086    0.000000  160.000000   6   5  40086   0
 164   50040087    0.000000  140.000000   6   5  40087   0
 165   51040087    0.000000  140.000000   6   5  40087   1
 166   50040088    0.000000  130.000000   6   5  40088   0
 167   50040089    0.000000  110.000000   6   5  40089   0
 168   51040089    0.000000  110.000000   6   5  40089   1
 169   50040090    0.000000  100.000000   6   5  40090   0
 170   51040090    0.000000  100.000000   6   5  40090   1
 171   50040091    0.000000   90.000000   6   5  40091   0
 172   50040092    0.000000   78.000000   6   5  40092   0
 173   50040093    0.000000   68.000000   6   5  40093   0
 174   50040094    0.000000   60.000000   6   5  40094   0
 175   50040095    0.000000   52.000000   6   5  40095   0
 176   50040096    0.000000   44.000000   6   5  40096   0
 177   50040097    0.000000   36.000000   6   5  40097   0
 178   50040098    0.000000   28.000000   6   5  40098   0
 179   50040099    0.000000   44.000000   6   5  40099   0
 180   50040100    0.000000   48.000000   6   5  40100   0
 181   50040101    0.000000   62.000000   6   5  40101   0
 182   50040102    0.000000   74.000000   6   5  40102   0
 183   50040103    0.000000   80.000000   6   5  40103   0
 184   50040104    0.000000  120.000000   6   5  40104   0
 185   50041087    0.000000  160.000000   6   5  41087   0
 186   51041087    0.000000  160.000000   6   5  41087   1
 187   50041088    0.000000  150.000000   6   5  41088   0
 188   51041088    0.000000  150.000000   6   5  41088   1
 189   50041089    0.000000  130.000000   6   5  41089   0
 190   51041089    0.000000  130.000000   6   5  41089   1
 191   50041090    0.000000  120.000000   6   5  41090   0
 192   51041090    0.000000  120.000000   6   5  41090   1
 193   50041091    0.000000  110.000000   6   5  41091   0
 194   51041091    0.000000  110.000000   6   5  41091   1
 195   50041092    0.000000   95.000000   6   5  41092   0
 196   51041092    0.000000   95.000000   6   5  41092   1
 197   50041093    0.000000   85.000000   6   5  41093   0
 198   51041093    0.000000   85.000000   6   5  41093   1
 199   50041094    0.000000   76.000000   6   5  41094   0
 200   51041094    0.000000   76.000000   6   5  41094   1
 201   50041095    0.000000   66.000000   6   5  41095   0
 202   51041095    0.000000   66.000000   6   5  41095   1
 203   50041096    0.000000   58.000000   6   5  41096   0
 204   50041097    0.000000   50.000000   6   5  41097   0
 205   51041097    0.000000   50.000000   6   5  41097   1
 206   50041098    0.000000   42.000000   6   5  41098   0
 207   51041098    0.000000   44.000000   6   5  41098   1
 208   50041099    0.000000   34.000000   6   5  41099   0
 209   51041099    0.000000   36.000000   6   5  41099   1
 210   50041100    0.000000   36.000000   6   5  41100   0
 211   51041100    0.000000   36.000000   6   5  41100   1
 212   50041101    0.000000   30.000000   6   5  41101   0
 213   50041102    0.000000   46.000000   6   5  41102   0
 214   51041102    0.000000   46.000000   6   5  41102   1
 215   50041103    0.000000   48.000000   6   5  41103   0
 216   50041104    0.000000   62.000000   6   5  41104   0
 217   50041105    0.000000   74.000000   6   5  41105   0
 218   50042088    0.000000  170.000000   6   5  42088   0
 219   50042089    0.000000  160.000000   6   5  42089   0
 220   51042089    0.000000  160.000000   6   5  42089   1
 221   50042090    0.000000  140.000000   6   5  42090   0
 222   50042091    0.000000  120.000000   6   5  42091   0
 223   51042091    0.000000  120.000000   6   5  42091   1
 224   50042092    0.000000  110.000000   6   5  42092   0
 225   50042093    0.000000   95.000000   6   5  42093   0
 226   51042093    0.000000   95.000000   6   5  42093   1
 227   50042094    0.000000   85.000000   6   5  42094   0
 228   50042095    0.000000   72.000000   6   5  42095   0
 229   50042096    0.000000   64.000000   6   5  42096   0
 230   50042097    0.000000   54.000000   6   5  42097   0
 231   50042098    0.000000   44.000000   6   5  42098   0
 232   50042099    0.000000   38.000000   6   5  42099   0
 233   50042100    0.000000   29.000000   6   5  42100   0
 234   50042101    0.000000   24.000000   6   5  42101   0
 235   50042102    0.000000   15.000000   6   5  42102   0
 236   50042103    0.000000   30.000000   6   5  42103   0
 237   50042104    0.000000   30.000000   6   5  42104   0
 238   50042105    0.000000   46.000000   6   5  42105   0
 239   50042106    0.000000   48.000000   6   5  42106   0
 240   50043089    0.000000  180.000000   6   5  43089   0
 241   51043089    0.000000  180.000000   6   5  43089   1
 242   50043090    0.000000  160.000000   6   5  43090   0
 243   51043090    0.000000  160.000000   6   5  43090   1
 244   52043090    0.000000  160.000000   6   5  43090   2
 245   50043091    0.000000  150.000000   6   5  43091   0
 246   51043091    0.000000  150.000000   6   5  43091   1
 247   50043092    0.000000  130.000000   6   5  43092   0
 248   50043093    0.000000  120.000000   6   5  43093   0
 249   51043093    0.000000  120.000000   6   5  43093   1
 250   50043094    0.000000  110.000000   6   5  43094   0
 251   51043094    0.000000  110.000000   6   5  43094   1
 252   50043095    0.000000   95.000000   6   5  43095   0
 253   51043095    0.000000   95.000000   6   5  43095   1
 254   50043096    0.000000   85.000000   6   5  43096   0
 255   51043096    0.000000   85.000000   6   5  43096   1
 256   50043097    0.000000   74.000000   6   5  43097   0
 257   51043097    0.000000   74.000000   6   5  43097   1
 258   50043098    0.000000   66.000000   6   5  43098   0
 259   50043099    0.000000   56.000000   6   5  43099   0
 260   51043099    0.000000   56.000000   6   5  43099   1
 261   50043100    0.000000   48.000000   6   5  43100   0
 262   50043101    0.000000   40.000000   6   5  43101   0
 263   50043102    0.000000   34.000000   6   5  43102   0
 264   51043102    0.000000   34.000000   6   5  43102   1
 265   50043103    0.000000   24.000000   6   5  43103   0
 266   50043104    0.000000   25.000000   6   5  43104   0
 267   50043105    0.000000   18.500000   6   5  43105   0
 268   50043106    0.000000   34.000000   6   5  43106   0
 269   50043107    0.000000   34.000000   6   5  43107   0
 270   50044090    0.000000  190.000000   6   5  44090   0
 271   50044091    0.000000  170.000000   6   5  44091   0
 272   50044092    0.000000  150.000000   6   5  44092   0
 273   50044093    0.000000  140.000000   6   5  44093   0
 274   51044093    0.000000  140.000000   6   5  44093   1
 275   50044094    0.000000  120.000000   6   5  44094   0
 276   50044095    0.000000  110.000000   6   5  44095   0
 277   50044096    0.000000   95.000000   6   5  44096   0
 278   50044097    0.000000   85.000000   6   5  44097   0
 279   50044098    0.000000   74.000000   6   5  44098   0
 280   50044099    0.000000   64.000000   6   5  44099   0
 281   50044100    0.000000   54.000000   6   5  44100   0
 282   50044101    0.000000   46.000000   6   5  44101   0
 283   50044102    0.000000   36.000000   6   5  44102   0
 284   50044103    0.000000   30.000000   6   5  44103   0
 285   50044104    0.000000   21.000000   6   5  44104   0
 286   50044105    0.000000   14.000000   6   5  44105   0
 287   50044106    0.000000    5.500000   6   5  44106   0
 288   50044107    0.000000   21.000000   6   5  44107   0
 289   50044108    0.000000   20.000000   6   5  44108   0
 290   50045092    0.000000  180.000000   6   5  45092   0
 291   51045092    0.000000  180.000000   6   5  45092   1
 292   50045093    0.000000  170.000000   6   5  45093   0
 293   50045094    0.000000  150.000000   6   5  45094   0
 294   51045094    0.000000  150.000000   6   5  45094   1
 295   50045095    0.000000  140.000000   6   5  45095   0
 296   51045095    0.000000  140.000000   6   5  45095   1
 297   50045096    0.000000  130.000000   6   5  45096   0
 298   51045096    0.000000  130.000000   6   5  45096   1
 299   50045097    0.000000  110.000000   6   5  45097   0
 300   51045097    0.000000  110.000000   6   5  45097   1
 301   50045098    0.000000  100.000000   6   5  45098   0
 302   51045098    0.000000  100.000000   6   5  45098   1
 303   50045099    0.000000   90.000000   6   5  45099   0
 304   51045099    0.000000   90.000000   6   5  45099   1
 305   50045100    0.000000   80.000000   6   5  45100   0
 306   51045100    0.000000   80.000000   6   5  45100   1
 307   50045101    0.000000   68.000000   6   5  45101   0
 308   51045101    0.000000   68.000000   6   5  45101   1
 309   50045102    0.000000   60.000000   6   5  45102   0
 310   51045102    0.000000   60.000000   6   5  45102   1
 311   50045103    0.000000   50.000000   6   5  45103   0
 312   51045103    0.000000   50.000000   6   5  45103   1
 313   50045104    0.000000   42.000000   6   5  45104   0
 314   51045104    0.000000   42.000000   6   5  45104   1
 315   50045105    0.000000   34.000000   6   5  45105   0
 316   51045105    0.000000   34.000000   6   5  45105   1
 317   50045106    0.000000   26.000000   6   5  45106   0
 318   51045106    0.000000   26.000000   6   5  45106   1
 319   50045107    0.000000   17.000000   6   5  45107   0
 320   50045108    0.000000   17.000000   6   5  45108   0
 321   50045109    0.000000   11.000000   6   5  45109   0
 322   50046094    0.000000  170.000000   6   5  46094   0
 323   50046095    0.000000  160.000000   6   5  46095   0
 324   51046095    0.000000  160.000000   6   5  46095   1
 325   50046096    0.000000  140.000000   6   5  46096   0
 326   50046097    0.000000  130.000000   6   5  46097   0
 327   50046098    0.000000  120.000000   6   5  46098   0
 328   50046099    0.000000  110.000000   6   5  46099   0
 329   50046100    0.000000   90.000000   6   5  46100   0
 330   50046101    0.000000   80.000000   6   5  46101   0
 331   50046102    0.000000   70.000000   6   5  46102   0
 332   50046103    0.000000   60.000000   6   5  46103   0
 333   50046104    0.000000   50.000000   6   5  46104   0
 334   50046105    0.000000   42.000000   6   5  46105   0
 335   50046106    0.000000   32.000000   6   5  46106   0
 336   50046107    0.000000   25.000000   6   5  46107   0
 337   51046107    0.000000   25.000000   6   5  46107   1
 338   50046108    0.000000   15.500000   6   5  46108   0
 339   50046109    0.000000    9.000000   6   5  46109   0
 340   51046109    0.000000    9.000000   6   5  46109   1
 341   50046110    0.000000    1.000000   6   5  46110   0
 
   p   ZAP IP   NR    Tp [MeV]
   1     1  1    1    8.795746
   2     0  2    1    1.000000
   3  1001  9    1   10.620420
   4  1002 31    1   16.434910
   5  1003 32    1   16.417010
   6  2003 33    1   20.000000
   7  2004 34    1    5.500000
--------------------------------------------------------------------------------
 
