 
--------------------------------------------------------------------------------
 46-Pd-104   T= 0.00 K from IAEA/PD-2019       (ACEMAKER)
 ZAID= 46104.38u  MAT=4631  ZA= 46104
 AWR= 103.011400  STA=  0  ELIS=   0.000 MeV  LIS=  0  LISO=  0
--------------------------------------------------------------------------------
 NTOTR= 371 NTRAN=   1 NPROD= 370 NE=     133 EMAX= 200.000 MeV
   i     MT/MTD     Q [MeV]     T [MeV] LMF  MT    ZAP LFS
   1          5    0.000000    1.000000   3   5
   2   50026066    0.000000  190.000000   6   5  26066   0
   3   50027067    0.000000  170.000000   6   5  27067   0
   4   50027068    0.000000  190.000000   6   5  27068   0
   5   51027068    0.000000  190.000000   6   5  27068   1
   6   50027069    0.000000  190.000000   6   5  27069   0
   7   50028068    0.000000  150.000000   6   5  28068   0
   8   50028069    0.000000  160.000000   6   5  28069   0
   9   50028070    0.000000  160.000000   6   5  28070   0
  10   50028071    0.000000  190.000000   6   5  28071   0
  11   50028072    0.000000  190.000000   6   5  28072   0
  12   50029069    0.000000  150.000000   6   5  29069   0
  13   50029070    0.000000  150.000000   6   5  29070   0
  14   51029070    0.000000  150.000000   6   5  29070   1
  15   50029071    0.000000  150.000000   6   5  29071   0
  16   50029072    0.000000  160.000000   6   5  29072   0
  17   50029073    0.000000  160.000000   6   5  29073   0
  18   50029074    0.000000  190.000000   6   5  29074   0
  19   50029075    0.000000  190.000000   6   5  29075   0
  20   50030070    0.000000  140.000000   6   5  30070   0
  21   50030071    0.000000  130.000000   6   5  30071   0
  22   51030071    0.000000  130.000000   6   5  30071   1
  23   50030072    0.000000  130.000000   6   5  30072   0
  24   50030073    0.000000  140.000000   6   5  30073   0
  25   50030074    0.000000  140.000000   6   5  30074   0
  26   50030075    0.000000  160.000000   6   5  30075   0
  27   50030076    0.000000  160.000000   6   5  30076   0
  28   50030077    0.000000  190.000000   6   5  30077   0
  29   51030077    0.000000  190.000000   6   5  30077   1
  30   50030078    0.000000  190.000000   6   5  30078   0
  31   50031071    0.000000  140.000000   6   5  31071   0
  32   50031072    0.000000  130.000000   6   5  31072   0
  33   50031073    0.000000  130.000000   6   5  31073   0
  34   50031074    0.000000  130.000000   6   5  31074   0
  35   50031075    0.000000  130.000000   6   5  31075   0
  36   50031076    0.000000  140.000000   6   5  31076   0
  37   50031077    0.000000  140.000000   6   5  31077   0
  38   50031078    0.000000  160.000000   6   5  31078   0
  39   50031079    0.000000  160.000000   6   5  31079   0
  40   50031080    0.000000  190.000000   6   5  31080   0
  41   50031081    0.000000  190.000000   6   5  31081   0
  42   50032072    0.000000  140.000000   6   5  32072   0
  43   50032073    0.000000  130.000000   6   5  32073   0
  44   51032073    0.000000  130.000000   6   5  32073   1
  45   50032074    0.000000  120.000000   6   5  32074   0
  46   50032075    0.000000  110.000000   6   5  32075   0
  47   51032075    0.000000  110.000000   6   5  32075   1
  48   50032076    0.000000  110.000000   6   5  32076   0
  49   50032077    0.000000  120.000000   6   5  32077   0
  50   51032077    0.000000  120.000000   6   5  32077   1
  51   50032078    0.000000  120.000000   6   5  32078   0
  52   50032079    0.000000  140.000000   6   5  32079   0
  53   51032079    0.000000  140.000000   6   5  32079   1
  54   50032080    0.000000  140.000000   6   5  32080   0
  55   50032081    0.000000  160.000000   6   5  32081   0
  56   51032081    0.000000  160.000000   6   5  32081   1
  57   50032082    0.000000  160.000000   6   5  32082   0
  58   50032083    0.000000  190.000000   6   5  32083   0
  59   50033073    0.000000  140.000000   6   5  33073   0
  60   50033074    0.000000  130.000000   6   5  33074   0
  61   50033075    0.000000  120.000000   6   5  33075   0
  62   50033076    0.000000  110.000000   6   5  33076   0
  63   50033077    0.000000  110.000000   6   5  33077   0
  64   50033078    0.000000  110.000000   6   5  33078   0
  65   50033079    0.000000  110.000000   6   5  33079   0
  66   50033080    0.000000  110.000000   6   5  33080   0
  67   50033081    0.000000  110.000000   6   5  33081   0
  68   50033082    0.000000  140.000000   6   5  33082   0
  69   51033082    0.000000  140.000000   6   5  33082   1
  70   50033083    0.000000  140.000000   6   5  33083   0
  71   50033084    0.000000  160.000000   6   5  33084   0
  72   50033085    0.000000  160.000000   6   5  33085   0
  73   50034074    0.000000  140.000000   6   5  34074   0
  74   50034075    0.000000  130.000000   6   5  34075   0
  75   50034076    0.000000  120.000000   6   5  34076   0
  76   50034077    0.000000  110.000000   6   5  34077   0
  77   51034077    0.000000  110.000000   6   5  34077   1
  78   50034078    0.000000   95.000000   6   5  34078   0
  79   50034079    0.000000   85.000000   6   5  34079   0
  80   51034079    0.000000   85.000000   6   5  34079   1
  81   50034080    0.000000   85.000000   6   5  34080   0
  82   50034081    0.000000   90.000000   6   5  34081   0
  83   51034081    0.000000   90.000000   6   5  34081   1
  84   50034082    0.000000   95.000000   6   5  34082   0
  85   50034083    0.000000  110.000000   6   5  34083   0
  86   51034083    0.000000  110.000000   6   5  34083   1
  87   50034084    0.000000  110.000000   6   5  34084   0
  88   50034085    0.000000  140.000000   6   5  34085   0
  89   50034086    0.000000  140.000000   6   5  34086   0
  90   50034087    0.000000  160.000000   6   5  34087   0
  91   50034088    0.000000  170.000000   6   5  34088   0
  92   50035075    0.000000  140.000000   6   5  35075   0
  93   50035076    0.000000  130.000000   6   5  35076   0
  94   51035076    0.000000  130.000000   6   5  35076   1
  95   50035077    0.000000  120.000000   6   5  35077   0
  96   51035077    0.000000  120.000000   6   5  35077   1
  97   50035078    0.000000  110.000000   6   5  35078   0
  98   50035079    0.000000   95.000000   6   5  35079   0
  99   51035079    0.000000   95.000000   6   5  35079   1
 100   50035080    0.000000   85.000000   6   5  35080   0
 101   51035080    0.000000   85.000000   6   5  35080   1
 102   50035081    0.000000   85.000000   6   5  35081   0
 103   50035082    0.000000   80.000000   6   5  35082   0
 104   51035082    0.000000   80.000000   6   5  35082   1
 105   50035083    0.000000   80.000000   6   5  35083   0
 106   50035084    0.000000   80.000000   6   5  35084   0
 107   51035084    0.000000   80.000000   6   5  35084   1
 108   50035085    0.000000   90.000000   6   5  35085   0
 109   50035086    0.000000  110.000000   6   5  35086   0
 110   50035087    0.000000  110.000000   6   5  35087   0
 111   50035088    0.000000  140.000000   6   5  35088   0
 112   50035089    0.000000  140.000000   6   5  35089   0
 113   50035090    0.000000  170.000000   6   5  35090   0
 114   50035091    0.000000  170.000000   6   5  35091   0
 115   50036076    0.000000  150.000000   6   5  36076   0
 116   50036077    0.000000  140.000000   6   5  36077   0
 117   50036078    0.000000  130.000000   6   5  36078   0
 118   50036079    0.000000  110.000000   6   5  36079   0
 119   51036079    0.000000  110.000000   6   5  36079   1
 120   50036080    0.000000  100.000000   6   5  36080   0
 121   50036081    0.000000   90.000000   6   5  36081   0
 122   51036081    0.000000   90.000000   6   5  36081   1
 123   50036082    0.000000   76.000000   6   5  36082   0
 124   50036083    0.000000   66.000000   6   5  36083   0
 125   51036083    0.000000   66.000000   6   5  36083   1
 126   50036084    0.000000   60.000000   6   5  36084   0
 127   50036085    0.000000   64.000000   6   5  36085   0
 128   51036085    0.000000   66.000000   6   5  36085   1
 129   50036086    0.000000   72.000000   6   5  36086   0
 130   50036087    0.000000   78.000000   6   5  36087   0
 131   50036088    0.000000   90.000000   6   5  36088   0
 132   50036089    0.000000  110.000000   6   5  36089   0
 133   50036090    0.000000  110.000000   6   5  36090   0
 134   50036091    0.000000  140.000000   6   5  36091   0
 135   50036092    0.000000  140.000000   6   5  36092   0
 136   50036093    0.000000  170.000000   6   5  36093   0
 137   50037077    0.000000  150.000000   6   5  37077   0
 138   50037078    0.000000  140.000000   6   5  37078   0
 139   51037078    0.000000  140.000000   6   5  37078   1
 140   50037079    0.000000  130.000000   6   5  37079   0
 141   50037080    0.000000  120.000000   6   5  37080   0
 142   50037081    0.000000  100.000000   6   5  37081   0
 143   51037081    0.000000  100.000000   6   5  37081   1
 144   50037082    0.000000   90.000000   6   5  37082   0
 145   51037082    0.000000   90.000000   6   5  37082   1
 146   50037083    0.000000   80.000000   6   5  37083   0
 147   50037084    0.000000   70.000000   6   5  37084   0
 148   51037084    0.000000   70.000000   6   5  37084   1
 149   50037085    0.000000   60.000000   6   5  37085   0
 150   50037086    0.000000   60.000000   6   5  37086   0
 151   51037086    0.000000   60.000000   6   5  37086   1
 152   50037087    0.000000   56.000000   6   5  37087   0
 153   50037088    0.000000   62.000000   6   5  37088   0
 154   50037089    0.000000   74.000000   6   5  37089   0
 155   50037090    0.000000   80.000000   6   5  37090   0
 156   51037090    0.000000   80.000000   6   5  37090   1
 157   50037091    0.000000   90.000000   6   5  37091   0
 158   50037092    0.000000  110.000000   6   5  37092   0
 159   50037093    0.000000  120.000000   6   5  37093   0
 160   50037094    0.000000  140.000000   6   5  37094   0
 161   50038078    0.000000  170.000000   6   5  38078   0
 162   50038079    0.000000  150.000000   6   5  38079   0
 163   50038080    0.000000  140.000000   6   5  38080   0
 164   50038081    0.000000  120.000000   6   5  38081   0
 165   50038082    0.000000  110.000000   6   5  38082   0
 166   50038083    0.000000   95.000000   6   5  38083   0
 167   51038083    0.000000   95.000000   6   5  38083   1
 168   50038084    0.000000   80.000000   6   5  38084   0
 169   50038085    0.000000   68.000000   6   5  38085   0
 170   51038085    0.000000   68.000000   6   5  38085   1
 171   50038086    0.000000   56.000000   6   5  38086   0
 172   50038087    0.000000   48.000000   6   5  38087   0
 173   51038087    0.000000   48.000000   6   5  38087   1
 174   50038088    0.000000   40.000000   6   5  38088   0
 175   50038089    0.000000   46.000000   6   5  38089   0
 176   50038090    0.000000   56.000000   6   5  38090   0
 177   50038091    0.000000   62.000000   6   5  38091   0
 178   50038092    0.000000   74.000000   6   5  38092   0
 179   50038093    0.000000   80.000000   6   5  38093   0
 180   50038094    0.000000   90.000000   6   5  38094   0
 181   50038095    0.000000  120.000000   6   5  38095   0
 182   50039079    0.000000  170.000000   6   5  39079   0
 183   50039080    0.000000  160.000000   6   5  39080   0
 184   51039080    0.000000  160.000000   6   5  39080   1
 185   50039081    0.000000  140.000000   6   5  39081   0
 186   50039082    0.000000  130.000000   6   5  39082   0
 187   50039083    0.000000  110.000000   6   5  39083   0
 188   51039083    0.000000  110.000000   6   5  39083   1
 189   50039084    0.000000  100.000000   6   5  39084   0
 190   51039084    0.000000  100.000000   6   5  39084   1
 191   50039085    0.000000   85.000000   6   5  39085   0
 192   51039085    0.000000   85.000000   6   5  39085   1
 193   50039086    0.000000   76.000000   6   5  39086   0
 194   51039086    0.000000   78.000000   6   5  39086   1
 195   50039087    0.000000   64.000000   6   5  39087   0
 196   51039087    0.000000   64.000000   6   5  39087   1
 197   50039088    0.000000   54.000000   6   5  39088   0
 198   50039089    0.000000   42.000000   6   5  39089   0
 199   51039089    0.000000   42.000000   6   5  39089   1
 200   50039090    0.000000   40.000000   6   5  39090   0
 201   51039090    0.000000   42.000000   6   5  39090   1
 202   50039091    0.000000   38.000000   6   5  39091   0
 203   51039091    0.000000   38.000000   6   5  39091   1
 204   50039092    0.000000   48.000000   6   5  39092   0
 205   50039093    0.000000   56.000000   6   5  39093   0
 206   51039093    0.000000   56.000000   6   5  39093   1
 207   50039094    0.000000   64.000000   6   5  39094   0
 208   50039095    0.000000   74.000000   6   5  39095   0
 209   50039096    0.000000   80.000000   6   5  39096   0
 210   50039097    0.000000  120.000000   6   5  39097   0
 211   51039097    0.000000  120.000000   6   5  39097   1
 212   50040080    0.000000  190.000000   6   5  40080   0
 213   50040081    0.000000  170.000000   6   5  40081   0
 214   50040082    0.000000  160.000000   6   5  40082   0
 215   50040083    0.000000  140.000000   6   5  40083   0
 216   50040084    0.000000  120.000000   6   5  40084   0
 217   50040085    0.000000  110.000000   6   5  40085   0
 218   50040086    0.000000   90.000000   6   5  40086   0
 219   50040087    0.000000   76.000000   6   5  40087   0
 220   51040087    0.000000   76.000000   6   5  40087   1
 221   50040088    0.000000   62.000000   6   5  40088   0
 222   50040089    0.000000   52.000000   6   5  40089   0
 223   51040089    0.000000   52.000000   6   5  40089   1
 224   50040090    0.000000   40.000000   6   5  40090   0
 225   51040090    0.000000   40.000000   6   5  40090   1
 226   50040091    0.000000   30.000000   6   5  40091   0
 227   50040092    0.000000   22.000000   6   5  40092   0
 228   50040093    0.000000   34.000000   6   5  40093   0
 229   50040094    0.000000   38.000000   6   5  40094   0
 230   50040095    0.000000   48.000000   6   5  40095   0
 231   50040096    0.000000   54.000000   6   5  40096   0
 232   50040097    0.000000   64.000000   6   5  40097   0
 233   50040098    0.000000   80.000000   6   5  40098   0
 234   50041082    0.000000  180.000000   6   5  41082   0
 235   50041083    0.000000  160.000000   6   5  41083   0
 236   50041084    0.000000  140.000000   6   5  41084   0
 237   50041085    0.000000  130.000000   6   5  41085   0
 238   50041086    0.000000  120.000000   6   5  41086   0
 239   51041086    0.000000  120.000000   6   5  41086   1
 240   50041087    0.000000  100.000000   6   5  41087   0
 241   51041087    0.000000  100.000000   6   5  41087   1
 242   50041088    0.000000   90.000000   6   5  41088   0
 243   51041088    0.000000   90.000000   6   5  41088   1
 244   50041089    0.000000   72.000000   6   5  41089   0
 245   51041089    0.000000   74.000000   6   5  41089   1
 246   50041090    0.000000   62.000000   6   5  41090   0
 247   51041090    0.000000   62.000000   6   5  41090   1
 248   50041091    0.000000   48.000000   6   5  41091   0
 249   51041091    0.000000   50.000000   6   5  41091   1
 250   50041092    0.000000   40.000000   6   5  41092   0
 251   51041092    0.000000   40.000000   6   5  41092   1
 252   50041093    0.000000   32.000000   6   5  41093   0
 253   51041093    0.000000   32.000000   6   5  41093   1
 254   50041094    0.000000   29.000000   6   5  41094   0
 255   51041094    0.000000   29.000000   6   5  41094   1
 256   50041095    0.000000   22.000000   6   5  41095   0
 257   51041095    0.000000   23.000000   6   5  41095   1
 258   50041096    0.000000   36.000000   6   5  41096   0
 259   50041097    0.000000   38.000000   6   5  41097   0
 260   51041097    0.000000   38.000000   6   5  41097   1
 261   50041098    0.000000   50.000000   6   5  41098   0
 262   51041098    0.000000   52.000000   6   5  41098   1
 263   50041099    0.000000   54.000000   6   5  41099   0
 264   51041099    0.000000   54.000000   6   5  41099   1
 265   50042084    0.000000  180.000000   6   5  42084   0
 266   50042085    0.000000  160.000000   6   5  42085   0
 267   50042086    0.000000  140.000000   6   5  42086   0
 268   50042087    0.000000  120.000000   6   5  42087   0
 269   50042088    0.000000  110.000000   6   5  42088   0
 270   50042089    0.000000   90.000000   6   5  42089   0
 271   51042089    0.000000   90.000000   6   5  42089   1
 272   50042090    0.000000   72.000000   6   5  42090   0
 273   50042091    0.000000   60.000000   6   5  42091   0
 274   51042091    0.000000   60.000000   6   5  42091   1
 275   50042092    0.000000   48.000000   6   5  42092   0
 276   50042093    0.000000   38.000000   6   5  42093   0
 277   51042093    0.000000   40.000000   6   5  42093   1
 278   50042094    0.000000   28.000000   6   5  42094   0
 279   50042095    0.000000   20.000000   6   5  42095   0
 280   50042096    0.000000   10.500000   6   5  42096   0
 281   50042097    0.000000   24.000000   6   5  42097   0
 282   50042098    0.000000   23.000000   6   5  42098   0
 283   50042099    0.000000   38.000000   6   5  42099   0
 284   50042100    0.000000   38.000000   6   5  42100   0
 285   50043085    0.000000  180.000000   6   5  43085   0
 286   50043086    0.000000  170.000000   6   5  43086   0
 287   50043087    0.000000  150.000000   6   5  43087   0
 288   50043088    0.000000  130.000000   6   5  43088   0
 289   51043088    0.000000  130.000000   6   5  43088   1
 290   50043089    0.000000  120.000000   6   5  43089   0
 291   51043089    0.000000  120.000000   6   5  43089   1
 292   50043090    0.000000  110.000000   6   5  43090   0
 293   51043090    0.000000  110.000000   6   5  43090   1
 294   52043090    0.000000  110.000000   6   5  43090   2
 295   50043091    0.000000   90.000000   6   5  43091   0
 296   51043091    0.000000   90.000000   6   5  43091   1
 297   50043092    0.000000   74.000000   6   5  43092   0
 298   50043093    0.000000   62.000000   6   5  43093   0
 299   51043093    0.000000   62.000000   6   5  43093   1
 300   50043094    0.000000   52.000000   6   5  43094   0
 301   51043094    0.000000   52.000000   6   5  43094   1
 302   50043095    0.000000   42.000000   6   5  43095   0
 303   51043095    0.000000   42.000000   6   5  43095   1
 304   50043096    0.000000   34.000000   6   5  43096   0
 305   51043096    0.000000   34.000000   6   5  43096   1
 306   50043097    0.000000   23.000000   6   5  43097   0
 307   51043097    0.000000   23.000000   6   5  43097   1
 308   50043098    0.000000   22.000000   6   5  43098   0
 309   50043099    0.000000   14.500000   6   5  43099   0
 310   51043099    0.000000   14.500000   6   5  43099   1
 311   50043100    0.000000   28.000000   6   5  43100   0
 312   50043101    0.000000   27.000000   6   5  43101   0
 313   50044087    0.000000  180.000000   6   5  44087   0
 314   50044088    0.000000  160.000000   6   5  44088   0
 315   50044089    0.000000  140.000000   6   5  44089   0
 316   50044090    0.000000  120.000000   6   5  44090   0
 317   50044091    0.000000  110.000000   6   5  44091   0
 318   50044092    0.000000   90.000000   6   5  44092   0
 319   50044093    0.000000   76.000000   6   5  44093   0
 320   51044093    0.000000   78.000000   6   5  44093   1
 321   50044094    0.000000   62.000000   6   5  44094   0
 322   50044095    0.000000   52.000000   6   5  44095   0
 323   50044096    0.000000   42.000000   6   5  44096   0
 324   50044097    0.000000   32.000000   6   5  44097   0
 325   50044098    0.000000   21.000000   6   5  44098   0
 326   50044099    0.000000   13.500000   6   5  44099   0
 327   50044100    0.000000    4.000000   6   5  44100   0
 328   50044101    0.000000   17.500000   6   5  44101   0
 329   50044102    0.000000   15.500000   6   5  44102   0
 330   50045089    0.000000  170.000000   6   5  45089   0
 331   50045090    0.000000  160.000000   6   5  45090   0
 332   50045091    0.000000  140.000000   6   5  45091   0
 333   51045091    0.000000  140.000000   6   5  45091   1
 334   50045092    0.000000  130.000000   6   5  45092   0
 335   51045092    0.000000  130.000000   6   5  45092   1
 336   50045093    0.000000  110.000000   6   5  45093   0
 337   50045094    0.000000   95.000000   6   5  45094   0
 338   51045094    0.000000   95.000000   6   5  45094   1
 339   50045095    0.000000   78.000000   6   5  45095   0
 340   51045095    0.000000   80.000000   6   5  45095   1
 341   50045096    0.000000   68.000000   6   5  45096   0
 342   51045096    0.000000   68.000000   6   5  45096   1
 343   50045097    0.000000   56.000000   6   5  45097   0
 344   51045097    0.000000   56.000000   6   5  45097   1
 345   50045098    0.000000   48.000000   6   5  45098   0
 346   51045098    0.000000   48.000000   6   5  45098   1
 347   50045099    0.000000   36.000000   6   5  45099   0
 348   51045099    0.000000   36.000000   6   5  45099   1
 349   50045100    0.000000   28.000000   6   5  45100   0
 350   51045100    0.000000   28.000000   6   5  45100   1
 351   50045101    0.000000   17.500000   6   5  45101   0
 352   51045101    0.000000   17.500000   6   5  45101   1
 353   50045102    0.000000   16.000000   6   5  45102   0
 354   51045102    0.000000   16.500000   6   5  45102   1
 355   50045103    0.000000    9.000000   6   5  45103   0
 356   51045103    0.000000    9.000000   6   5  45103   1
 357   50046091    0.000000  170.000000   6   5  46091   0
 358   50046092    0.000000  150.000000   6   5  46092   0
 359   50046093    0.000000  130.000000   6   5  46093   0
 360   50046094    0.000000  110.000000   6   5  46094   0
 361   50046095    0.000000  100.000000   6   5  46095   0
 362   51046095    0.000000  100.000000   6   5  46095   1
 363   50046096    0.000000   85.000000   6   5  46096   0
 364   50046097    0.000000   72.000000   6   5  46097   0
 365   50046098    0.000000   60.000000   6   5  46098   0
 366   50046099    0.000000   50.000000   6   5  46099   0
 367   50046100    0.000000   38.000000   6   5  46100   0
 368   50046101    0.000000   29.000000   6   5  46101   0
 369   50046102    0.000000   18.000000   6   5  46102   0
 370   50046103    0.000000   10.000000   6   5  46103   0
 371   50046104    0.000000    1.000000   6   5  46104   0
 
   p   ZAP IP   NR    Tp [MeV]
   1     1  1    1   10.009230
   2     0  2    1    1.000000
   3  1001  9    1    8.652368
   4  1002 31    1   16.000000
   5  1003 32    1   16.932500
   6  2003 33    1   17.500000
   7  2004 34    1    3.500000
--------------------------------------------------------------------------------
 
