 
--------------------------------------------------------------------------------
 46-Pd-102   T= 0.00 K from IAEA/PD-2019       (ACEMAKER)
 ZAID= 46102.38u  MAT=4625  ZA= 46102
 AWR= 101.030200  STA=  0  ELIS=   0.000 MeV  LIS=  0  LISO=  0
--------------------------------------------------------------------------------
 NTOTR= 372 NTRAN=   1 NPROD= 371 NE=     141 EMAX= 200.000 MeV
   i     MT/MTD     Q [MeV]     T [MeV] LMF  MT    ZAP LFS
   1          5    0.000000    1.000000   3   5
   2   50026064    0.000000  170.000000   6   5  26064   0
   3   50026065    0.000000  190.000000   6   5  26065   0
   4   50026066    0.000000  190.000000   6   5  26066   0
   5   50027065    0.000000  160.000000   6   5  27065   0
   6   50027066    0.000000  170.000000   6   5  27066   0
   7   50027067    0.000000  170.000000   6   5  27067   0
   8   50027068    0.000000  190.000000   6   5  27068   0
   9   51027068    0.000000  190.000000   6   5  27068   1
  10   50027069    0.000000  190.000000   6   5  27069   0
  11   50028066    0.000000  140.000000   6   5  28066   0
  12   50028067    0.000000  150.000000   6   5  28067   0
  13   50028068    0.000000  150.000000   6   5  28068   0
  14   50028069    0.000000  170.000000   6   5  28069   0
  15   50028070    0.000000  170.000000   6   5  28070   0
  16   50028071    0.000000  190.000000   6   5  28071   0
  17   50028072    0.000000  190.000000   6   5  28072   0
  18   50029067    0.000000  140.000000   6   5  29067   0
  19   50029068    0.000000  140.000000   6   5  29068   0
  20   51029068    0.000000  140.000000   6   5  29068   1
  21   50029069    0.000000  140.000000   6   5  29069   0
  22   50029070    0.000000  150.000000   6   5  29070   0
  23   51029070    0.000000  150.000000   6   5  29070   1
  24   50029071    0.000000  150.000000   6   5  29071   0
  25   50029072    0.000000  170.000000   6   5  29072   0
  26   50029073    0.000000  170.000000   6   5  29073   0
  27   50029074    0.000000  190.000000   6   5  29074   0
  28   50030068    0.000000  130.000000   6   5  30068   0
  29   50030069    0.000000  120.000000   6   5  30069   0
  30   51030069    0.000000  120.000000   6   5  30069   1
  31   50030070    0.000000  120.000000   6   5  30070   0
  32   50030071    0.000000  130.000000   6   5  30071   0
  33   51030071    0.000000  130.000000   6   5  30071   1
  34   50030072    0.000000  130.000000   6   5  30072   0
  35   50030073    0.000000  150.000000   6   5  30073   0
  36   50030074    0.000000  150.000000   6   5  30074   0
  37   50030075    0.000000  170.000000   6   5  30075   0
  38   50030076    0.000000  170.000000   6   5  30076   0
  39   50031069    0.000000  130.000000   6   5  31069   0
  40   50031070    0.000000  120.000000   6   5  31070   0
  41   50031071    0.000000  120.000000   6   5  31071   0
  42   50031072    0.000000  120.000000   6   5  31072   0
  43   50031073    0.000000  120.000000   6   5  31073   0
  44   50031074    0.000000  130.000000   6   5  31074   0
  45   50031075    0.000000  130.000000   6   5  31075   0
  46   50031076    0.000000  150.000000   6   5  31076   0
  47   50031077    0.000000  150.000000   6   5  31077   0
  48   50031078    0.000000  170.000000   6   5  31078   0
  49   50031079    0.000000  170.000000   6   5  31079   0
  50   50032070    0.000000  140.000000   6   5  32070   0
  51   50032071    0.000000  120.000000   6   5  32071   0
  52   50032072    0.000000  110.000000   6   5  32072   0
  53   50032073    0.000000  100.000000   6   5  32073   0
  54   51032073    0.000000  100.000000   6   5  32073   1
  55   50032074    0.000000  100.000000   6   5  32074   0
  56   50032075    0.000000  110.000000   6   5  32075   0
  57   51032075    0.000000  110.000000   6   5  32075   1
  58   50032076    0.000000  110.000000   6   5  32076   0
  59   50032077    0.000000  120.000000   6   5  32077   0
  60   51032077    0.000000  120.000000   6   5  32077   1
  61   50032078    0.000000  120.000000   6   5  32078   0
  62   50032079    0.000000  140.000000   6   5  32079   0
  63   51032079    0.000000  140.000000   6   5  32079   1
  64   50032080    0.000000  140.000000   6   5  32080   0
  65   50032081    0.000000  170.000000   6   5  32081   0
  66   51032081    0.000000  170.000000   6   5  32081   1
  67   50032082    0.000000  170.000000   6   5  32082   0
  68   50033071    0.000000  140.000000   6   5  33071   0
  69   50033072    0.000000  120.000000   6   5  33072   0
  70   50033073    0.000000  110.000000   6   5  33073   0
  71   50033074    0.000000  100.000000   6   5  33074   0
  72   50033075    0.000000  100.000000   6   5  33075   0
  73   50033076    0.000000   95.000000   6   5  33076   0
  74   50033077    0.000000   95.000000   6   5  33077   0
  75   50033078    0.000000  100.000000   6   5  33078   0
  76   50033079    0.000000  110.000000   6   5  33079   0
  77   50033080    0.000000  120.000000   6   5  33080   0
  78   50033081    0.000000  120.000000   6   5  33081   0
  79   50033082    0.000000  140.000000   6   5  33082   0
  80   51033082    0.000000  140.000000   6   5  33082   1
  81   50033083    0.000000  150.000000   6   5  33083   0
  82   50033084    0.000000  170.000000   6   5  33084   0
  83   50033085    0.000000  180.000000   6   5  33085   0
  84   50034072    0.000000  140.000000   6   5  34072   0
  85   50034073    0.000000  130.000000   6   5  34073   0
  86   51034073    0.000000  130.000000   6   5  34073   1
  87   50034074    0.000000  120.000000   6   5  34074   0
  88   50034075    0.000000  110.000000   6   5  34075   0
  89   50034076    0.000000   95.000000   6   5  34076   0
  90   50034077    0.000000   85.000000   6   5  34077   0
  91   51034077    0.000000   85.000000   6   5  34077   1
  92   50034078    0.000000   80.000000   6   5  34078   0
  93   50034079    0.000000   80.000000   6   5  34079   0
  94   51034079    0.000000   80.000000   6   5  34079   1
  95   50034080    0.000000   90.000000   6   5  34080   0
  96   50034081    0.000000   95.000000   6   5  34081   0
  97   51034081    0.000000   95.000000   6   5  34081   1
  98   50034082    0.000000  100.000000   6   5  34082   0
  99   50034083    0.000000  120.000000   6   5  34083   0
 100   51034083    0.000000  120.000000   6   5  34083   1
 101   50034084    0.000000  120.000000   6   5  34084   0
 102   50034085    0.000000  150.000000   6   5  34085   0
 103   50034086    0.000000  150.000000   6   5  34086   0
 104   50034087    0.000000  180.000000   6   5  34087   0
 105   50034088    0.000000  190.000000   6   5  34088   0
 106   50035073    0.000000  140.000000   6   5  35073   0
 107   50035074    0.000000  130.000000   6   5  35074   0
 108   51035074    0.000000  130.000000   6   5  35074   1
 109   50035075    0.000000  120.000000   6   5  35075   0
 110   50035076    0.000000  110.000000   6   5  35076   0
 111   51035076    0.000000  110.000000   6   5  35076   1
 112   50035077    0.000000   95.000000   6   5  35077   0
 113   51035077    0.000000   95.000000   6   5  35077   1
 114   50035078    0.000000   85.000000   6   5  35078   0
 115   50035079    0.000000   80.000000   6   5  35079   0
 116   51035079    0.000000   80.000000   6   5  35079   1
 117   50035080    0.000000   78.000000   6   5  35080   0
 118   51035080    0.000000   78.000000   6   5  35080   1
 119   50035081    0.000000   74.000000   6   5  35081   0
 120   50035082    0.000000   78.000000   6   5  35082   0
 121   51035082    0.000000   78.000000   6   5  35082   1
 122   50035083    0.000000   85.000000   6   5  35083   0
 123   50035084    0.000000   90.000000   6   5  35084   0
 124   51035084    0.000000   90.000000   6   5  35084   1
 125   50035085    0.000000  100.000000   6   5  35085   0
 126   50035086    0.000000  120.000000   6   5  35086   0
 127   50035087    0.000000  120.000000   6   5  35087   0
 128   50035088    0.000000  150.000000   6   5  35088   0
 129   50035089    0.000000  160.000000   6   5  35089   0
 130   50035090    0.000000  190.000000   6   5  35090   0
 131   50036074    0.000000  160.000000   6   5  36074   0
 132   50036075    0.000000  140.000000   6   5  36075   0
 133   50036076    0.000000  130.000000   6   5  36076   0
 134   50036077    0.000000  120.000000   6   5  36077   0
 135   50036078    0.000000  100.000000   6   5  36078   0
 136   50036079    0.000000   90.000000   6   5  36079   0
 137   51036079    0.000000   90.000000   6   5  36079   1
 138   50036080    0.000000   76.000000   6   5  36080   0
 139   50036081    0.000000   64.000000   6   5  36081   0
 140   51036081    0.000000   64.000000   6   5  36081   1
 141   50036082    0.000000   58.000000   6   5  36082   0
 142   50036083    0.000000   62.000000   6   5  36083   0
 143   51036083    0.000000   64.000000   6   5  36083   1
 144   50036084    0.000000   68.000000   6   5  36084   0
 145   50036085    0.000000   74.000000   6   5  36085   0
 146   51036085    0.000000   74.000000   6   5  36085   1
 147   50036086    0.000000   80.000000   6   5  36086   0
 148   50036087    0.000000   90.000000   6   5  36087   0
 149   50036088    0.000000  100.000000   6   5  36088   0
 150   50036089    0.000000  120.000000   6   5  36089   0
 151   50036090    0.000000  130.000000   6   5  36090   0
 152   50036091    0.000000  160.000000   6   5  36091   0
 153   50037075    0.000000  160.000000   6   5  37075   0
 154   50037076    0.000000  150.000000   6   5  37076   0
 155   50037077    0.000000  130.000000   6   5  37077   0
 156   50037078    0.000000  120.000000   6   5  37078   0
 157   51037078    0.000000  120.000000   6   5  37078   1
 158   50037079    0.000000  110.000000   6   5  37079   0
 159   50037080    0.000000   90.000000   6   5  37080   0
 160   50037081    0.000000   80.000000   6   5  37081   0
 161   51037081    0.000000   80.000000   6   5  37081   1
 162   50037082    0.000000   70.000000   6   5  37082   0
 163   51037082    0.000000   72.000000   6   5  37082   1
 164   50037083    0.000000   60.000000   6   5  37083   0
 165   50037084    0.000000   58.000000   6   5  37084   0
 166   51037084    0.000000   58.000000   6   5  37084   1
 167   50037085    0.000000   52.000000   6   5  37085   0
 168   50037086    0.000000   60.000000   6   5  37086   0
 169   51037086    0.000000   60.000000   6   5  37086   1
 170   50037087    0.000000   66.000000   6   5  37087   0
 171   50037088    0.000000   72.000000   6   5  37088   0
 172   50037089    0.000000   85.000000   6   5  37089   0
 173   50037090    0.000000   90.000000   6   5  37090   0
 174   51037090    0.000000   90.000000   6   5  37090   1
 175   50037091    0.000000  110.000000   6   5  37091   0
 176   50037092    0.000000  130.000000   6   5  37092   0
 177   50038076    0.000000  180.000000   6   5  38076   0
 178   50038077    0.000000  160.000000   6   5  38077   0
 179   50038078    0.000000  150.000000   6   5  38078   0
 180   50038079    0.000000  130.000000   6   5  38079   0
 181   50038080    0.000000  110.000000   6   5  38080   0
 182   50038081    0.000000   95.000000   6   5  38081   0
 183   50038082    0.000000   85.000000   6   5  38082   0
 184   50038083    0.000000   70.000000   6   5  38083   0
 185   51038083    0.000000   70.000000   6   5  38083   1
 186   50038084    0.000000   58.000000   6   5  38084   0
 187   50038085    0.000000   48.000000   6   5  38085   0
 188   51038085    0.000000   48.000000   6   5  38085   1
 189   50038086    0.000000   36.000000   6   5  38086   0
 190   50038087    0.000000   46.000000   6   5  38087   0
 191   51038087    0.000000   46.000000   6   5  38087   1
 192   50038088    0.000000   50.000000   6   5  38088   0
 193   50038089    0.000000   56.000000   6   5  38089   0
 194   50038090    0.000000   66.000000   6   5  38090   0
 195   50038091    0.000000   72.000000   6   5  38091   0
 196   50038092    0.000000   85.000000   6   5  38092   0
 197   50038093    0.000000   95.000000   6   5  38093   0
 198   50038094    0.000000  160.000000   6   5  38094   0
 199   50039077    0.000000  180.000000   6   5  39077   0
 200   50039078    0.000000  160.000000   6   5  39078   0
 201   50039079    0.000000  150.000000   6   5  39079   0
 202   50039080    0.000000  130.000000   6   5  39080   0
 203   51039080    0.000000  130.000000   6   5  39080   1
 204   50039081    0.000000  120.000000   6   5  39081   0
 205   50039082    0.000000  110.000000   6   5  39082   0
 206   50039083    0.000000   90.000000   6   5  39083   0
 207   51039083    0.000000   90.000000   6   5  39083   1
 208   50039084    0.000000   80.000000   6   5  39084   0
 209   51039084    0.000000   80.000000   6   5  39084   1
 210   50039085    0.000000   68.000000   6   5  39085   0
 211   51039085    0.000000   68.000000   6   5  39085   1
 212   50039086    0.000000   56.000000   6   5  39086   0
 213   51039086    0.000000   56.000000   6   5  39086   1
 214   50039087    0.000000   44.000000   6   5  39087   0
 215   51039087    0.000000   44.000000   6   5  39087   1
 216   50039088    0.000000   40.000000   6   5  39088   0
 217   50039089    0.000000   34.000000   6   5  39089   0
 218   51039089    0.000000   34.000000   6   5  39089   1
 219   50039090    0.000000   44.000000   6   5  39090   0
 220   51039090    0.000000   44.000000   6   5  39090   1
 221   50039091    0.000000   50.000000   6   5  39091   0
 222   51039091    0.000000   50.000000   6   5  39091   1
 223   50039092    0.000000   58.000000   6   5  39092   0
 224   50039093    0.000000   66.000000   6   5  39093   0
 225   51039093    0.000000   66.000000   6   5  39093   1
 226   50039094    0.000000   74.000000   6   5  39094   0
 227   50039095    0.000000   95.000000   6   5  39095   0
 228   50040079    0.000000  180.000000   6   5  40079   0
 229   50040080    0.000000  160.000000   6   5  40080   0
 230   50040081    0.000000  150.000000   6   5  40081   0
 231   50040082    0.000000  130.000000   6   5  40082   0
 232   50040083    0.000000  110.000000   6   5  40083   0
 233   50040084    0.000000   95.000000   6   5  40084   0
 234   50040085    0.000000   85.000000   6   5  40085   0
 235   50040086    0.000000   66.000000   6   5  40086   0
 236   50040087    0.000000   54.000000   6   5  40087   0
 237   51040087    0.000000   54.000000   6   5  40087   1
 238   50040088    0.000000   42.000000   6   5  40088   0
 239   50040089    0.000000   30.000000   6   5  40089   0
 240   51040089    0.000000   30.000000   6   5  40089   1
 241   50040090    0.000000   20.000000   6   5  40090   0
 242   51040090    0.000000   20.000000   6   5  40090   1
 243   50040091    0.000000   32.000000   6   5  40091   0
 244   50040092    0.000000   34.000000   6   5  40092   0
 245   50040093    0.000000   44.000000   6   5  40093   0
 246   50040094    0.000000   48.000000   6   5  40094   0
 247   50040095    0.000000   58.000000   6   5  40095   0
 248   50040096    0.000000   68.000000   6   5  40096   0
 249   50041081    0.000000  170.000000   6   5  41081   0
 250   50041082    0.000000  150.000000   6   5  41082   0
 251   50041083    0.000000  140.000000   6   5  41083   0
 252   50041084    0.000000  120.000000   6   5  41084   0
 253   50041085    0.000000  110.000000   6   5  41085   0
 254   50041086    0.000000   95.000000   6   5  41086   0
 255   51041086    0.000000   95.000000   6   5  41086   1
 256   50041087    0.000000   78.000000   6   5  41087   0
 257   51041087    0.000000   78.000000   6   5  41087   1
 258   50041088    0.000000   68.000000   6   5  41088   0
 259   51041088    0.000000   68.000000   6   5  41088   1
 260   50041089    0.000000   54.000000   6   5  41089   0
 261   51041089    0.000000   54.000000   6   5  41089   1
 262   50041090    0.000000   42.000000   6   5  41090   0
 263   51041090    0.000000   42.000000   6   5  41090   1
 264   50041091    0.000000   30.000000   6   5  41091   0
 265   51041091    0.000000   30.000000   6   5  41091   1
 266   50041092    0.000000   27.000000   6   5  41092   0
 267   51041092    0.000000   27.000000   6   5  41092   1
 268   50041093    0.000000   20.000000   6   5  41093   0
 269   51041093    0.000000   20.000000   6   5  41093   1
 270   50041094    0.000000   34.000000   6   5  41094   0
 271   51041094    0.000000   34.000000   6   5  41094   1
 272   50041095    0.000000   32.000000   6   5  41095   0
 273   51041095    0.000000   32.000000   6   5  41095   1
 274   50041096    0.000000   46.000000   6   5  41096   0
 275   50041097    0.000000   48.000000   6   5  41097   0
 276   51041097    0.000000   48.000000   6   5  41097   1
 277   50042083    0.000000  160.000000   6   5  42083   0
 278   50042084    0.000000  150.000000   6   5  42084   0
 279   50042085    0.000000  130.000000   6   5  42085   0
 280   50042086    0.000000  110.000000   6   5  42086   0
 281   50042087    0.000000   95.000000   6   5  42087   0
 282   50042088    0.000000   80.000000   6   5  42088   0
 283   50042089    0.000000   66.000000   6   5  42089   0
 284   51042089    0.000000   66.000000   6   5  42089   1
 285   50042090    0.000000   52.000000   6   5  42090   0
 286   50042091    0.000000   40.000000   6   5  42091   0
 287   51042091    0.000000   42.000000   6   5  42091   1
 288   50042092    0.000000   29.000000   6   5  42092   0
 289   50042093    0.000000   19.000000   6   5  42093   0
 290   51042093    0.000000   22.000000   6   5  42093   1
 291   50042094    0.000000    9.000000   6   5  42094   0
 292   50042095    0.000000   22.000000   6   5  42095   0
 293   50042096    0.000000   20.000000   6   5  42096   0
 294   50042097    0.000000   34.000000   6   5  42097   0
 295   50042098    0.000000   34.000000   6   5  42098   0
 296   50043085    0.000000  160.000000   6   5  43085   0
 297   50043086    0.000000  140.000000   6   5  43086   0
 298   50043087    0.000000  130.000000   6   5  43087   0
 299   50043088    0.000000  110.000000   6   5  43088   0
 300   51043088    0.000000  110.000000   6   5  43088   1
 301   50043089    0.000000   95.000000   6   5  43089   0
 302   51043089    0.000000   95.000000   6   5  43089   1
 303   50043090    0.000000   85.000000   6   5  43090   0
 304   51043090    0.000000   85.000000   6   5  43090   1
 305   52043090    0.000000   85.000000   6   5  43090   2
 306   50043091    0.000000   68.000000   6   5  43091   0
 307   51043091    0.000000   68.000000   6   5  43091   1
 308   50043092    0.000000   56.000000   6   5  43092   0
 309   50043093    0.000000   42.000000   6   5  43093   0
 310   51043093    0.000000   42.000000   6   5  43093   1
 311   50043094    0.000000   34.000000   6   5  43094   0
 312   51043094    0.000000   34.000000   6   5  43094   1
 313   50043095    0.000000   22.000000   6   5  43095   0
 314   51043095    0.000000   23.000000   6   5  43095   1
 315   50043096    0.000000   21.000000   6   5  43096   0
 316   51043096    0.000000   21.000000   6   5  43096   1
 317   50043097    0.000000   13.000000   6   5  43097   0
 318   51043097    0.000000   13.000000   6   5  43097   1
 319   50043098    0.000000   26.000000   6   5  43098   0
 320   50043099    0.000000   25.000000   6   5  43099   0
 321   51043099    0.000000   25.000000   6   5  43099   1
 322   50044087    0.000000  150.000000   6   5  44087   0
 323   50044088    0.000000  130.000000   6   5  44088   0
 324   50044089    0.000000  120.000000   6   5  44089   0
 325   50044090    0.000000  100.000000   6   5  44090   0
 326   50044091    0.000000   85.000000   6   5  44091   0
 327   50044092    0.000000   70.000000   6   5  44092   0
 328   50044093    0.000000   58.000000   6   5  44093   0
 329   51044093    0.000000   58.000000   6   5  44093   1
 330   50044094    0.000000   44.000000   6   5  44094   0
 331   50044095    0.000000   34.000000   6   5  44095   0
 332   50044096    0.000000   22.000000   6   5  44096   0
 333   50044097    0.000000   13.500000   6   5  44097   0
 334   50044098    0.000000    3.500000   6   5  44098   0
 335   50044099    0.000000   16.500000   6   5  44099   0
 336   50044100    0.000000   14.000000   6   5  44100   0
 337   50045089    0.000000  150.000000   6   5  45089   0
 338   50045090    0.000000  140.000000   6   5  45090   0
 339   50045091    0.000000  120.000000   6   5  45091   0
 340   51045091    0.000000  120.000000   6   5  45091   1
 341   50045092    0.000000  110.000000   6   5  45092   0
 342   51045092    0.000000  110.000000   6   5  45092   1
 343   50045093    0.000000   90.000000   6   5  45093   0
 344   50045094    0.000000   74.000000   6   5  45094   0
 345   51045094    0.000000   74.000000   6   5  45094   1
 346   50045095    0.000000   60.000000   6   5  45095   0
 347   51045095    0.000000   60.000000   6   5  45095   1
 348   50045096    0.000000   50.000000   6   5  45096   0
 349   51045096    0.000000   50.000000   6   5  45096   1
 350   50045097    0.000000   38.000000   6   5  45097   0
 351   51045097    0.000000   38.000000   6   5  45097   1
 352   50045098    0.000000   29.000000   6   5  45098   0
 353   51045098    0.000000   29.000000   6   5  45098   1
 354   50045099    0.000000   18.000000   6   5  45099   0
 355   51045099    0.000000   18.000000   6   5  45099   1
 356   50045100    0.000000   16.000000   6   5  45100   0
 357   51045100    0.000000   16.000000   6   5  45100   1
 358   50045101    0.000000    8.000000   6   5  45101   0
 359   51045101    0.000000    8.500000   6   5  45101   1
 360   50046091    0.000000  140.000000   6   5  46091   0
 361   50046092    0.000000  130.000000   6   5  46092   0
 362   50046093    0.000000  110.000000   6   5  46093   0
 363   50046094    0.000000   95.000000   6   5  46094   0
 364   50046095    0.000000   78.000000   6   5  46095   0
 365   51046095    0.000000   80.000000   6   5  46095   1
 366   50046096    0.000000   64.000000   6   5  46096   0
 367   50046097    0.000000   52.000000   6   5  46097   0
 368   50046098    0.000000   40.000000   6   5  46098   0
 369   50046099    0.000000   32.000000   6   5  46099   0
 370   50046100    0.000000   19.000000   6   5  46100   0
 371   50046101    0.000000   11.000000   6   5  46101   0
 372   50046102    0.000000    1.000000   6   5  46102   0
 
   p   ZAP IP   NR    Tp [MeV]
   1     1  1    1   10.542360
   2     0  2    1    1.000000
   3  1001  9    1    7.779726
   4  1002 31    1   15.447770
   5  1003 32    1   17.271680
   6  2003 33    1   16.000000
   7  2004 34    1    3.000000
--------------------------------------------------------------------------------
 
