 
--------------------------------------------------------------------------------
 46-Pd-107   T= 0.00 K from IAEA/PD-2019       (ACEMAKER)
 ZAID= 46107.38u  MAT=4640  ZA= 46107
 AWR= 105.986800  STA=  1  ELIS=   0.000 MeV  LIS=  0  LISO=  0
--------------------------------------------------------------------------------
 NTOTR= 382 NTRAN=   1 NPROD= 381 NE=     137 EMAX= 200.000 MeV
   i     MT/MTD     Q [MeV]     T [MeV] LMF  MT    ZAP LFS
   1          5    0.000000    1.000000   3   5
   2   50026069    0.000000  190.000000   6   5  26069   0
   3   50027070    0.000000  180.000000   6   5  27070   0
   4   51027070    0.000000  180.000000   6   5  27070   1
   5   50027071    0.000000  180.000000   6   5  27071   0
   6   50028071    0.000000  150.000000   6   5  28071   0
   7   50028072    0.000000  150.000000   6   5  28072   0
   8   50028073    0.000000  170.000000   6   5  28073   0
   9   50028074    0.000000  170.000000   6   5  28074   0
  10   50029072    0.000000  150.000000   6   5  29072   0
  11   50029073    0.000000  150.000000   6   5  29073   0
  12   50029074    0.000000  150.000000   6   5  29074   0
  13   50029075    0.000000  150.000000   6   5  29075   0
  14   50029076    0.000000  170.000000   6   5  29076   0
  15   51029076    0.000000  170.000000   6   5  29076   1
  16   50029077    0.000000  170.000000   6   5  29077   0
  17   50030073    0.000000  140.000000   6   5  30073   0
  18   50030074    0.000000  130.000000   6   5  30074   0
  19   50030075    0.000000  130.000000   6   5  30075   0
  20   50030076    0.000000  130.000000   6   5  30076   0
  21   50030077    0.000000  150.000000   6   5  30077   0
  22   51030077    0.000000  150.000000   6   5  30077   1
  23   50030078    0.000000  150.000000   6   5  30078   0
  24   50030079    0.000000  170.000000   6   5  30079   0
  25   50030080    0.000000  170.000000   6   5  30080   0
  26   50031074    0.000000  140.000000   6   5  31074   0
  27   50031075    0.000000  130.000000   6   5  31075   0
  28   50031076    0.000000  130.000000   6   5  31076   0
  29   50031077    0.000000  130.000000   6   5  31077   0
  30   50031078    0.000000  120.000000   6   5  31078   0
  31   50031079    0.000000  120.000000   6   5  31079   0
  32   50031080    0.000000  150.000000   6   5  31080   0
  33   50031081    0.000000  150.000000   6   5  31081   0
  34   50031082    0.000000  170.000000   6   5  31082   0
  35   50031083    0.000000  180.000000   6   5  31083   0
  36   50032075    0.000000  130.000000   6   5  32075   0
  37   51032075    0.000000  130.000000   6   5  32075   1
  38   50032076    0.000000  120.000000   6   5  32076   0
  39   50032077    0.000000  120.000000   6   5  32077   0
  40   51032077    0.000000  120.000000   6   5  32077   1
  41   50032078    0.000000  110.000000   6   5  32078   0
  42   50032079    0.000000  100.000000   6   5  32079   0
  43   51032079    0.000000  100.000000   6   5  32079   1
  44   50032080    0.000000  100.000000   6   5  32080   0
  45   50032081    0.000000  120.000000   6   5  32081   0
  46   51032081    0.000000  120.000000   6   5  32081   1
  47   50032082    0.000000  120.000000   6   5  32082   0
  48   50032083    0.000000  150.000000   6   5  32083   0
  49   50032084    0.000000  150.000000   6   5  32084   0
  50   50032085    0.000000  180.000000   6   5  32085   0
  51   50032086    0.000000  180.000000   6   5  32086   0
  52   50033076    0.000000  130.000000   6   5  33076   0
  53   50033077    0.000000  120.000000   6   5  33077   0
  54   50033078    0.000000  120.000000   6   5  33078   0
  55   50033079    0.000000  110.000000   6   5  33079   0
  56   50033080    0.000000  100.000000   6   5  33080   0
  57   50033081    0.000000  100.000000   6   5  33081   0
  58   50033082    0.000000  100.000000   6   5  33082   0
  59   51033082    0.000000  100.000000   6   5  33082   1
  60   50033083    0.000000  100.000000   6   5  33083   0
  61   50033084    0.000000  120.000000   6   5  33084   0
  62   50033085    0.000000  120.000000   6   5  33085   0
  63   50033086    0.000000  150.000000   6   5  33086   0
  64   50033087    0.000000  150.000000   6   5  33087   0
  65   50033088    0.000000  180.000000   6   5  33088   0
  66   50033089    0.000000  190.000000   6   5  33089   0
  67   50034077    0.000000  140.000000   6   5  34077   0
  68   51034077    0.000000  140.000000   6   5  34077   1
  69   50034078    0.000000  120.000000   6   5  34078   0
  70   50034079    0.000000  110.000000   6   5  34079   0
  71   51034079    0.000000  110.000000   6   5  34079   1
  72   50034080    0.000000  100.000000   6   5  34080   0
  73   50034081    0.000000   90.000000   6   5  34081   0
  74   51034081    0.000000   90.000000   6   5  34081   1
  75   50034082    0.000000   85.000000   6   5  34082   0
  76   50034083    0.000000   76.000000   6   5  34083   0
  77   51034083    0.000000   76.000000   6   5  34083   1
  78   50034084    0.000000   80.000000   6   5  34084   0
  79   50034085    0.000000  100.000000   6   5  34085   0
  80   50034086    0.000000  100.000000   6   5  34086   0
  81   50034087    0.000000  120.000000   6   5  34087   0
  82   50034088    0.000000  120.000000   6   5  34088   0
  83   50034089    0.000000  150.000000   6   5  34089   0
  84   50034090    0.000000  150.000000   6   5  34090   0
  85   50034091    0.000000  190.000000   6   5  34091   0
  86   50034092    0.000000  190.000000   6   5  34092   0
  87   50035078    0.000000  140.000000   6   5  35078   0
  88   50035079    0.000000  120.000000   6   5  35079   0
  89   51035079    0.000000  120.000000   6   5  35079   1
  90   50035080    0.000000  110.000000   6   5  35080   0
  91   51035080    0.000000  110.000000   6   5  35080   1
  92   50035081    0.000000  100.000000   6   5  35081   0
  93   50035082    0.000000   90.000000   6   5  35082   0
  94   51035082    0.000000   90.000000   6   5  35082   1
  95   50035083    0.000000   85.000000   6   5  35083   0
  96   50035084    0.000000   76.000000   6   5  35084   0
  97   51035084    0.000000   76.000000   6   5  35084   1
  98   50035085    0.000000   76.000000   6   5  35085   0
  99   50035086    0.000000   76.000000   6   5  35086   0
 100   50035087    0.000000   80.000000   6   5  35087   0
 101   50035088    0.000000   95.000000   6   5  35088   0
 102   50035089    0.000000  100.000000   6   5  35089   0
 103   50035090    0.000000  120.000000   6   5  35090   0
 104   50035091    0.000000  130.000000   6   5  35091   0
 105   50035092    0.000000  150.000000   6   5  35092   0
 106   50035093    0.000000  160.000000   6   5  35093   0
 107   50035094    0.000000  190.000000   6   5  35094   0
 108   50036079    0.000000  140.000000   6   5  36079   0
 109   51036079    0.000000  140.000000   6   5  36079   1
 110   50036080    0.000000  130.000000   6   5  36080   0
 111   50036081    0.000000  120.000000   6   5  36081   0
 112   51036081    0.000000  120.000000   6   5  36081   1
 113   50036082    0.000000  110.000000   6   5  36082   0
 114   50036083    0.000000   90.000000   6   5  36083   0
 115   51036083    0.000000   90.000000   6   5  36083   1
 116   50036084    0.000000   80.000000   6   5  36084   0
 117   50036085    0.000000   72.000000   6   5  36085   0
 118   51036085    0.000000   72.000000   6   5  36085   1
 119   50036086    0.000000   64.000000   6   5  36086   0
 120   50036087    0.000000   58.000000   6   5  36087   0
 121   50036088    0.000000   64.000000   6   5  36088   0
 122   50036089    0.000000   76.000000   6   5  36089   0
 123   50036090    0.000000   80.000000   6   5  36090   0
 124   50036091    0.000000   95.000000   6   5  36091   0
 125   50036092    0.000000  100.000000   6   5  36092   0
 126   50036093    0.000000  130.000000   6   5  36093   0
 127   50036094    0.000000  130.000000   6   5  36094   0
 128   50036095    0.000000  160.000000   6   5  36095   0
 129   50036096    0.000000  170.000000   6   5  36096   0
 130   50037080    0.000000  140.000000   6   5  37080   0
 131   50037081    0.000000  130.000000   6   5  37081   0
 132   51037081    0.000000  130.000000   6   5  37081   1
 133   50037082    0.000000  120.000000   6   5  37082   0
 134   51037082    0.000000  120.000000   6   5  37082   1
 135   50037083    0.000000  110.000000   6   5  37083   0
 136   50037084    0.000000   95.000000   6   5  37084   0
 137   51037084    0.000000   95.000000   6   5  37084   1
 138   50037085    0.000000   85.000000   6   5  37085   0
 139   50037086    0.000000   74.000000   6   5  37086   0
 140   51037086    0.000000   74.000000   6   5  37086   1
 141   50037087    0.000000   64.000000   6   5  37087   0
 142   50037088    0.000000   58.000000   6   5  37088   0
 143   50037089    0.000000   58.000000   6   5  37089   0
 144   50037090    0.000000   58.000000   6   5  37090   0
 145   51037090    0.000000   58.000000   6   5  37090   1
 146   50037091    0.000000   66.000000   6   5  37091   0
 147   50037092    0.000000   76.000000   6   5  37092   0
 148   50037093    0.000000   80.000000   6   5  37093   0
 149   50037094    0.000000   95.000000   6   5  37094   0
 150   50037095    0.000000  100.000000   6   5  37095   0
 151   50037096    0.000000  130.000000   6   5  37096   0
 152   50037097    0.000000  130.000000   6   5  37097   0
 153   50037098    0.000000  170.000000   6   5  37098   0
 154   50038081    0.000000  150.000000   6   5  38081   0
 155   50038082    0.000000  140.000000   6   5  38082   0
 156   50038083    0.000000  120.000000   6   5  38083   0
 157   51038083    0.000000  120.000000   6   5  38083   1
 158   50038084    0.000000  110.000000   6   5  38084   0
 159   50038085    0.000000   95.000000   6   5  38085   0
 160   51038085    0.000000   95.000000   6   5  38085   1
 161   50038086    0.000000   85.000000   6   5  38086   0
 162   50038087    0.000000   74.000000   6   5  38087   0
 163   51038087    0.000000   74.000000   6   5  38087   1
 164   50038088    0.000000   64.000000   6   5  38088   0
 165   50038089    0.000000   54.000000   6   5  38089   0
 166   50038090    0.000000   46.000000   6   5  38090   0
 167   50038091    0.000000   40.000000   6   5  38091   0
 168   50038092    0.000000   48.000000   6   5  38092   0
 169   50038093    0.000000   56.000000   6   5  38093   0
 170   50038094    0.000000   66.000000   6   5  38094   0
 171   50038095    0.000000   76.000000   6   5  38095   0
 172   50038096    0.000000   85.000000   6   5  38096   0
 173   50038097    0.000000  100.000000   6   5  38097   0
 174   50038098    0.000000  110.000000   6   5  38098   0
 175   50038099    0.000000  130.000000   6   5  38099   0
 176   50039082    0.000000  160.000000   6   5  39082   0
 177   50039083    0.000000  140.000000   6   5  39083   0
 178   51039083    0.000000  140.000000   6   5  39083   1
 179   50039084    0.000000  130.000000   6   5  39084   0
 180   51039084    0.000000  130.000000   6   5  39084   1
 181   50039085    0.000000  120.000000   6   5  39085   0
 182   51039085    0.000000  120.000000   6   5  39085   1
 183   50039086    0.000000  110.000000   6   5  39086   0
 184   51039086    0.000000  110.000000   6   5  39086   1
 185   50039087    0.000000   90.000000   6   5  39087   0
 186   51039087    0.000000   90.000000   6   5  39087   1
 187   50039088    0.000000   80.000000   6   5  39088   0
 188   50039089    0.000000   66.000000   6   5  39089   0
 189   51039089    0.000000   68.000000   6   5  39089   1
 190   50039090    0.000000   58.000000   6   5  39090   0
 191   51039090    0.000000   60.000000   6   5  39090   1
 192   50039091    0.000000   50.000000   6   5  39091   0
 193   51039091    0.000000   52.000000   6   5  39091   1
 194   50039092    0.000000   44.000000   6   5  39092   0
 195   50039093    0.000000   42.000000   6   5  39093   0
 196   51039093    0.000000   42.000000   6   5  39093   1
 197   50039094    0.000000   40.000000   6   5  39094   0
 198   50039095    0.000000   50.000000   6   5  39095   0
 199   50039096    0.000000   56.000000   6   5  39096   0
 200   50039097    0.000000   68.000000   6   5  39097   0
 201   51039097    0.000000   70.000000   6   5  39097   1
 202   50039098    0.000000   78.000000   6   5  39098   0
 203   51039098    0.000000   78.000000   6   5  39098   1
 204   50039099    0.000000   85.000000   6   5  39099   0
 205   50039100    0.000000  110.000000   6   5  39100   0
 206   51039100    0.000000  110.000000   6   5  39100   1
 207   50040083    0.000000  170.000000   6   5  40083   0
 208   50040084    0.000000  150.000000   6   5  40084   0
 209   50040085    0.000000  140.000000   6   5  40085   0
 210   50040086    0.000000  120.000000   6   5  40086   0
 211   50040087    0.000000  110.000000   6   5  40087   0
 212   51040087    0.000000  110.000000   6   5  40087   1
 213   50040088    0.000000   90.000000   6   5  40088   0
 214   50040089    0.000000   78.000000   6   5  40089   0
 215   51040089    0.000000   78.000000   6   5  40089   1
 216   50040090    0.000000   68.000000   6   5  40090   0
 217   51040090    0.000000   68.000000   6   5  40090   1
 218   50040091    0.000000   58.000000   6   5  40091   0
 219   50040092    0.000000   48.000000   6   5  40092   0
 220   50040093    0.000000   40.000000   6   5  40093   0
 221   50040094    0.000000   32.000000   6   5  40094   0
 222   50040095    0.000000   23.000000   6   5  40095   0
 223   50040096    0.000000   34.000000   6   5  40096   0
 224   50040097    0.000000   40.000000   6   5  40097   0
 225   50040098    0.000000   52.000000   6   5  40098   0
 226   50040099    0.000000   56.000000   6   5  40099   0
 227   50040100    0.000000   70.000000   6   5  40100   0
 228   50040101    0.000000   78.000000   6   5  40101   0
 229   50041084    0.000000  170.000000   6   5  41084   0
 230   50041085    0.000000  160.000000   6   5  41085   0
 231   50041086    0.000000  140.000000   6   5  41086   0
 232   51041086    0.000000  140.000000   6   5  41086   1
 233   50041087    0.000000  130.000000   6   5  41087   0
 234   51041087    0.000000  130.000000   6   5  41087   1
 235   50041088    0.000000  120.000000   6   5  41088   0
 236   51041088    0.000000  120.000000   6   5  41088   1
 237   50041089    0.000000  100.000000   6   5  41089   0
 238   51041089    0.000000  100.000000   6   5  41089   1
 239   50041090    0.000000   90.000000   6   5  41090   0
 240   51041090    0.000000   90.000000   6   5  41090   1
 241   50041091    0.000000   74.000000   6   5  41091   0
 242   51041091    0.000000   76.000000   6   5  41091   1
 243   50041092    0.000000   66.000000   6   5  41092   0
 244   51041092    0.000000   66.000000   6   5  41092   1
 245   50041093    0.000000   56.000000   6   5  41093   0
 246   51041093    0.000000   56.000000   6   5  41093   1
 247   50041094    0.000000   48.000000   6   5  41094   0
 248   51041094    0.000000   48.000000   6   5  41094   1
 249   50041095    0.000000   40.000000   6   5  41095   0
 250   51041095    0.000000   40.000000   6   5  41095   1
 251   50041096    0.000000   32.000000   6   5  41096   0
 252   50041097    0.000000   29.000000   6   5  41097   0
 253   51041097    0.000000   30.000000   6   5  41097   1
 254   50041098    0.000000   25.000000   6   5  41098   0
 255   51041098    0.000000   25.000000   6   5  41098   1
 256   50041099    0.000000   38.000000   6   5  41099   0
 257   51041099    0.000000   38.000000   6   5  41099   1
 258   50041100    0.000000   40.000000   6   5  41100   0
 259   51041100    0.000000   42.000000   6   5  41100   1
 260   50041101    0.000000   54.000000   6   5  41101   0
 261   50041102    0.000000   56.000000   6   5  41102   0
 262   51041102    0.000000   58.000000   6   5  41102   1
 263   50042085    0.000000  190.000000   6   5  42085   0
 264   50042086    0.000000  170.000000   6   5  42086   0
 265   50042087    0.000000  150.000000   6   5  42087   0
 266   50042088    0.000000  140.000000   6   5  42088   0
 267   50042089    0.000000  120.000000   6   5  42089   0
 268   51042089    0.000000  120.000000   6   5  42089   1
 269   50042090    0.000000  100.000000   6   5  42090   0
 270   50042091    0.000000   90.000000   6   5  42091   0
 271   51042091    0.000000   90.000000   6   5  42091   1
 272   50042092    0.000000   76.000000   6   5  42092   0
 273   50042093    0.000000   66.000000   6   5  42093   0
 274   51042093    0.000000   66.000000   6   5  42093   1
 275   50042094    0.000000   54.000000   6   5  42094   0
 276   50042095    0.000000   44.000000   6   5  42095   0
 277   50042096    0.000000   34.000000   6   5  42096   0
 278   50042097    0.000000   27.000000   6   5  42097   0
 279   50042098    0.000000   18.500000   6   5  42098   0
 280   50042099    0.000000   12.500000   6   5  42099   0
 281   50042100    0.000000   24.000000   6   5  42100   0
 282   50042101    0.000000   27.000000   6   5  42101   0
 283   50042102    0.000000   40.000000   6   5  42102   0
 284   50042103    0.000000   42.000000   6   5  42103   0
 285   50043087    0.000000  180.000000   6   5  43087   0
 286   50043088    0.000000  160.000000   6   5  43088   0
 287   51043088    0.000000  160.000000   6   5  43088   1
 288   50043089    0.000000  150.000000   6   5  43089   0
 289   51043089    0.000000  150.000000   6   5  43089   1
 290   50043090    0.000000  130.000000   6   5  43090   0
 291   51043090    0.000000  130.000000   6   5  43090   1
 292   52043090    0.000000  130.000000   6   5  43090   2
 293   50043091    0.000000  120.000000   6   5  43091   0
 294   51043091    0.000000  120.000000   6   5  43091   1
 295   50043092    0.000000  110.000000   6   5  43092   0
 296   50043093    0.000000   90.000000   6   5  43093   0
 297   51043093    0.000000   90.000000   6   5  43093   1
 298   50043094    0.000000   78.000000   6   5  43094   0
 299   51043094    0.000000   78.000000   6   5  43094   1
 300   50043095    0.000000   66.000000   6   5  43095   0
 301   51043095    0.000000   66.000000   6   5  43095   1
 302   50043096    0.000000   58.000000   6   5  43096   0
 303   51043096    0.000000   58.000000   6   5  43096   1
 304   50043097    0.000000   48.000000   6   5  43097   0
 305   51043097    0.000000   48.000000   6   5  43097   1
 306   50043098    0.000000   40.000000   6   5  43098   0
 307   50043099    0.000000   30.000000   6   5  43099   0
 308   51043099    0.000000   30.000000   6   5  43099   1
 309   50043100    0.000000   23.000000   6   5  43100   0
 310   50043101    0.000000   21.000000   6   5  43101   0
 311   50043102    0.000000   16.000000   6   5  43102   0
 312   51043102    0.000000   16.000000   6   5  43102   1
 313   50043103    0.000000   29.000000   6   5  43103   0
 314   50043104    0.000000   30.000000   6   5  43104   0
 315   50044089    0.000000  170.000000   6   5  44089   0
 316   50044090    0.000000  150.000000   6   5  44090   0
 317   50044091    0.000000  140.000000   6   5  44091   0
 318   50044092    0.000000  120.000000   6   5  44092   0
 319   50044093    0.000000  110.000000   6   5  44093   0
 320   51044093    0.000000  110.000000   6   5  44093   1
 321   50044094    0.000000   90.000000   6   5  44094   0
 322   50044095    0.000000   78.000000   6   5  44095   0
 323   50044096    0.000000   66.000000   6   5  44096   0
 324   50044097    0.000000   58.000000   6   5  44097   0
 325   50044098    0.000000   46.000000   6   5  44098   0
 326   50044099    0.000000   38.000000   6   5  44099   0
 327   50044100    0.000000   28.000000   6   5  44100   0
 328   50044101    0.000000   21.000000   6   5  44101   0
 329   50044102    0.000000   11.000000   6   5  44102   0
 330   50044103    0.000000    5.000000   6   5  44103   0
 331   50044104    0.000000   16.500000   6   5  44104   0
 332   50044105    0.000000   18.000000   6   5  44105   0
 333   50045090    0.000000  190.000000   6   5  45090   0
 334   50045091    0.000000  170.000000   6   5  45091   0
 335   51045091    0.000000  170.000000   6   5  45091   1
 336   50045092    0.000000  150.000000   6   5  45092   0
 337   51045092    0.000000  150.000000   6   5  45092   1
 338   50045093    0.000000  140.000000   6   5  45093   0
 339   50045094    0.000000  120.000000   6   5  45094   0
 340   51045094    0.000000  120.000000   6   5  45094   1
 341   50045095    0.000000  110.000000   6   5  45095   0
 342   51045095    0.000000  110.000000   6   5  45095   1
 343   50045096    0.000000   95.000000   6   5  45096   0
 344   51045096    0.000000   95.000000   6   5  45096   1
 345   50045097    0.000000   85.000000   6   5  45097   0
 346   51045097    0.000000   85.000000   6   5  45097   1
 347   50045098    0.000000   72.000000   6   5  45098   0
 348   51045098    0.000000   72.000000   6   5  45098   1
 349   50045099    0.000000   62.000000   6   5  45099   0
 350   51045099    0.000000   62.000000   6   5  45099   1
 351   50045100    0.000000   52.000000   6   5  45100   0
 352   51045100    0.000000   52.000000   6   5  45100   1
 353   50045101    0.000000   42.000000   6   5  45101   0
 354   51045101    0.000000   42.000000   6   5  45101   1
 355   50045102    0.000000   34.000000   6   5  45102   0
 356   51045102    0.000000   34.000000   6   5  45102   1
 357   50045103    0.000000   24.000000   6   5  45103   0
 358   51045103    0.000000   24.000000   6   5  45103   1
 359   50045104    0.000000   17.000000   6   5  45104   0
 360   51045104    0.000000   17.000000   6   5  45104   1
 361   50045105    0.000000   14.000000   6   5  45105   0
 362   51045105    0.000000   14.500000   6   5  45105   1
 363   50045106    0.000000    9.500000   6   5  45106   0
 364   51045106    0.000000   10.000000   6   5  45106   1
 365   50046092    0.000000  180.000000   6   5  46092   0
 366   50046093    0.000000  160.000000   6   5  46093   0
 367   50046094    0.000000  140.000000   6   5  46094   0
 368   50046095    0.000000  130.000000   6   5  46095   0
 369   51046095    0.000000  130.000000   6   5  46095   1
 370   50046096    0.000000  110.000000   6   5  46096   0
 371   50046097    0.000000  100.000000   6   5  46097   0
 372   50046098    0.000000   85.000000   6   5  46098   0
 373   50046099    0.000000   74.000000   6   5  46099   0
 374   50046100    0.000000   62.000000   6   5  46100   0
 375   50046101    0.000000   54.000000   6   5  46101   0
 376   50046102    0.000000   42.000000   6   5  46102   0
 377   50046103    0.000000   34.000000   6   5  46103   0
 378   50046104    0.000000   24.000000   6   5  46104   0
 379   50046105    0.000000   16.500000   6   5  46105   0
 380   50046106    0.000000    7.000000   6   5  46106   0
 381   50046107    0.000000    1.000000   6   5  46107   0
 382   51046107    0.000000    1.000000   6   5  46107   1
 
   p   ZAP IP   NR    Tp [MeV]
   1     1  1    1    6.536429
   2     0  2    1    1.000000
   3  1001  9    1    9.298983
   4  1002 31    1   13.657120
   5  1003 32    1   16.363100
   6  2003 33    1   16.500000
   7  2004 34    1    4.500000
--------------------------------------------------------------------------------
 
