 
--------------------------------------------------------------------------------
 47-Ag-107   T= 0.00 K from IAEA/PD-2019       (ACEMAKER)
 ZAID= 47107.38u  MAT=4725  ZA= 47107
 AWR= 105.986700  STA=  0  ELIS=   0.000 MeV  LIS=  0  LISO=  0
--------------------------------------------------------------------------------
 NTOTR= 379 NTRAN=   1 NPROD= 378 NE=     133 EMAX= 200.000 MeV
   i     MT/MTD     Q [MeV]     T [MeV] LMF  MT    ZAP LFS
   1          5    0.000000    1.000000   3   5
   2   50028070    0.000000  170.000000   6   5  28070   0
   3   50028071    0.000000  190.000000   6   5  28071   0
   4   50028072    0.000000  190.000000   6   5  28072   0
   5   50029071    0.000000  170.000000   6   5  29071   0
   6   50029072    0.000000  170.000000   6   5  29072   0
   7   50029073    0.000000  170.000000   6   5  29073   0
   8   50029074    0.000000  190.000000   6   5  29074   0
   9   50029075    0.000000  190.000000   6   5  29075   0
  10   50030072    0.000000  150.000000   6   5  30072   0
  11   50030073    0.000000  150.000000   6   5  30073   0
  12   50030074    0.000000  150.000000   6   5  30074   0
  13   50030075    0.000000  170.000000   6   5  30075   0
  14   50030076    0.000000  170.000000   6   5  30076   0
  15   50030077    0.000000  190.000000   6   5  30077   0
  16   51030077    0.000000  190.000000   6   5  30077   1
  17   50030078    0.000000  190.000000   6   5  30078   0
  18   50031073    0.000000  150.000000   6   5  31073   0
  19   50031074    0.000000  150.000000   6   5  31074   0
  20   50031075    0.000000  150.000000   6   5  31075   0
  21   50031076    0.000000  150.000000   6   5  31076   0
  22   50031077    0.000000  150.000000   6   5  31077   0
  23   50031078    0.000000  160.000000   6   5  31078   0
  24   50031079    0.000000  160.000000   6   5  31079   0
  25   50031080    0.000000  190.000000   6   5  31080   0
  26   50031081    0.000000  190.000000   6   5  31081   0
  27   50032074    0.000000  140.000000   6   5  32074   0
  28   50032075    0.000000  140.000000   6   5  32075   0
  29   51032075    0.000000  140.000000   6   5  32075   1
  30   50032076    0.000000  130.000000   6   5  32076   0
  31   50032077    0.000000  130.000000   6   5  32077   0
  32   51032077    0.000000  130.000000   6   5  32077   1
  33   50032078    0.000000  130.000000   6   5  32078   0
  34   50032079    0.000000  140.000000   6   5  32079   0
  35   51032079    0.000000  140.000000   6   5  32079   1
  36   50032080    0.000000  140.000000   6   5  32080   0
  37   50032081    0.000000  160.000000   6   5  32081   0
  38   51032081    0.000000  160.000000   6   5  32081   1
  39   50032082    0.000000  160.000000   6   5  32082   0
  40   50032083    0.000000  190.000000   6   5  32083   0
  41   50032084    0.000000  190.000000   6   5  32084   0
  42   50033075    0.000000  140.000000   6   5  33075   0
  43   50033076    0.000000  130.000000   6   5  33076   0
  44   50033077    0.000000  120.000000   6   5  33077   0
  45   50033078    0.000000  120.000000   6   5  33078   0
  46   50033079    0.000000  120.000000   6   5  33079   0
  47   50033080    0.000000  120.000000   6   5  33080   0
  48   50033081    0.000000  120.000000   6   5  33081   0
  49   50033082    0.000000  140.000000   6   5  33082   0
  50   51033082    0.000000  140.000000   6   5  33082   1
  51   50033083    0.000000  140.000000   6   5  33083   0
  52   50033084    0.000000  160.000000   6   5  33084   0
  53   50033085    0.000000  160.000000   6   5  33085   0
  54   50033086    0.000000  190.000000   6   5  33086   0
  55   50034076    0.000000  140.000000   6   5  34076   0
  56   50034077    0.000000  130.000000   6   5  34077   0
  57   51034077    0.000000  130.000000   6   5  34077   1
  58   50034078    0.000000  120.000000   6   5  34078   0
  59   50034079    0.000000  120.000000   6   5  34079   0
  60   51034079    0.000000  120.000000   6   5  34079   1
  61   50034080    0.000000  110.000000   6   5  34080   0
  62   50034081    0.000000  100.000000   6   5  34081   0
  63   51034081    0.000000  100.000000   6   5  34081   1
  64   50034082    0.000000  100.000000   6   5  34082   0
  65   50034083    0.000000  110.000000   6   5  34083   0
  66   51034083    0.000000  110.000000   6   5  34083   1
  67   50034084    0.000000  110.000000   6   5  34084   0
  68   50034085    0.000000  140.000000   6   5  34085   0
  69   50034086    0.000000  140.000000   6   5  34086   0
  70   50034087    0.000000  160.000000   6   5  34087   0
  71   50034088    0.000000  160.000000   6   5  34088   0
  72   50035077    0.000000  140.000000   6   5  35077   0
  73   51035077    0.000000  140.000000   6   5  35077   1
  74   50035078    0.000000  130.000000   6   5  35078   0
  75   50035079    0.000000  120.000000   6   5  35079   0
  76   51035079    0.000000  120.000000   6   5  35079   1
  77   50035080    0.000000  110.000000   6   5  35080   0
  78   51035080    0.000000  110.000000   6   5  35080   1
  79   50035081    0.000000   95.000000   6   5  35081   0
  80   50035082    0.000000   90.000000   6   5  35082   0
  81   51035082    0.000000   90.000000   6   5  35082   1
  82   50035083    0.000000   85.000000   6   5  35083   0
  83   50035084    0.000000   85.000000   6   5  35084   0
  84   51035084    0.000000   85.000000   6   5  35084   1
  85   50035085    0.000000   95.000000   6   5  35085   0
  86   50035086    0.000000  110.000000   6   5  35086   0
  87   50035087    0.000000  110.000000   6   5  35087   0
  88   50035088    0.000000  140.000000   6   5  35088   0
  89   50035089    0.000000  140.000000   6   5  35089   0
  90   50035090    0.000000  160.000000   6   5  35090   0
  91   50035091    0.000000  170.000000   6   5  35091   0
  92   50036078    0.000000  150.000000   6   5  36078   0
  93   50036079    0.000000  140.000000   6   5  36079   0
  94   51036079    0.000000  140.000000   6   5  36079   1
  95   50036080    0.000000  120.000000   6   5  36080   0
  96   50036081    0.000000  110.000000   6   5  36081   0
  97   51036081    0.000000  110.000000   6   5  36081   1
  98   50036082    0.000000   95.000000   6   5  36082   0
  99   50036083    0.000000   90.000000   6   5  36083   0
 100   51036083    0.000000   90.000000   6   5  36083   1
 101   50036084    0.000000   85.000000   6   5  36084   0
 102   50036085    0.000000   78.000000   6   5  36085   0
 103   51036085    0.000000   78.000000   6   5  36085   1
 104   50036086    0.000000   78.000000   6   5  36086   0
 105   50036087    0.000000   80.000000   6   5  36087   0
 106   50036088    0.000000   90.000000   6   5  36088   0
 107   50036089    0.000000  110.000000   6   5  36089   0
 108   50036090    0.000000  110.000000   6   5  36090   0
 109   50036091    0.000000  140.000000   6   5  36091   0
 110   50036092    0.000000  140.000000   6   5  36092   0
 111   50036093    0.000000  170.000000   6   5  36093   0
 112   50036094    0.000000  180.000000   6   5  36094   0
 113   50037079    0.000000  150.000000   6   5  37079   0
 114   50037080    0.000000  140.000000   6   5  37080   0
 115   50037081    0.000000  130.000000   6   5  37081   0
 116   51037081    0.000000  130.000000   6   5  37081   1
 117   50037082    0.000000  110.000000   6   5  37082   0
 118   51037082    0.000000  110.000000   6   5  37082   1
 119   50037083    0.000000  100.000000   6   5  37083   0
 120   50037084    0.000000   85.000000   6   5  37084   0
 121   51037084    0.000000   85.000000   6   5  37084   1
 122   50037085    0.000000   74.000000   6   5  37085   0
 123   50037086    0.000000   64.000000   6   5  37086   0
 124   51037086    0.000000   64.000000   6   5  37086   1
 125   50037087    0.000000   60.000000   6   5  37087   0
 126   50037088    0.000000   64.000000   6   5  37088   0
 127   50037089    0.000000   76.000000   6   5  37089   0
 128   50037090    0.000000   80.000000   6   5  37090   0
 129   51037090    0.000000   80.000000   6   5  37090   1
 130   50037091    0.000000   90.000000   6   5  37091   0
 131   50037092    0.000000  110.000000   6   5  37092   0
 132   50037093    0.000000  110.000000   6   5  37093   0
 133   50037094    0.000000  140.000000   6   5  37094   0
 134   50037095    0.000000  150.000000   6   5  37095   0
 135   50037096    0.000000  180.000000   6   5  37096   0
 136   50038080    0.000000  160.000000   6   5  38080   0
 137   50038081    0.000000  150.000000   6   5  38081   0
 138   50038082    0.000000  130.000000   6   5  38082   0
 139   50038083    0.000000  120.000000   6   5  38083   0
 140   51038083    0.000000  120.000000   6   5  38083   1
 141   50038084    0.000000  100.000000   6   5  38084   0
 142   50038085    0.000000   85.000000   6   5  38085   0
 143   51038085    0.000000   85.000000   6   5  38085   1
 144   50038086    0.000000   76.000000   6   5  38086   0
 145   50038087    0.000000   64.000000   6   5  38087   0
 146   51038087    0.000000   66.000000   6   5  38087   1
 147   50038088    0.000000   60.000000   6   5  38088   0
 148   50038089    0.000000   60.000000   6   5  38089   0
 149   50038090    0.000000   58.000000   6   5  38090   0
 150   50038091    0.000000   62.000000   6   5  38091   0
 151   50038092    0.000000   74.000000   6   5  38092   0
 152   50038093    0.000000   80.000000   6   5  38093   0
 153   50038094    0.000000   90.000000   6   5  38094   0
 154   50038095    0.000000  110.000000   6   5  38095   0
 155   50038096    0.000000  120.000000   6   5  38096   0
 156   50038097    0.000000  150.000000   6   5  38097   0
 157   50039081    0.000000  160.000000   6   5  39081   0
 158   50039082    0.000000  150.000000   6   5  39082   0
 159   50039083    0.000000  130.000000   6   5  39083   0
 160   51039083    0.000000  130.000000   6   5  39083   1
 161   50039084    0.000000  120.000000   6   5  39084   0
 162   51039084    0.000000  120.000000   6   5  39084   1
 163   50039085    0.000000  110.000000   6   5  39085   0
 164   51039085    0.000000  110.000000   6   5  39085   1
 165   50039086    0.000000   95.000000   6   5  39086   0
 166   51039086    0.000000   95.000000   6   5  39086   1
 167   50039087    0.000000   76.000000   6   5  39087   0
 168   51039087    0.000000   76.000000   6   5  39087   1
 169   50039088    0.000000   66.000000   6   5  39088   0
 170   50039089    0.000000   56.000000   6   5  39089   0
 171   51039089    0.000000   56.000000   6   5  39089   1
 172   50039090    0.000000   48.000000   6   5  39090   0
 173   51039090    0.000000   48.000000   6   5  39090   1
 174   50039091    0.000000   40.000000   6   5  39091   0
 175   51039091    0.000000   40.000000   6   5  39091   1
 176   50039092    0.000000   48.000000   6   5  39092   0
 177   50039093    0.000000   58.000000   6   5  39093   0
 178   51039093    0.000000   58.000000   6   5  39093   1
 179   50039094    0.000000   64.000000   6   5  39094   0
 180   50039095    0.000000   76.000000   6   5  39095   0
 181   50039096    0.000000   85.000000   6   5  39096   0
 182   50039097    0.000000   95.000000   6   5  39097   0
 183   51039097    0.000000   95.000000   6   5  39097   1
 184   50039098    0.000000  120.000000   6   5  39098   0
 185   51039098    0.000000  120.000000   6   5  39098   1
 186   50039099    0.000000  180.000000   6   5  39099   0
 187   50040082    0.000000  180.000000   6   5  40082   0
 188   50040083    0.000000  160.000000   6   5  40083   0
 189   50040084    0.000000  150.000000   6   5  40084   0
 190   50040085    0.000000  130.000000   6   5  40085   0
 191   50040086    0.000000  110.000000   6   5  40086   0
 192   50040087    0.000000   95.000000   6   5  40087   0
 193   51040087    0.000000   95.000000   6   5  40087   1
 194   50040088    0.000000   80.000000   6   5  40088   0
 195   50040089    0.000000   72.000000   6   5  40089   0
 196   51040089    0.000000   72.000000   6   5  40089   1
 197   50040090    0.000000   58.000000   6   5  40090   0
 198   51040090    0.000000   60.000000   6   5  40090   1
 199   50040091    0.000000   50.000000   6   5  40091   0
 200   50040092    0.000000   40.000000   6   5  40092   0
 201   50040093    0.000000   40.000000   6   5  40093   0
 202   50040094    0.000000   38.000000   6   5  40094   0
 203   50040095    0.000000   48.000000   6   5  40095   0
 204   50040096    0.000000   56.000000   6   5  40096   0
 205   50040097    0.000000   64.000000   6   5  40097   0
 206   50040098    0.000000   76.000000   6   5  40098   0
 207   50040099    0.000000   80.000000   6   5  40099   0
 208   50040100    0.000000  120.000000   6   5  40100   0
 209   50041083    0.000000  190.000000   6   5  41083   0
 210   50041084    0.000000  170.000000   6   5  41084   0
 211   50041085    0.000000  150.000000   6   5  41085   0
 212   50041086    0.000000  140.000000   6   5  41086   0
 213   51041086    0.000000  140.000000   6   5  41086   1
 214   50041087    0.000000  120.000000   6   5  41087   0
 215   51041087    0.000000  120.000000   6   5  41087   1
 216   50041088    0.000000  110.000000   6   5  41088   0
 217   51041088    0.000000  110.000000   6   5  41088   1
 218   50041089    0.000000   85.000000   6   5  41089   0
 219   51041089    0.000000   85.000000   6   5  41089   1
 220   50041090    0.000000   74.000000   6   5  41090   0
 221   51041090    0.000000   74.000000   6   5  41090   1
 222   50041091    0.000000   60.000000   6   5  41091   0
 223   51041091    0.000000   60.000000   6   5  41091   1
 224   50041092    0.000000   50.000000   6   5  41092   0
 225   51041092    0.000000   50.000000   6   5  41092   1
 226   50041093    0.000000   40.000000   6   5  41093   0
 227   51041093    0.000000   40.000000   6   5  41093   1
 228   50041094    0.000000   32.000000   6   5  41094   0
 229   51041094    0.000000   32.000000   6   5  41094   1
 230   50041095    0.000000   21.000000   6   5  41095   0
 231   51041095    0.000000   21.000000   6   5  41095   1
 232   50041096    0.000000   34.000000   6   5  41096   0
 233   50041097    0.000000   38.000000   6   5  41097   0
 234   51041097    0.000000   38.000000   6   5  41097   1
 235   50041098    0.000000   50.000000   6   5  41098   0
 236   51041098    0.000000   50.000000   6   5  41098   1
 237   50041099    0.000000   56.000000   6   5  41099   0
 238   51041099    0.000000   56.000000   6   5  41099   1
 239   50041100    0.000000   68.000000   6   5  41100   0
 240   51041100    0.000000   68.000000   6   5  41100   1
 241   50041101    0.000000   80.000000   6   5  41101   0
 242   50042085    0.000000  190.000000   6   5  42085   0
 243   50042086    0.000000  160.000000   6   5  42086   0
 244   50042087    0.000000  150.000000   6   5  42087   0
 245   50042088    0.000000  120.000000   6   5  42088   0
 246   50042089    0.000000  110.000000   6   5  42089   0
 247   51042089    0.000000  110.000000   6   5  42089   1
 248   50042090    0.000000   95.000000   6   5  42090   0
 249   50042091    0.000000   80.000000   6   5  42091   0
 250   51042091    0.000000   80.000000   6   5  42091   1
 251   50042092    0.000000   66.000000   6   5  42092   0
 252   50042093    0.000000   58.000000   6   5  42093   0
 253   51042093    0.000000   60.000000   6   5  42093   1
 254   50042094    0.000000   46.000000   6   5  42094   0
 255   50042095    0.000000   38.000000   6   5  42095   0
 256   50042096    0.000000   29.000000   6   5  42096   0
 257   50042097    0.000000   27.000000   6   5  42097   0
 258   50042098    0.000000   21.000000   6   5  42098   0
 259   50042099    0.000000   34.000000   6   5  42099   0
 260   50042100    0.000000   36.000000   6   5  42100   0
 261   50042101    0.000000   50.000000   6   5  42101   0
 262   50042102    0.000000   56.000000   6   5  42102   0
 263   50043086    0.000000  190.000000   6   5  43086   0
 264   50043087    0.000000  170.000000   6   5  43087   0
 265   50043088    0.000000  150.000000   6   5  43088   0
 266   51043088    0.000000  150.000000   6   5  43088   1
 267   50043089    0.000000  140.000000   6   5  43089   0
 268   51043089    0.000000  140.000000   6   5  43089   1
 269   50043090    0.000000  120.000000   6   5  43090   0
 270   51043090    0.000000  120.000000   6   5  43090   1
 271   52043090    0.000000  120.000000   6   5  43090   2
 272   50043091    0.000000  100.000000   6   5  43091   0
 273   51043091    0.000000  100.000000   6   5  43091   1
 274   50043092    0.000000   85.000000   6   5  43092   0
 275   50043093    0.000000   70.000000   6   5  43093   0
 276   51043093    0.000000   70.000000   6   5  43093   1
 277   50043094    0.000000   58.000000   6   5  43094   0
 278   51043094    0.000000   58.000000   6   5  43094   1
 279   50043095    0.000000   48.000000   6   5  43095   0
 280   51043095    0.000000   48.000000   6   5  43095   1
 281   50043096    0.000000   38.000000   6   5  43096   0
 282   51043096    0.000000   38.000000   6   5  43096   1
 283   50043097    0.000000   28.000000   6   5  43097   0
 284   51043097    0.000000   28.000000   6   5  43097   1
 285   50043098    0.000000   20.000000   6   5  43098   0
 286   50043099    0.000000   11.500000   6   5  43099   0
 287   51043099    0.000000   11.500000   6   5  43099   1
 288   50043100    0.000000   25.000000   6   5  43100   0
 289   50043101    0.000000   24.000000   6   5  43101   0
 290   50043102    0.000000   38.000000   6   5  43102   0
 291   51043102    0.000000   38.000000   6   5  43102   1
 292   50043103    0.000000   38.000000   6   5  43103   0
 293   50044088    0.000000  190.000000   6   5  44088   0
 294   50044089    0.000000  160.000000   6   5  44089   0
 295   50044090    0.000000  150.000000   6   5  44090   0
 296   50044091    0.000000  130.000000   6   5  44091   0
 297   50044092    0.000000  110.000000   6   5  44092   0
 298   50044093    0.000000   95.000000   6   5  44093   0
 299   51044093    0.000000   95.000000   6   5  44093   1
 300   50044094    0.000000   80.000000   6   5  44094   0
 301   50044095    0.000000   70.000000   6   5  44095   0
 302   50044096    0.000000   58.000000   6   5  44096   0
 303   50044097    0.000000   48.000000   6   5  44097   0
 304   50044098    0.000000   38.000000   6   5  44098   0
 305   50044099    0.000000   30.000000   6   5  44099   0
 306   50044100    0.000000   20.000000   6   5  44100   0
 307   50044101    0.000000   19.000000   6   5  44101   0
 308   50044102    0.000000   11.500000   6   5  44102   0
 309   50044103    0.000000   26.000000   6   5  44103   0
 310   50044104    0.000000   25.000000   6   5  44104   0
 311   50045090    0.000000  180.000000   6   5  45090   0
 312   50045091    0.000000  160.000000   6   5  45091   0
 313   51045091    0.000000  160.000000   6   5  45091   1
 314   50045092    0.000000  140.000000   6   5  45092   0
 315   51045092    0.000000  140.000000   6   5  45092   1
 316   50045093    0.000000  130.000000   6   5  45093   0
 317   50045094    0.000000  100.000000   6   5  45094   0
 318   51045094    0.000000  100.000000   6   5  45094   1
 319   50045095    0.000000   85.000000   6   5  45095   0
 320   51045095    0.000000   85.000000   6   5  45095   1
 321   50045096    0.000000   74.000000   6   5  45096   0
 322   51045096    0.000000   74.000000   6   5  45096   1
 323   50045097    0.000000   60.000000   6   5  45097   0
 324   51045097    0.000000   62.000000   6   5  45097   1
 325   50045098    0.000000   52.000000   6   5  45098   0
 326   51045098    0.000000   52.000000   6   5  45098   1
 327   50045099    0.000000   40.000000   6   5  45099   0
 328   51045099    0.000000   40.000000   6   5  45099   1
 329   50045100    0.000000   32.000000   6   5  45100   0
 330   51045100    0.000000   32.000000   6   5  45100   1
 331   50045101    0.000000   21.000000   6   5  45101   0
 332   51045101    0.000000   21.000000   6   5  45101   1
 333   50045102    0.000000   13.500000   6   5  45102   0
 334   51045102    0.000000   13.500000   6   5  45102   1
 335   50045103    0.000000    4.000000   6   5  45103   0
 336   51045103    0.000000    4.000000   6   5  45103   1
 337   50045104    0.000000   17.500000   6   5  45104   0
 338   51045104    0.000000   17.500000   6   5  45104   1
 339   50045105    0.000000   16.000000   6   5  45105   0
 340   51045105    0.000000   16.000000   6   5  45105   1
 341   50046092    0.000000  170.000000   6   5  46092   0
 342   50046093    0.000000  150.000000   6   5  46093   0
 343   50046094    0.000000  130.000000   6   5  46094   0
 344   50046095    0.000000  120.000000   6   5  46095   0
 345   51046095    0.000000  120.000000   6   5  46095   1
 346   50046096    0.000000  100.000000   6   5  46096   0
 347   50046097    0.000000   90.000000   6   5  46097   0
 348   50046098    0.000000   74.000000   6   5  46098   0
 349   50046099    0.000000   64.000000   6   5  46099   0
 350   50046100    0.000000   54.000000   6   5  46100   0
 351   50046101    0.000000   44.000000   6   5  46101   0
 352   50046102    0.000000   34.000000   6   5  46102   0
 353   50046103    0.000000   25.000000   6   5  46103   0
 354   50046104    0.000000   14.500000   6   5  46104   0
 355   50046105    0.000000   13.500000   6   5  46105   0
 356   50046106    0.000000    6.000000   6   5  46106   0
 357   50047095    0.000000  160.000000   6   5  47095   0
 358   50047096    0.000000  130.000000   6   5  47096   0
 359   51047096    0.000000  130.000000   6   5  47096   1
 360   50047097    0.000000  110.000000   6   5  47097   0
 361   50047098    0.000000   95.000000   6   5  47098   0
 362   50047099    0.000000   80.000000   6   5  47099   0
 363   51047099    0.000000   85.000000   6   5  47099   1
 364   50047100    0.000000   70.000000   6   5  47100   0
 365   51047100    0.000000   70.000000   6   5  47100   1
 366   50047101    0.000000   58.000000   6   5  47101   0
 367   51047101    0.000000   58.000000   6   5  47101   1
 368   50047102    0.000000   48.000000   6   5  47102   0
 369   51047102    0.000000   48.000000   6   5  47102   1
 370   50047103    0.000000   38.000000   6   5  47103   0
 371   51047103    0.000000   38.000000   6   5  47103   1
 372   50047104    0.000000   28.000000   6   5  47104   0
 373   51047104    0.000000   28.000000   6   5  47104   1
 374   50047105    0.000000   18.000000   6   5  47105   0
 375   51047105    0.000000   18.000000   6   5  47105   1
 376   50047106    0.000000   10.000000   6   5  47106   0
 377   51047106    0.000000   10.000000   6   5  47106   1
 378   50047107    0.000000    1.000000   6   5  47107   0
 379   51047107    0.000000    1.000000   6   5  47107   1
 
   p   ZAP IP   NR    Tp [MeV]
   1     1  1    1    9.535604
   2     0  2    1    1.000000
   3  1001  9    1    5.788114
   4  1002 31    1   13.124500
   5  1003 32    1   13.961370
   6  2003 33    1   17.500000
   7  2004 34    1    4.000000
--------------------------------------------------------------------------------
 
