 
--------------------------------------------------------------------------------
 47-Ag-109   T= 0.00 K from IAEA/PD-2019       (ACEMAKER)
 ZAID= 47109.38u  MAT=4731  ZA= 47109
 AWR= 107.969200  STA=  0  ELIS=   0.000 MeV  LIS=  0  LISO=  0
--------------------------------------------------------------------------------
 NTOTR= 373 NTRAN=   1 NPROD= 372 NE=     131 EMAX= 200.000 MeV
   i     MT/MTD     Q [MeV]     T [MeV] LMF  MT    ZAP LFS
   1          5    0.000000    1.000000   3   5
   2   50028072    0.000000  190.000000   6   5  28072   0
   3   50029073    0.000000  190.000000   6   5  29073   0
   4   50029074    0.000000  180.000000   6   5  29074   0
   5   50029075    0.000000  180.000000   6   5  29075   0
   6   50030074    0.000000  160.000000   6   5  30074   0
   7   50030075    0.000000  160.000000   6   5  30075   0
   8   50030076    0.000000  160.000000   6   5  30076   0
   9   50030077    0.000000  180.000000   6   5  30077   0
  10   51030077    0.000000  180.000000   6   5  30077   1
  11   50030078    0.000000  180.000000   6   5  30078   0
  12   50031075    0.000000  160.000000   6   5  31075   0
  13   50031076    0.000000  160.000000   6   5  31076   0
  14   50031077    0.000000  160.000000   6   5  31077   0
  15   50031078    0.000000  160.000000   6   5  31078   0
  16   50031079    0.000000  160.000000   6   5  31079   0
  17   50031080    0.000000  180.000000   6   5  31080   0
  18   50031081    0.000000  180.000000   6   5  31081   0
  19   50032076    0.000000  150.000000   6   5  32076   0
  20   50032077    0.000000  140.000000   6   5  32077   0
  21   51032077    0.000000  140.000000   6   5  32077   1
  22   50032078    0.000000  140.000000   6   5  32078   0
  23   50032079    0.000000  130.000000   6   5  32079   0
  24   51032079    0.000000  130.000000   6   5  32079   1
  25   50032080    0.000000  130.000000   6   5  32080   0
  26   50032081    0.000000  150.000000   6   5  32081   0
  27   51032081    0.000000  150.000000   6   5  32081   1
  28   50032082    0.000000  150.000000   6   5  32082   0
  29   50032083    0.000000  180.000000   6   5  32083   0
  30   50032084    0.000000  180.000000   6   5  32084   0
  31   50033077    0.000000  150.000000   6   5  33077   0
  32   50033078    0.000000  140.000000   6   5  33078   0
  33   50033079    0.000000  130.000000   6   5  33079   0
  34   50033080    0.000000  120.000000   6   5  33080   0
  35   50033081    0.000000  120.000000   6   5  33081   0
  36   50033082    0.000000  130.000000   6   5  33082   0
  37   51033082    0.000000  130.000000   6   5  33082   1
  38   50033083    0.000000  130.000000   6   5  33083   0
  39   50033084    0.000000  150.000000   6   5  33084   0
  40   50033085    0.000000  150.000000   6   5  33085   0
  41   50033086    0.000000  180.000000   6   5  33086   0
  42   50033087    0.000000  180.000000   6   5  33087   0
  43   50034078    0.000000  140.000000   6   5  34078   0
  44   50034079    0.000000  130.000000   6   5  34079   0
  45   51034079    0.000000  130.000000   6   5  34079   1
  46   50034080    0.000000  120.000000   6   5  34080   0
  47   50034081    0.000000  120.000000   6   5  34081   0
  48   51034081    0.000000  120.000000   6   5  34081   1
  49   50034082    0.000000  110.000000   6   5  34082   0
  50   50034083    0.000000  110.000000   6   5  34083   0
  51   51034083    0.000000  110.000000   6   5  34083   1
  52   50034084    0.000000  110.000000   6   5  34084   0
  53   50034085    0.000000  120.000000   6   5  34085   0
  54   50034086    0.000000  120.000000   6   5  34086   0
  55   50034087    0.000000  150.000000   6   5  34087   0
  56   50034088    0.000000  150.000000   6   5  34088   0
  57   50034089    0.000000  180.000000   6   5  34089   0
  58   50034090    0.000000  180.000000   6   5  34090   0
  59   50035079    0.000000  140.000000   6   5  35079   0
  60   51035079    0.000000  140.000000   6   5  35079   1
  61   50035080    0.000000  130.000000   6   5  35080   0
  62   51035080    0.000000  130.000000   6   5  35080   1
  63   50035081    0.000000  120.000000   6   5  35081   0
  64   50035082    0.000000  110.000000   6   5  35082   0
  65   51035082    0.000000  110.000000   6   5  35082   1
  66   50035083    0.000000  100.000000   6   5  35083   0
  67   50035084    0.000000   90.000000   6   5  35084   0
  68   51035084    0.000000   90.000000   6   5  35084   1
  69   50035085    0.000000   90.000000   6   5  35085   0
  70   50035086    0.000000   95.000000   6   5  35086   0
  71   50035087    0.000000  110.000000   6   5  35087   0
  72   50035088    0.000000  120.000000   6   5  35088   0
  73   50035089    0.000000  120.000000   6   5  35089   0
  74   50035090    0.000000  150.000000   6   5  35090   0
  75   50035091    0.000000  150.000000   6   5  35091   0
  76   50035092    0.000000  180.000000   6   5  35092   0
  77   50035093    0.000000  190.000000   6   5  35093   0
  78   50036080    0.000000  150.000000   6   5  36080   0
  79   50036081    0.000000  130.000000   6   5  36081   0
  80   51036081    0.000000  130.000000   6   5  36081   1
  81   50036082    0.000000  120.000000   6   5  36082   0
  82   50036083    0.000000  110.000000   6   5  36083   0
  83   51036083    0.000000  110.000000   6   5  36083   1
  84   50036084    0.000000  100.000000   6   5  36084   0
  85   50036085    0.000000   90.000000   6   5  36085   0
  86   51036085    0.000000   90.000000   6   5  36085   1
  87   50036086    0.000000   90.000000   6   5  36086   0
  88   50036087    0.000000   85.000000   6   5  36087   0
  89   50036088    0.000000   85.000000   6   5  36088   0
  90   50036089    0.000000   90.000000   6   5  36089   0
  91   50036090    0.000000  100.000000   6   5  36090   0
  92   50036091    0.000000  120.000000   6   5  36091   0
  93   50036092    0.000000  120.000000   6   5  36092   0
  94   50036093    0.000000  150.000000   6   5  36093   0
  95   50036094    0.000000  150.000000   6   5  36094   0
  96   50036095    0.000000  190.000000   6   5  36095   0
  97   50037081    0.000000  150.000000   6   5  37081   0
  98   51037081    0.000000  150.000000   6   5  37081   1
  99   50037082    0.000000  130.000000   6   5  37082   0
 100   51037082    0.000000  130.000000   6   5  37082   1
 101   50037083    0.000000  120.000000   6   5  37083   0
 102   50037084    0.000000  110.000000   6   5  37084   0
 103   51037084    0.000000  110.000000   6   5  37084   1
 104   50037085    0.000000   95.000000   6   5  37085   0
 105   50037086    0.000000   85.000000   6   5  37086   0
 106   51037086    0.000000   85.000000   6   5  37086   1
 107   50037087    0.000000   74.000000   6   5  37087   0
 108   50037088    0.000000   68.000000   6   5  37088   0
 109   50037089    0.000000   66.000000   6   5  37089   0
 110   50037090    0.000000   68.000000   6   5  37090   0
 111   51037090    0.000000   68.000000   6   5  37090   1
 112   50037091    0.000000   80.000000   6   5  37091   0
 113   50037092    0.000000   95.000000   6   5  37092   0
 114   50037093    0.000000   95.000000   6   5  37093   0
 115   50037094    0.000000  120.000000   6   5  37094   0
 116   50037095    0.000000  130.000000   6   5  37095   0
 117   50037096    0.000000  150.000000   6   5  37096   0
 118   50037097    0.000000  160.000000   6   5  37097   0
 119   50038082    0.000000  160.000000   6   5  38082   0
 120   50038083    0.000000  140.000000   6   5  38083   0
 121   51038083    0.000000  140.000000   6   5  38083   1
 122   50038084    0.000000  120.000000   6   5  38084   0
 123   50038085    0.000000  110.000000   6   5  38085   0
 124   51038085    0.000000  110.000000   6   5  38085   1
 125   50038086    0.000000   95.000000   6   5  38086   0
 126   50038087    0.000000   85.000000   6   5  38087   0
 127   51038087    0.000000   85.000000   6   5  38087   1
 128   50038088    0.000000   74.000000   6   5  38088   0
 129   50038089    0.000000   68.000000   6   5  38089   0
 130   50038090    0.000000   66.000000   6   5  38090   0
 131   50038091    0.000000   64.000000   6   5  38091   0
 132   50038092    0.000000   62.000000   6   5  38092   0
 133   50038093    0.000000   68.000000   6   5  38093   0
 134   50038094    0.000000   80.000000   6   5  38094   0
 135   50038095    0.000000   90.000000   6   5  38095   0
 136   50038096    0.000000  100.000000   6   5  38096   0
 137   50038097    0.000000  130.000000   6   5  38097   0
 138   50038098    0.000000  130.000000   6   5  38098   0
 139   50038099    0.000000  160.000000   6   5  38099   0
 140   50039083    0.000000  160.000000   6   5  39083   0
 141   51039083    0.000000  160.000000   6   5  39083   1
 142   50039084    0.000000  140.000000   6   5  39084   0
 143   51039084    0.000000  140.000000   6   5  39084   1
 144   50039085    0.000000  130.000000   6   5  39085   0
 145   51039085    0.000000  130.000000   6   5  39085   1
 146   50039086    0.000000  120.000000   6   5  39086   0
 147   51039086    0.000000  120.000000   6   5  39086   1
 148   50039087    0.000000  100.000000   6   5  39087   0
 149   51039087    0.000000  100.000000   6   5  39087   1
 150   50039088    0.000000   90.000000   6   5  39088   0
 151   50039089    0.000000   76.000000   6   5  39089   0
 152   51039089    0.000000   76.000000   6   5  39089   1
 153   50039090    0.000000   66.000000   6   5  39090   0
 154   51039090    0.000000   66.000000   6   5  39090   1
 155   50039091    0.000000   58.000000   6   5  39091   0
 156   51039091    0.000000   58.000000   6   5  39091   1
 157   50039092    0.000000   50.000000   6   5  39092   0
 158   50039093    0.000000   44.000000   6   5  39093   0
 159   51039093    0.000000   44.000000   6   5  39093   1
 160   50039094    0.000000   52.000000   6   5  39094   0
 161   50039095    0.000000   62.000000   6   5  39095   0
 162   50039096    0.000000   70.000000   6   5  39096   0
 163   50039097    0.000000   80.000000   6   5  39097   0
 164   51039097    0.000000   80.000000   6   5  39097   1
 165   50039098    0.000000   90.000000   6   5  39098   0
 166   51039098    0.000000   90.000000   6   5  39098   1
 167   50039099    0.000000  100.000000   6   5  39099   0
 168   50039100    0.000000  130.000000   6   5  39100   0
 169   51039100    0.000000  130.000000   6   5  39100   1
 170   50040084    0.000000  170.000000   6   5  40084   0
 171   50040085    0.000000  150.000000   6   5  40085   0
 172   50040086    0.000000  130.000000   6   5  40086   0
 173   50040087    0.000000  120.000000   6   5  40087   0
 174   51040087    0.000000  120.000000   6   5  40087   1
 175   50040088    0.000000  100.000000   6   5  40088   0
 176   50040089    0.000000   90.000000   6   5  40089   0
 177   51040089    0.000000   90.000000   6   5  40089   1
 178   50040090    0.000000   76.000000   6   5  40090   0
 179   51040090    0.000000   80.000000   6   5  40090   1
 180   50040091    0.000000   68.000000   6   5  40091   0
 181   50040092    0.000000   58.000000   6   5  40092   0
 182   50040093    0.000000   50.000000   6   5  40093   0
 183   50040094    0.000000   44.000000   6   5  40094   0
 184   50040095    0.000000   44.000000   6   5  40095   0
 185   50040096    0.000000   42.000000   6   5  40096   0
 186   50040097    0.000000   52.000000   6   5  40097   0
 187   50040098    0.000000   62.000000   6   5  40098   0
 188   50040099    0.000000   70.000000   6   5  40099   0
 189   50040100    0.000000   80.000000   6   5  40100   0
 190   50040101    0.000000   90.000000   6   5  40101   0
 191   50040102    0.000000  140.000000   6   5  40102   0
 192   50041085    0.000000  170.000000   6   5  41085   0
 193   50041086    0.000000  160.000000   6   5  41086   0
 194   51041086    0.000000  160.000000   6   5  41086   1
 195   50041087    0.000000  140.000000   6   5  41087   0
 196   51041087    0.000000  140.000000   6   5  41087   1
 197   50041088    0.000000  130.000000   6   5  41088   0
 198   51041088    0.000000  130.000000   6   5  41088   1
 199   50041089    0.000000  110.000000   6   5  41089   0
 200   51041089    0.000000  110.000000   6   5  41089   1
 201   50041090    0.000000   95.000000   6   5  41090   0
 202   51041090    0.000000   95.000000   6   5  41090   1
 203   50041091    0.000000   85.000000   6   5  41091   0
 204   51041091    0.000000   85.000000   6   5  41091   1
 205   50041092    0.000000   70.000000   6   5  41092   0
 206   51041092    0.000000   70.000000   6   5  41092   1
 207   50041093    0.000000   60.000000   6   5  41093   0
 208   51041093    0.000000   60.000000   6   5  41093   1
 209   50041094    0.000000   50.000000   6   5  41094   0
 210   51041094    0.000000   50.000000   6   5  41094   1
 211   50041095    0.000000   42.000000   6   5  41095   0
 212   51041095    0.000000   42.000000   6   5  41095   1
 213   50041096    0.000000   32.000000   6   5  41096   0
 214   50041097    0.000000   24.000000   6   5  41097   0
 215   51041097    0.000000   24.000000   6   5  41097   1
 216   50041098    0.000000   38.000000   6   5  41098   0
 217   51041098    0.000000   38.000000   6   5  41098   1
 218   50041099    0.000000   40.000000   6   5  41099   0
 219   51041099    0.000000   40.000000   6   5  41099   1
 220   50041100    0.000000   54.000000   6   5  41100   0
 221   51041100    0.000000   54.000000   6   5  41100   1
 222   50041101    0.000000   62.000000   6   5  41101   0
 223   50041102    0.000000   72.000000   6   5  41102   0
 224   51041102    0.000000   72.000000   6   5  41102   1
 225   50041103    0.000000   90.000000   6   5  41103   0
 226   50042086    0.000000  190.000000   6   5  42086   0
 227   50042087    0.000000  170.000000   6   5  42087   0
 228   50042088    0.000000  150.000000   6   5  42088   0
 229   50042089    0.000000  130.000000   6   5  42089   0
 230   51042089    0.000000  130.000000   6   5  42089   1
 231   50042090    0.000000  120.000000   6   5  42090   0
 232   50042091    0.000000  100.000000   6   5  42091   0
 233   51042091    0.000000  100.000000   6   5  42091   1
 234   50042092    0.000000   85.000000   6   5  42092   0
 235   50042093    0.000000   76.000000   6   5  42093   0
 236   51042093    0.000000   78.000000   6   5  42093   1
 237   50042094    0.000000   66.000000   6   5  42094   0
 238   50042095    0.000000   56.000000   6   5  42095   0
 239   50042096    0.000000   46.000000   6   5  42096   0
 240   50042097    0.000000   40.000000   6   5  42097   0
 241   50042098    0.000000   30.000000   6   5  42098   0
 242   50042099    0.000000   30.000000   6   5  42099   0
 243   50042100    0.000000   23.000000   6   5  42100   0
 244   50042101    0.000000   38.000000   6   5  42101   0
 245   50042102    0.000000   40.000000   6   5  42102   0
 246   50042103    0.000000   54.000000   6   5  42103   0
 247   50042104    0.000000   62.000000   6   5  42104   0
 248   50043087    0.000000  190.000000   6   5  43087   0
 249   50043088    0.000000  180.000000   6   5  43088   0
 250   51043088    0.000000  180.000000   6   5  43088   1
 251   50043089    0.000000  160.000000   6   5  43089   0
 252   51043089    0.000000  160.000000   6   5  43089   1
 253   50043090    0.000000  140.000000   6   5  43090   0
 254   51043090    0.000000  140.000000   6   5  43090   1
 255   52043090    0.000000  150.000000   6   5  43090   2
 256   50043091    0.000000  130.000000   6   5  43091   0
 257   51043091    0.000000  130.000000   6   5  43091   1
 258   50043092    0.000000  110.000000   6   5  43092   0
 259   50043093    0.000000   95.000000   6   5  43093   0
 260   51043093    0.000000   95.000000   6   5  43093   1
 261   50043094    0.000000   80.000000   6   5  43094   0
 262   51043094    0.000000   80.000000   6   5  43094   1
 263   50043095    0.000000   66.000000   6   5  43095   0
 264   51043095    0.000000   66.000000   6   5  43095   1
 265   50043096    0.000000   56.000000   6   5  43096   0
 266   51043096    0.000000   56.000000   6   5  43096   1
 267   50043097    0.000000   46.000000   6   5  43097   0
 268   51043097    0.000000   46.000000   6   5  43097   1
 269   50043098    0.000000   38.000000   6   5  43098   0
 270   50043099    0.000000   28.000000   6   5  43099   0
 271   51043099    0.000000   28.000000   6   5  43099   1
 272   50043100    0.000000   21.000000   6   5  43100   0
 273   50043101    0.000000   12.500000   6   5  43101   0
 274   50043102    0.000000   27.000000   6   5  43102   0
 275   51043102    0.000000   27.000000   6   5  43102   1
 276   50043103    0.000000   26.000000   6   5  43103   0
 277   50043104    0.000000   42.000000   6   5  43104   0
 278   50043105    0.000000   42.000000   6   5  43105   0
 279   50044089    0.000000  190.000000   6   5  44089   0
 280   50044090    0.000000  170.000000   6   5  44090   0
 281   50044091    0.000000  150.000000   6   5  44091   0
 282   50044092    0.000000  130.000000   6   5  44092   0
 283   50044093    0.000000  120.000000   6   5  44093   0
 284   51044093    0.000000  120.000000   6   5  44093   1
 285   50044094    0.000000  100.000000   6   5  44094   0
 286   50044095    0.000000   90.000000   6   5  44095   0
 287   50044096    0.000000   76.000000   6   5  44096   0
 288   50044097    0.000000   66.000000   6   5  44097   0
 289   50044098    0.000000   56.000000   6   5  44098   0
 290   50044099    0.000000   48.000000   6   5  44099   0
 291   50044100    0.000000   38.000000   6   5  44100   0
 292   50044101    0.000000   30.000000   6   5  44101   0
 293   50044102    0.000000   20.000000   6   5  44102   0
 294   50044103    0.000000   20.000000   6   5  44103   0
 295   50044104    0.000000   13.000000   6   5  44104   0
 296   50044105    0.000000   28.000000   6   5  44105   0
 297   50044106    0.000000   27.000000   6   5  44106   0
 298   50045091    0.000000  180.000000   6   5  45091   0
 299   51045091    0.000000  180.000000   6   5  45091   1
 300   50045092    0.000000  160.000000   6   5  45092   0
 301   51045092    0.000000  160.000000   6   5  45092   1
 302   50045093    0.000000  150.000000   6   5  45093   0
 303   50045094    0.000000  130.000000   6   5  45094   0
 304   51045094    0.000000  130.000000   6   5  45094   1
 305   50045095    0.000000  110.000000   6   5  45095   0
 306   51045095    0.000000  110.000000   6   5  45095   1
 307   50045096    0.000000   95.000000   6   5  45096   0
 308   51045096    0.000000   95.000000   6   5  45096   1
 309   50045097    0.000000   80.000000   6   5  45097   0
 310   51045097    0.000000   80.000000   6   5  45097   1
 311   50045098    0.000000   70.000000   6   5  45098   0
 312   51045098    0.000000   70.000000   6   5  45098   1
 313   50045099    0.000000   58.000000   6   5  45099   0
 314   51045099    0.000000   58.000000   6   5  45099   1
 315   50045100    0.000000   50.000000   6   5  45100   0
 316   51045100    0.000000   50.000000   6   5  45100   1
 317   50045101    0.000000   40.000000   6   5  45101   0
 318   51045101    0.000000   40.000000   6   5  45101   1
 319   50045102    0.000000   32.000000   6   5  45102   0
 320   51045102    0.000000   32.000000   6   5  45102   1
 321   50045103    0.000000   21.000000   6   5  45103   0
 322   51045103    0.000000   21.000000   6   5  45103   1
 323   50045104    0.000000   13.500000   6   5  45104   0
 324   51045104    0.000000   13.500000   6   5  45104   1
 325   50045105    0.000000    4.500000   6   5  45105   0
 326   51045105    0.000000    4.500000   6   5  45105   1
 327   50045106    0.000000   18.500000   6   5  45106   0
 328   51045106    0.000000   18.500000   6   5  45106   1
 329   50045107    0.000000   17.500000   6   5  45107   0
 330   50046093    0.000000  170.000000   6   5  46093   0
 331   50046094    0.000000  150.000000   6   5  46094   0
 332   50046095    0.000000  140.000000   6   5  46095   0
 333   51046095    0.000000  140.000000   6   5  46095   1
 334   50046096    0.000000  120.000000   6   5  46096   0
 335   50046097    0.000000  110.000000   6   5  46097   0
 336   50046098    0.000000   95.000000   6   5  46098   0
 337   50046099    0.000000   85.000000   6   5  46099   0
 338   50046100    0.000000   70.000000   6   5  46100   0
 339   50046101    0.000000   62.000000   6   5  46101   0
 340   50046102    0.000000   50.000000   6   5  46102   0
 341   50046103    0.000000   42.000000   6   5  46103   0
 342   50046104    0.000000   32.000000   6   5  46104   0
 343   50046105    0.000000   24.000000   6   5  46105   0
 344   50046106    0.000000   14.500000   6   5  46106   0
 345   50046107    0.000000   14.000000   6   5  46107   0
 346   51046107    0.000000   14.000000   6   5  46107   1
 347   50046108    0.000000    7.000000   6   5  46108   0
 348   50047096    0.000000  170.000000   6   5  47096   0
 349   51047096    0.000000  170.000000   6   5  47096   1
 350   50047097    0.000000  130.000000   6   5  47097   0
 351   50047098    0.000000  120.000000   6   5  47098   0
 352   50047099    0.000000  100.000000   6   5  47099   0
 353   51047099    0.000000  100.000000   6   5  47099   1
 354   50047100    0.000000   90.000000   6   5  47100   0
 355   51047100    0.000000   90.000000   6   5  47100   1
 356   50047101    0.000000   76.000000   6   5  47101   0
 357   51047101    0.000000   76.000000   6   5  47101   1
 358   50047102    0.000000   66.000000   6   5  47102   0
 359   51047102    0.000000   66.000000   6   5  47102   1
 360   50047103    0.000000   56.000000   6   5  47103   0
 361   51047103    0.000000   56.000000   6   5  47103   1
 362   50047104    0.000000   46.000000   6   5  47104   0
 363   51047104    0.000000   46.000000   6   5  47104   1
 364   50047105    0.000000   36.000000   6   5  47105   0
 365   51047105    0.000000   36.000000   6   5  47105   1
 366   50047106    0.000000   27.000000   6   5  47106   0
 367   51047106    0.000000   27.000000   6   5  47106   1
 368   50047107    0.000000   17.000000   6   5  47107   0
 369   51047107    0.000000   17.000000   6   5  47107   1
 370   50047108    0.000000    9.500000   6   5  47108   0
 371   51047108    0.000000    9.500000   6   5  47108   1
 372   50047109    0.000000    1.000000   6   5  47109   0
 373   51047109    0.000000    1.000000   6   5  47109   1
 
   p   ZAP IP   NR    Tp [MeV]
   1     1  1    1    9.183980
   2     0  2    1    1.000000
   3  1001  9    1    6.484191
   4  1002 31    1   13.482510
   5  1003 32    1   14.000000
   6  2003 33    1   18.500000
   7  2004 34    1    4.500000
--------------------------------------------------------------------------------
 
