 
--------------------------------------------------------------------------------
 47-Ag-108   T= 0.00 K from IAEA/PD-2019       (ACEMAKER)
 ZAID= 47108.38u  MAT=4728  ZA= 47108
 AWR= 106.979000  STA=  1  ELIS=   0.000 MeV  LIS=  0  LISO=  0
--------------------------------------------------------------------------------
 NTOTR= 397 NTRAN=   1 NPROD= 396 NE=     132 EMAX= 200.000 MeV
   i     MT/MTD     Q [MeV]     T [MeV] LMF  MT    ZAP LFS
   1          5    0.000000    1.000000   3   5
   2   50027070    0.000000  190.000000   6   5  27070   0
   3   51027070    0.000000  190.000000   6   5  27070   1
   4   50027071    0.000000  190.000000   6   5  27071   0
   5   50028071    0.000000  170.000000   6   5  28071   0
   6   50028072    0.000000  170.000000   6   5  28072   0
   7   50028073    0.000000  190.000000   6   5  28073   0
   8   50028074    0.000000  190.000000   6   5  28074   0
   9   50029072    0.000000  170.000000   6   5  29072   0
  10   50029073    0.000000  170.000000   6   5  29073   0
  11   50029074    0.000000  170.000000   6   5  29074   0
  12   50029075    0.000000  170.000000   6   5  29075   0
  13   50029076    0.000000  190.000000   6   5  29076   0
  14   51029076    0.000000  190.000000   6   5  29076   1
  15   50029077    0.000000  190.000000   6   5  29077   0
  16   50030073    0.000000  150.000000   6   5  30073   0
  17   50030074    0.000000  140.000000   6   5  30074   0
  18   50030075    0.000000  140.000000   6   5  30075   0
  19   50030076    0.000000  140.000000   6   5  30076   0
  20   50030077    0.000000  160.000000   6   5  30077   0
  21   51030077    0.000000  160.000000   6   5  30077   1
  22   50030078    0.000000  160.000000   6   5  30078   0
  23   50030079    0.000000  190.000000   6   5  30079   0
  24   50030080    0.000000  190.000000   6   5  30080   0
  25   50031074    0.000000  150.000000   6   5  31074   0
  26   50031075    0.000000  140.000000   6   5  31075   0
  27   50031076    0.000000  130.000000   6   5  31076   0
  28   50031077    0.000000  130.000000   6   5  31077   0
  29   50031078    0.000000  140.000000   6   5  31078   0
  30   50031079    0.000000  140.000000   6   5  31079   0
  31   50031080    0.000000  160.000000   6   5  31080   0
  32   50031081    0.000000  160.000000   6   5  31081   0
  33   50031082    0.000000  190.000000   6   5  31082   0
  34   50032075    0.000000  140.000000   6   5  32075   0
  35   51032075    0.000000  140.000000   6   5  32075   1
  36   50032076    0.000000  130.000000   6   5  32076   0
  37   50032077    0.000000  120.000000   6   5  32077   0
  38   51032077    0.000000  120.000000   6   5  32077   1
  39   50032078    0.000000  120.000000   6   5  32078   0
  40   50032079    0.000000  120.000000   6   5  32079   0
  41   51032079    0.000000  120.000000   6   5  32079   1
  42   50032080    0.000000  120.000000   6   5  32080   0
  43   50032081    0.000000  140.000000   6   5  32081   0
  44   51032081    0.000000  140.000000   6   5  32081   1
  45   50032082    0.000000  140.000000   6   5  32082   0
  46   50032083    0.000000  160.000000   6   5  32083   0
  47   50032084    0.000000  160.000000   6   5  32084   0
  48   50033076    0.000000  140.000000   6   5  33076   0
  49   50033077    0.000000  130.000000   6   5  33077   0
  50   50033078    0.000000  120.000000   6   5  33078   0
  51   50033079    0.000000  110.000000   6   5  33079   0
  52   50033080    0.000000  100.000000   6   5  33080   0
  53   50033081    0.000000  100.000000   6   5  33081   0
  54   50033082    0.000000  120.000000   6   5  33082   0
  55   51033082    0.000000  120.000000   6   5  33082   1
  56   50033083    0.000000  120.000000   6   5  33083   0
  57   50033084    0.000000  140.000000   6   5  33084   0
  58   50033085    0.000000  140.000000   6   5  33085   0
  59   50033086    0.000000  160.000000   6   5  33086   0
  60   50033087    0.000000  170.000000   6   5  33087   0
  61   50034077    0.000000  140.000000   6   5  34077   0
  62   51034077    0.000000  140.000000   6   5  34077   1
  63   50034078    0.000000  130.000000   6   5  34078   0
  64   50034079    0.000000  120.000000   6   5  34079   0
  65   51034079    0.000000  120.000000   6   5  34079   1
  66   50034080    0.000000  110.000000   6   5  34080   0
  67   50034081    0.000000  100.000000   6   5  34081   0
  68   51034081    0.000000  100.000000   6   5  34081   1
  69   50034082    0.000000  100.000000   6   5  34082   0
  70   50034083    0.000000   90.000000   6   5  34083   0
  71   51034083    0.000000   90.000000   6   5  34083   1
  72   50034084    0.000000   90.000000   6   5  34084   0
  73   50034085    0.000000  120.000000   6   5  34085   0
  74   50034086    0.000000  120.000000   6   5  34086   0
  75   50034087    0.000000  140.000000   6   5  34087   0
  76   50034088    0.000000  140.000000   6   5  34088   0
  77   50034089    0.000000  170.000000   6   5  34089   0
  78   50034090    0.000000  170.000000   6   5  34090   0
  79   50035078    0.000000  140.000000   6   5  35078   0
  80   50035079    0.000000  130.000000   6   5  35079   0
  81   51035079    0.000000  130.000000   6   5  35079   1
  82   50035080    0.000000  120.000000   6   5  35080   0
  83   51035080    0.000000  120.000000   6   5  35080   1
  84   50035081    0.000000  110.000000   6   5  35081   0
  85   50035082    0.000000   95.000000   6   5  35082   0
  86   51035082    0.000000   95.000000   6   5  35082   1
  87   50035083    0.000000   85.000000   6   5  35083   0
  88   50035084    0.000000   74.000000   6   5  35084   0
  89   51035084    0.000000   74.000000   6   5  35084   1
  90   50035085    0.000000   78.000000   6   5  35085   0
  91   50035086    0.000000   90.000000   6   5  35086   0
  92   50035087    0.000000   95.000000   6   5  35087   0
  93   50035088    0.000000  110.000000   6   5  35088   0
  94   50035089    0.000000  110.000000   6   5  35089   0
  95   50035090    0.000000  140.000000   6   5  35090   0
  96   50035091    0.000000  140.000000   6   5  35091   0
  97   50035092    0.000000  170.000000   6   5  35092   0
  98   50035093    0.000000  180.000000   6   5  35093   0
  99   50036079    0.000000  140.000000   6   5  36079   0
 100   51036079    0.000000  140.000000   6   5  36079   1
 101   50036080    0.000000  130.000000   6   5  36080   0
 102   50036081    0.000000  120.000000   6   5  36081   0
 103   51036081    0.000000  120.000000   6   5  36081   1
 104   50036082    0.000000  110.000000   6   5  36082   0
 105   50036083    0.000000   95.000000   6   5  36083   0
 106   51036083    0.000000   95.000000   6   5  36083   1
 107   50036084    0.000000   85.000000   6   5  36084   0
 108   50036085    0.000000   74.000000   6   5  36085   0
 109   51036085    0.000000   74.000000   6   5  36085   1
 110   50036086    0.000000   74.000000   6   5  36086   0
 111   50036087    0.000000   72.000000   6   5  36087   0
 112   50036088    0.000000   76.000000   6   5  36088   0
 113   50036089    0.000000   90.000000   6   5  36089   0
 114   50036090    0.000000   90.000000   6   5  36090   0
 115   50036091    0.000000  110.000000   6   5  36091   0
 116   50036092    0.000000  110.000000   6   5  36092   0
 117   50036093    0.000000  140.000000   6   5  36093   0
 118   50036094    0.000000  150.000000   6   5  36094   0
 119   50036095    0.000000  180.000000   6   5  36095   0
 120   50036096    0.000000  190.000000   6   5  36096   0
 121   50037080    0.000000  150.000000   6   5  37080   0
 122   50037081    0.000000  130.000000   6   5  37081   0
 123   51037081    0.000000  130.000000   6   5  37081   1
 124   50037082    0.000000  120.000000   6   5  37082   0
 125   51037082    0.000000  120.000000   6   5  37082   1
 126   50037083    0.000000  110.000000   6   5  37083   0
 127   50037084    0.000000   95.000000   6   5  37084   0
 128   51037084    0.000000   95.000000   6   5  37084   1
 129   50037085    0.000000   80.000000   6   5  37085   0
 130   50037086    0.000000   70.000000   6   5  37086   0
 131   51037086    0.000000   70.000000   6   5  37086   1
 132   50037087    0.000000   62.000000   6   5  37087   0
 133   50037088    0.000000   54.000000   6   5  37088   0
 134   50037089    0.000000   62.000000   6   5  37089   0
 135   50037090    0.000000   72.000000   6   5  37090   0
 136   51037090    0.000000   72.000000   6   5  37090   1
 137   50037091    0.000000   78.000000   6   5  37091   0
 138   50037092    0.000000   90.000000   6   5  37092   0
 139   50037093    0.000000   95.000000   6   5  37093   0
 140   50037094    0.000000  110.000000   6   5  37094   0
 141   50037095    0.000000  120.000000   6   5  37095   0
 142   50037096    0.000000  150.000000   6   5  37096   0
 143   50037097    0.000000  150.000000   6   5  37097   0
 144   50037098    0.000000  190.000000   6   5  37098   0
 145   50038081    0.000000  150.000000   6   5  38081   0
 146   50038082    0.000000  140.000000   6   5  38082   0
 147   50038083    0.000000  120.000000   6   5  38083   0
 148   51038083    0.000000  120.000000   6   5  38083   1
 149   50038084    0.000000  110.000000   6   5  38084   0
 150   50038085    0.000000   95.000000   6   5  38085   0
 151   51038085    0.000000   95.000000   6   5  38085   1
 152   50038086    0.000000   80.000000   6   5  38086   0
 153   50038087    0.000000   72.000000   6   5  38087   0
 154   51038087    0.000000   72.000000   6   5  38087   1
 155   50038088    0.000000   62.000000   6   5  38088   0
 156   50038089    0.000000   54.000000   6   5  38089   0
 157   50038090    0.000000   54.000000   6   5  38090   0
 158   50038091    0.000000   52.000000   6   5  38091   0
 159   50038092    0.000000   60.000000   6   5  38092   0
 160   50038093    0.000000   70.000000   6   5  38093   0
 161   50038094    0.000000   76.000000   6   5  38094   0
 162   50038095    0.000000   90.000000   6   5  38095   0
 163   50038096    0.000000   95.000000   6   5  38096   0
 164   50038097    0.000000  120.000000   6   5  38097   0
 165   50038098    0.000000  120.000000   6   5  38098   0
 166   50038099    0.000000  150.000000   6   5  38099   0
 167   50039082    0.000000  160.000000   6   5  39082   0
 168   50039083    0.000000  140.000000   6   5  39083   0
 169   51039083    0.000000  140.000000   6   5  39083   1
 170   50039084    0.000000  130.000000   6   5  39084   0
 171   51039084    0.000000  130.000000   6   5  39084   1
 172   50039085    0.000000  120.000000   6   5  39085   0
 173   51039085    0.000000  120.000000   6   5  39085   1
 174   50039086    0.000000  100.000000   6   5  39086   0
 175   51039086    0.000000  100.000000   6   5  39086   1
 176   50039087    0.000000   85.000000   6   5  39087   0
 177   51039087    0.000000   85.000000   6   5  39087   1
 178   50039088    0.000000   74.000000   6   5  39088   0
 179   50039089    0.000000   64.000000   6   5  39089   0
 180   51039089    0.000000   64.000000   6   5  39089   1
 181   50039090    0.000000   54.000000   6   5  39090   0
 182   51039090    0.000000   54.000000   6   5  39090   1
 183   50039091    0.000000   46.000000   6   5  39091   0
 184   51039091    0.000000   46.000000   6   5  39091   1
 185   50039092    0.000000   38.000000   6   5  39092   0
 186   50039093    0.000000   46.000000   6   5  39093   0
 187   51039093    0.000000   48.000000   6   5  39093   1
 188   50039094    0.000000   52.000000   6   5  39094   0
 189   50039095    0.000000   62.000000   6   5  39095   0
 190   50039096    0.000000   70.000000   6   5  39096   0
 191   50039097    0.000000   80.000000   6   5  39097   0
 192   51039097    0.000000   80.000000   6   5  39097   1
 193   50039098    0.000000   95.000000   6   5  39098   0
 194   51039098    0.000000   95.000000   6   5  39098   1
 195   50039099    0.000000  100.000000   6   5  39099   0
 196   50039100    0.000000  120.000000   6   5  39100   0
 197   51039100    0.000000  120.000000   6   5  39100   1
 198   50040083    0.000000  170.000000   6   5  40083   0
 199   50040084    0.000000  150.000000   6   5  40084   0
 200   50040085    0.000000  140.000000   6   5  40085   0
 201   50040086    0.000000  120.000000   6   5  40086   0
 202   50040087    0.000000  110.000000   6   5  40087   0
 203   51040087    0.000000  110.000000   6   5  40087   1
 204   50040088    0.000000   90.000000   6   5  40088   0
 205   50040089    0.000000   78.000000   6   5  40089   0
 206   51040089    0.000000   80.000000   6   5  40089   1
 207   50040090    0.000000   66.000000   6   5  40090   0
 208   51040090    0.000000   68.000000   6   5  40090   1
 209   50040091    0.000000   56.000000   6   5  40091   0
 210   50040092    0.000000   48.000000   6   5  40092   0
 211   50040093    0.000000   40.000000   6   5  40093   0
 212   50040094    0.000000   38.000000   6   5  40094   0
 213   50040095    0.000000   36.000000   6   5  40095   0
 214   50040096    0.000000   46.000000   6   5  40096   0
 215   50040097    0.000000   52.000000   6   5  40097   0
 216   50040098    0.000000   62.000000   6   5  40098   0
 217   50040099    0.000000   72.000000   6   5  40099   0
 218   50040100    0.000000   80.000000   6   5  40100   0
 219   50040101    0.000000   95.000000   6   5  40101   0
 220   50041084    0.000000  170.000000   6   5  41084   0
 221   50041085    0.000000  160.000000   6   5  41085   0
 222   50041086    0.000000  140.000000   6   5  41086   0
 223   51041086    0.000000  150.000000   6   5  41086   1
 224   50041087    0.000000  130.000000   6   5  41087   0
 225   51041087    0.000000  130.000000   6   5  41087   1
 226   50041088    0.000000  120.000000   6   5  41088   0
 227   51041088    0.000000  120.000000   6   5  41088   1
 228   50041089    0.000000   95.000000   6   5  41089   0
 229   51041089    0.000000   95.000000   6   5  41089   1
 230   50041090    0.000000   85.000000   6   5  41090   0
 231   51041090    0.000000   85.000000   6   5  41090   1
 232   50041091    0.000000   68.000000   6   5  41091   0
 233   51041091    0.000000   68.000000   6   5  41091   1
 234   50041092    0.000000   58.000000   6   5  41092   0
 235   51041092    0.000000   58.000000   6   5  41092   1
 236   50041093    0.000000   48.000000   6   5  41093   0
 237   51041093    0.000000   48.000000   6   5  41093   1
 238   50041094    0.000000   40.000000   6   5  41094   0
 239   51041094    0.000000   40.000000   6   5  41094   1
 240   50041095    0.000000   29.000000   6   5  41095   0
 241   51041095    0.000000   29.000000   6   5  41095   1
 242   50041096    0.000000   21.000000   6   5  41096   0
 243   50041097    0.000000   34.000000   6   5  41097   0
 244   51041097    0.000000   34.000000   6   5  41097   1
 245   50041098    0.000000   36.000000   6   5  41098   0
 246   51041098    0.000000   36.000000   6   5  41098   1
 247   50041099    0.000000   50.000000   6   5  41099   0
 248   51041099    0.000000   50.000000   6   5  41099   1
 249   50041100    0.000000   52.000000   6   5  41100   0
 250   51041100    0.000000   52.000000   6   5  41100   1
 251   50041101    0.000000   66.000000   6   5  41101   0
 252   50041102    0.000000   72.000000   6   5  41102   0
 253   51041102    0.000000   72.000000   6   5  41102   1
 254   50042085    0.000000  190.000000   6   5  42085   0
 255   50042086    0.000000  170.000000   6   5  42086   0
 256   50042087    0.000000  160.000000   6   5  42087   0
 257   50042088    0.000000  130.000000   6   5  42088   0
 258   50042089    0.000000  120.000000   6   5  42089   0
 259   51042089    0.000000  120.000000   6   5  42089   1
 260   50042090    0.000000  100.000000   6   5  42090   0
 261   50042091    0.000000   90.000000   6   5  42091   0
 262   51042091    0.000000   90.000000   6   5  42091   1
 263   50042092    0.000000   74.000000   6   5  42092   0
 264   50042093    0.000000   66.000000   6   5  42093   0
 265   51042093    0.000000   68.000000   6   5  42093   1
 266   50042094    0.000000   54.000000   6   5  42094   0
 267   50042095    0.000000   46.000000   6   5  42095   0
 268   50042096    0.000000   36.000000   6   5  42096   0
 269   50042097    0.000000   29.000000   6   5  42097   0
 270   50042098    0.000000   26.000000   6   5  42098   0
 271   50042099    0.000000   22.000000   6   5  42099   0
 272   50042100    0.000000   34.000000   6   5  42100   0
 273   50042101    0.000000   36.000000   6   5  42101   0
 274   50042102    0.000000   50.000000   6   5  42102   0
 275   50042103    0.000000   54.000000   6   5  42103   0
 276   50043087    0.000000  180.000000   6   5  43087   0
 277   50043088    0.000000  160.000000   6   5  43088   0
 278   51043088    0.000000  160.000000   6   5  43088   1
 279   50043089    0.000000  150.000000   6   5  43089   0
 280   51043089    0.000000  150.000000   6   5  43089   1
 281   50043090    0.000000  130.000000   6   5  43090   0
 282   51043090    0.000000  130.000000   6   5  43090   1
 283   52043090    0.000000  130.000000   6   5  43090   2
 284   50043091    0.000000  110.000000   6   5  43091   0
 285   51043091    0.000000  110.000000   6   5  43091   1
 286   50043092    0.000000   95.000000   6   5  43092   0
 287   50043093    0.000000   80.000000   6   5  43093   0
 288   51043093    0.000000   80.000000   6   5  43093   1
 289   50043094    0.000000   68.000000   6   5  43094   0
 290   51043094    0.000000   68.000000   6   5  43094   1
 291   50043095    0.000000   56.000000   6   5  43095   0
 292   51043095    0.000000   56.000000   6   5  43095   1
 293   50043096    0.000000   46.000000   6   5  43096   0
 294   51043096    0.000000   46.000000   6   5  43096   1
 295   50043097    0.000000   36.000000   6   5  43097   0
 296   51043097    0.000000   36.000000   6   5  43097   1
 297   50043098    0.000000   28.000000   6   5  43098   0
 298   50043099    0.000000   19.000000   6   5  43099   0
 299   51043099    0.000000   19.000000   6   5  43099   1
 300   50043100    0.000000   12.000000   6   5  43100   0
 301   50043101    0.000000   24.000000   6   5  43101   0
 302   50043102    0.000000   25.000000   6   5  43102   0
 303   51043102    0.000000   25.000000   6   5  43102   1
 304   50043103    0.000000   38.000000   6   5  43103   0
 305   50043104    0.000000   40.000000   6   5  43104   0
 306   50044089    0.000000  170.000000   6   5  44089   0
 307   50044090    0.000000  150.000000   6   5  44090   0
 308   50044091    0.000000  140.000000   6   5  44091   0
 309   50044092    0.000000  120.000000   6   5  44092   0
 310   50044093    0.000000  110.000000   6   5  44093   0
 311   51044093    0.000000  110.000000   6   5  44093   1
 312   50044094    0.000000   90.000000   6   5  44094   0
 313   50044095    0.000000   78.000000   6   5  44095   0
 314   50044096    0.000000   66.000000   6   5  44096   0
 315   50044097    0.000000   56.000000   6   5  44097   0
 316   50044098    0.000000   46.000000   6   5  44098   0
 317   50044099    0.000000   38.000000   6   5  44099   0
 318   50044100    0.000000   27.000000   6   5  44100   0
 319   50044101    0.000000   20.000000   6   5  44101   0
 320   50044102    0.000000   17.000000   6   5  44102   0
 321   50044103    0.000000   12.500000   6   5  44103   0
 322   50044104    0.000000   24.000000   6   5  44104   0
 323   50044105    0.000000   26.000000   6   5  44105   0
 324   50045090    0.000000  180.000000   6   5  45090   0
 325   50045091    0.000000  170.000000   6   5  45091   0
 326   51045091    0.000000  170.000000   6   5  45091   1
 327   50045092    0.000000  150.000000   6   5  45092   0
 328   51045092    0.000000  150.000000   6   5  45092   1
 329   50045093    0.000000  140.000000   6   5  45093   0
 330   50045094    0.000000  110.000000   6   5  45094   0
 331   51045094    0.000000  110.000000   6   5  45094   1
 332   50045095    0.000000   95.000000   6   5  45095   0
 333   51045095    0.000000   95.000000   6   5  45095   1
 334   50045096    0.000000   85.000000   6   5  45096   0
 335   51045096    0.000000   85.000000   6   5  45096   1
 336   50045097    0.000000   68.000000   6   5  45097   0
 337   51045097    0.000000   70.000000   6   5  45097   1
 338   50045098    0.000000   60.000000   6   5  45098   0
 339   51045098    0.000000   60.000000   6   5  45098   1
 340   50045099    0.000000   48.000000   6   5  45099   0
 341   51045099    0.000000   48.000000   6   5  45099   1
 342   50045100    0.000000   40.000000   6   5  45100   0
 343   51045100    0.000000   40.000000   6   5  45100   1
 344   50045101    0.000000   29.000000   6   5  45101   0
 345   51045101    0.000000   29.000000   6   5  45101   1
 346   50045102    0.000000   21.000000   6   5  45102   0
 347   51045102    0.000000   21.000000   6   5  45102   1
 348   50045103    0.000000   11.500000   6   5  45103   0
 349   51045103    0.000000   11.500000   6   5  45103   1
 350   50045104    0.000000    4.500000   6   5  45104   0
 351   51045104    0.000000    4.500000   6   5  45104   1
 352   50045105    0.000000   16.000000   6   5  45105   0
 353   51045105    0.000000   16.000000   6   5  45105   1
 354   50045106    0.000000   17.000000   6   5  45106   0
 355   51045106    0.000000   17.000000   6   5  45106   1
 356   50046092    0.000000  180.000000   6   5  46092   0
 357   50046093    0.000000  160.000000   6   5  46093   0
 358   50046094    0.000000  140.000000   6   5  46094   0
 359   50046095    0.000000  130.000000   6   5  46095   0
 360   51046095    0.000000  130.000000   6   5  46095   1
 361   50046096    0.000000  110.000000   6   5  46096   0
 362   50046097    0.000000   95.000000   6   5  46097   0
 363   50046098    0.000000   85.000000   6   5  46098   0
 364   50046099    0.000000   72.000000   6   5  46099   0
 365   50046100    0.000000   60.000000   6   5  46100   0
 366   50046101    0.000000   52.000000   6   5  46101   0
 367   50046102    0.000000   40.000000   6   5  46102   0
 368   50046103    0.000000   32.000000   6   5  46103   0
 369   50046104    0.000000   22.000000   6   5  46104   0
 370   50046105    0.000000   14.500000   6   5  46105   0
 371   50046106    0.000000   11.500000   6   5  46106   0
 372   50046107    0.000000    7.000000   6   5  46107   0
 373   51046107    0.000000    7.000000   6   5  46107   1
 374   50047096    0.000000  140.000000   6   5  47096   0
 375   51047096    0.000000  140.000000   6   5  47096   1
 376   50047097    0.000000  120.000000   6   5  47097   0
 377   50047098    0.000000  110.000000   6   5  47098   0
 378   50047099    0.000000   90.000000   6   5  47099   0
 379   51047099    0.000000   90.000000   6   5  47099   1
 380   50047100    0.000000   78.000000   6   5  47100   0
 381   51047100    0.000000   78.000000   6   5  47100   1
 382   50047101    0.000000   66.000000   6   5  47101   0
 383   51047101    0.000000   66.000000   6   5  47101   1
 384   50047102    0.000000   56.000000   6   5  47102   0
 385   51047102    0.000000   56.000000   6   5  47102   1
 386   50047103    0.000000   46.000000   6   5  47103   0
 387   51047103    0.000000   46.000000   6   5  47103   1
 388   50047104    0.000000   36.000000   6   5  47104   0
 389   51047104    0.000000   36.000000   6   5  47104   1
 390   50047105    0.000000   26.000000   6   5  47105   0
 391   51047105    0.000000   26.000000   6   5  47105   1
 392   50047106    0.000000   17.000000   6   5  47106   0
 393   51047106    0.000000   17.500000   6   5  47106   1
 394   50047107    0.000000    7.500000   6   5  47107   0
 395   51047107    0.000000    7.500000   6   5  47107   1
 396   50047108    0.000000    1.000000   6   5  47108   0
 397   51047108    0.000000    1.000000   6   5  47108   1
 
   p   ZAP IP   NR    Tp [MeV]
   1     1  1    1    7.271410
   2     0  2    1    1.000000
   3  1001  9    1    6.523095
   4  1002 31    1   10.834960
   5  1003 32    1   14.500000
   6  2003 33    1   16.000000
   7  2004 34    1    4.000000
--------------------------------------------------------------------------------
 
