 
--------------------------------------------------------------------------------
 48-Cd-106   T= 0.00 K from IAEA/PD-2019       (ACEMAKER)
 ZAID= 48106.38u  MAT=4825  ZA= 48106
 AWR= 104.996700  STA=  0  ELIS=   0.000 MeV  LIS=  0  LISO=  0
--------------------------------------------------------------------------------
 NTOTR= 384 NTRAN=   1 NPROD= 383 NE=     136 EMAX= 200.000 MeV
   i     MT/MTD     Q [MeV]     T [MeV] LMF  MT    ZAP LFS
   1          5    0.000000    1.000000   3   5
   2   50028068    0.000000  170.000000   6   5  28068   0
   3   50028069    0.000000  190.000000   6   5  28069   0
   4   50028070    0.000000  190.000000   6   5  28070   0
   5   50029069    0.000000  160.000000   6   5  29069   0
   6   50029070    0.000000  170.000000   6   5  29070   0
   7   51029070    0.000000  170.000000   6   5  29070   1
   8   50029071    0.000000  170.000000   6   5  29071   0
   9   50029072    0.000000  190.000000   6   5  29072   0
  10   50029073    0.000000  190.000000   6   5  29073   0
  11   50030070    0.000000  140.000000   6   5  30070   0
  12   50030071    0.000000  150.000000   6   5  30071   0
  13   51030071    0.000000  150.000000   6   5  30071   1
  14   50030072    0.000000  150.000000   6   5  30072   0
  15   50030073    0.000000  160.000000   6   5  30073   0
  16   50030074    0.000000  160.000000   6   5  30074   0
  17   50030075    0.000000  190.000000   6   5  30075   0
  18   50030076    0.000000  190.000000   6   5  30076   0
  19   50031071    0.000000  140.000000   6   5  31071   0
  20   50031072    0.000000  140.000000   6   5  31072   0
  21   50031073    0.000000  140.000000   6   5  31073   0
  22   50031074    0.000000  140.000000   6   5  31074   0
  23   50031075    0.000000  140.000000   6   5  31075   0
  24   50031076    0.000000  160.000000   6   5  31076   0
  25   50031077    0.000000  160.000000   6   5  31077   0
  26   50031078    0.000000  190.000000   6   5  31078   0
  27   50031079    0.000000  190.000000   6   5  31079   0
  28   50032072    0.000000  130.000000   6   5  32072   0
  29   50032073    0.000000  120.000000   6   5  32073   0
  30   51032073    0.000000  120.000000   6   5  32073   1
  31   50032074    0.000000  120.000000   6   5  32074   0
  32   50032075    0.000000  130.000000   6   5  32075   0
  33   51032075    0.000000  130.000000   6   5  32075   1
  34   50032076    0.000000  130.000000   6   5  32076   0
  35   50032077    0.000000  140.000000   6   5  32077   0
  36   51032077    0.000000  140.000000   6   5  32077   1
  37   50032078    0.000000  140.000000   6   5  32078   0
  38   50032079    0.000000  160.000000   6   5  32079   0
  39   51032079    0.000000  160.000000   6   5  32079   1
  40   50032080    0.000000  160.000000   6   5  32080   0
  41   50032081    0.000000  190.000000   6   5  32081   0
  42   51032081    0.000000  190.000000   6   5  32081   1
  43   50032082    0.000000  190.000000   6   5  32082   0
  44   50033073    0.000000  130.000000   6   5  33073   0
  45   50033074    0.000000  120.000000   6   5  33074   0
  46   50033075    0.000000  120.000000   6   5  33075   0
  47   50033076    0.000000  120.000000   6   5  33076   0
  48   50033077    0.000000  120.000000   6   5  33077   0
  49   50033078    0.000000  120.000000   6   5  33078   0
  50   50033079    0.000000  120.000000   6   5  33079   0
  51   50033080    0.000000  140.000000   6   5  33080   0
  52   50033081    0.000000  140.000000   6   5  33081   0
  53   50033082    0.000000  160.000000   6   5  33082   0
  54   51033082    0.000000  160.000000   6   5  33082   1
  55   50033083    0.000000  160.000000   6   5  33083   0
  56   50033084    0.000000  190.000000   6   5  33084   0
  57   50034074    0.000000  130.000000   6   5  34074   0
  58   50034075    0.000000  120.000000   6   5  34075   0
  59   50034076    0.000000  110.000000   6   5  34076   0
  60   50034077    0.000000  100.000000   6   5  34077   0
  61   51034077    0.000000  100.000000   6   5  34077   1
  62   50034078    0.000000  100.000000   6   5  34078   0
  63   50034079    0.000000  110.000000   6   5  34079   0
  64   51034079    0.000000  110.000000   6   5  34079   1
  65   50034080    0.000000  110.000000   6   5  34080   0
  66   50034081    0.000000  120.000000   6   5  34081   0
  67   51034081    0.000000  120.000000   6   5  34081   1
  68   50034082    0.000000  120.000000   6   5  34082   0
  69   50034083    0.000000  140.000000   6   5  34083   0
  70   51034083    0.000000  140.000000   6   5  34083   1
  71   50034084    0.000000  140.000000   6   5  34084   0
  72   50034085    0.000000  160.000000   6   5  34085   0
  73   50034086    0.000000  170.000000   6   5  34086   0
  74   50035075    0.000000  130.000000   6   5  35075   0
  75   50035076    0.000000  120.000000   6   5  35076   0
  76   51035076    0.000000  120.000000   6   5  35076   1
  77   50035077    0.000000  110.000000   6   5  35077   0
  78   51035077    0.000000  110.000000   6   5  35077   1
  79   50035078    0.000000  100.000000   6   5  35078   0
  80   50035079    0.000000  100.000000   6   5  35079   0
  81   51035079    0.000000  100.000000   6   5  35079   1
  82   50035080    0.000000   95.000000   6   5  35080   0
  83   51035080    0.000000   95.000000   6   5  35080   1
  84   50035081    0.000000   95.000000   6   5  35081   0
  85   50035082    0.000000   95.000000   6   5  35082   0
  86   51035082    0.000000   95.000000   6   5  35082   1
  87   50035083    0.000000  100.000000   6   5  35083   0
  88   50035084    0.000000  120.000000   6   5  35084   0
  89   51035084    0.000000  120.000000   6   5  35084   1
  90   50035085    0.000000  120.000000   6   5  35085   0
  91   50035086    0.000000  140.000000   6   5  35086   0
  92   50035087    0.000000  140.000000   6   5  35087   0
  93   50035088    0.000000  170.000000   6   5  35088   0
  94   50035089    0.000000  170.000000   6   5  35089   0
  95   50036076    0.000000  150.000000   6   5  36076   0
  96   50036077    0.000000  130.000000   6   5  36077   0
  97   50036078    0.000000  120.000000   6   5  36078   0
  98   50036079    0.000000  110.000000   6   5  36079   0
  99   51036079    0.000000  110.000000   6   5  36079   1
 100   50036080    0.000000   90.000000   6   5  36080   0
 101   50036081    0.000000   80.000000   6   5  36081   0
 102   51036081    0.000000   80.000000   6   5  36081   1
 103   50036082    0.000000   76.000000   6   5  36082   0
 104   50036083    0.000000   76.000000   6   5  36083   0
 105   51036083    0.000000   78.000000   6   5  36083   1
 106   50036084    0.000000   85.000000   6   5  36084   0
 107   50036085    0.000000   90.000000   6   5  36085   0
 108   51036085    0.000000   90.000000   6   5  36085   1
 109   50036086    0.000000   95.000000   6   5  36086   0
 110   50036087    0.000000  120.000000   6   5  36087   0
 111   50036088    0.000000  120.000000   6   5  36088   0
 112   50036089    0.000000  140.000000   6   5  36089   0
 113   50036090    0.000000  140.000000   6   5  36090   0
 114   50036091    0.000000  170.000000   6   5  36091   0
 115   50036092    0.000000  170.000000   6   5  36092   0
 116   50037077    0.000000  150.000000   6   5  37077   0
 117   50037078    0.000000  130.000000   6   5  37078   0
 118   51037078    0.000000  130.000000   6   5  37078   1
 119   50037079    0.000000  120.000000   6   5  37079   0
 120   50037080    0.000000  110.000000   6   5  37080   0
 121   50037081    0.000000   90.000000   6   5  37081   0
 122   51037081    0.000000   90.000000   6   5  37081   1
 123   50037082    0.000000   80.000000   6   5  37082   0
 124   51037082    0.000000   80.000000   6   5  37082   1
 125   50037083    0.000000   76.000000   6   5  37083   0
 126   50037084    0.000000   74.000000   6   5  37084   0
 127   51037084    0.000000   74.000000   6   5  37084   1
 128   50037085    0.000000   68.000000   6   5  37085   0
 129   50037086    0.000000   74.000000   6   5  37086   0
 130   51037086    0.000000   74.000000   6   5  37086   1
 131   50037087    0.000000   80.000000   6   5  37087   0
 132   50037088    0.000000   85.000000   6   5  37088   0
 133   50037089    0.000000   95.000000   6   5  37089   0
 134   50037090    0.000000  120.000000   6   5  37090   0
 135   51037090    0.000000  120.000000   6   5  37090   1
 136   50037091    0.000000  120.000000   6   5  37091   0
 137   50037092    0.000000  140.000000   6   5  37092   0
 138   50037093    0.000000  150.000000   6   5  37093   0
 139   50037094    0.000000  170.000000   6   5  37094   0
 140   50038078    0.000000  160.000000   6   5  38078   0
 141   50038079    0.000000  150.000000   6   5  38079   0
 142   50038080    0.000000  130.000000   6   5  38080   0
 143   50038081    0.000000  110.000000   6   5  38081   0
 144   50038082    0.000000  100.000000   6   5  38082   0
 145   50038083    0.000000   85.000000   6   5  38083   0
 146   51038083    0.000000   85.000000   6   5  38083   1
 147   50038084    0.000000   72.000000   6   5  38084   0
 148   50038085    0.000000   62.000000   6   5  38085   0
 149   51038085    0.000000   62.000000   6   5  38085   1
 150   50038086    0.000000   54.000000   6   5  38086   0
 151   50038087    0.000000   58.000000   6   5  38087   0
 152   51038087    0.000000   58.000000   6   5  38087   1
 153   50038088    0.000000   64.000000   6   5  38088   0
 154   50038089    0.000000   68.000000   6   5  38089   0
 155   50038090    0.000000   80.000000   6   5  38090   0
 156   50038091    0.000000   85.000000   6   5  38091   0
 157   50038092    0.000000   95.000000   6   5  38092   0
 158   50038093    0.000000  120.000000   6   5  38093   0
 159   50038094    0.000000  120.000000   6   5  38094   0
 160   50038095    0.000000  150.000000   6   5  38095   0
 161   50039079    0.000000  160.000000   6   5  39079   0
 162   50039080    0.000000  150.000000   6   5  39080   0
 163   51039080    0.000000  150.000000   6   5  39080   1
 164   50039081    0.000000  130.000000   6   5  39081   0
 165   50039082    0.000000  120.000000   6   5  39082   0
 166   50039083    0.000000  100.000000   6   5  39083   0
 167   51039083    0.000000  100.000000   6   5  39083   1
 168   50039084    0.000000   90.000000   6   5  39084   0
 169   51039084    0.000000   90.000000   6   5  39084   1
 170   50039085    0.000000   80.000000   6   5  39085   0
 171   51039085    0.000000   78.000000   6   5  39085   1
 172   50039086    0.000000   68.000000   6   5  39086   0
 173   51039086    0.000000   68.000000   6   5  39086   1
 174   50039087    0.000000   58.000000   6   5  39087   0
 175   51039087    0.000000   58.000000   6   5  39087   1
 176   50039088    0.000000   54.000000   6   5  39088   0
 177   50039089    0.000000   50.000000   6   5  39089   0
 178   51039089    0.000000   50.000000   6   5  39089   1
 179   50039090    0.000000   56.000000   6   5  39090   0
 180   51039090    0.000000   56.000000   6   5  39090   1
 181   50039091    0.000000   64.000000   6   5  39091   0
 182   51039091    0.000000   64.000000   6   5  39091   1
 183   50039092    0.000000   70.000000   6   5  39092   0
 184   50039093    0.000000   80.000000   6   5  39093   0
 185   51039093    0.000000   80.000000   6   5  39093   1
 186   50039094    0.000000   90.000000   6   5  39094   0
 187   50039095    0.000000  100.000000   6   5  39095   0
 188   50039096    0.000000  120.000000   6   5  39096   0
 189   50040080    0.000000  180.000000   6   5  40080   0
 190   50040081    0.000000  160.000000   6   5  40081   0
 191   50040082    0.000000  150.000000   6   5  40082   0
 192   50040083    0.000000  130.000000   6   5  40083   0
 193   50040084    0.000000  110.000000   6   5  40084   0
 194   50040085    0.000000   95.000000   6   5  40085   0
 195   50040086    0.000000   85.000000   6   5  40086   0
 196   50040087    0.000000   68.000000   6   5  40087   0
 197   51040087    0.000000   68.000000   6   5  40087   1
 198   50040088    0.000000   54.000000   6   5  40088   0
 199   50040089    0.000000   44.000000   6   5  40089   0
 200   51040089    0.000000   44.000000   6   5  40089   1
 201   50040090    0.000000   36.000000   6   5  40090   0
 202   51040090    0.000000   36.000000   6   5  40090   1
 203   50040091    0.000000   42.000000   6   5  40091   0
 204   50040092    0.000000   48.000000   6   5  40092   0
 205   50040093    0.000000   56.000000   6   5  40093   0
 206   50040094    0.000000   64.000000   6   5  40094   0
 207   50040095    0.000000   70.000000   6   5  40095   0
 208   50040096    0.000000   80.000000   6   5  40096   0
 209   50040097    0.000000   90.000000   6   5  40097   0
 210   50040098    0.000000  130.000000   6   5  40098   0
 211   50041081    0.000000  180.000000   6   5  41081   0
 212   50041082    0.000000  170.000000   6   5  41082   0
 213   50041083    0.000000  150.000000   6   5  41083   0
 214   50041084    0.000000  130.000000   6   5  41084   0
 215   50041085    0.000000  120.000000   6   5  41085   0
 216   50041086    0.000000  110.000000   6   5  41086   0
 217   51041086    0.000000  110.000000   6   5  41086   1
 218   50041087    0.000000   90.000000   6   5  41087   0
 219   51041087    0.000000   90.000000   6   5  41087   1
 220   50041088    0.000000   78.000000   6   5  41088   0
 221   51041088    0.000000   78.000000   6   5  41088   1
 222   50041089    0.000000   64.000000   6   5  41089   0
 223   51041089    0.000000   64.000000   6   5  41089   1
 224   50041090    0.000000   52.000000   6   5  41090   0
 225   51041090    0.000000   54.000000   6   5  41090   1
 226   50041091    0.000000   40.000000   6   5  41091   0
 227   51041091    0.000000   40.000000   6   5  41091   1
 228   50041092    0.000000   38.000000   6   5  41092   0
 229   51041092    0.000000   38.000000   6   5  41092   1
 230   50041093    0.000000   32.000000   6   5  41093   0
 231   51041093    0.000000   32.000000   6   5  41093   1
 232   50041094    0.000000   44.000000   6   5  41094   0
 233   51041094    0.000000   44.000000   6   5  41094   1
 234   50041095    0.000000   46.000000   6   5  41095   0
 235   51041095    0.000000   46.000000   6   5  41095   1
 236   50041096    0.000000   58.000000   6   5  41096   0
 237   50041097    0.000000   64.000000   6   5  41097   0
 238   51041097    0.000000   64.000000   6   5  41097   1
 239   50041098    0.000000   74.000000   6   5  41098   0
 240   51041098    0.000000   74.000000   6   5  41098   1
 241   50041099    0.000000   90.000000   6   5  41099   0
 242   51041099    0.000000   90.000000   6   5  41099   1
 243   50042083    0.000000  180.000000   6   5  42083   0
 244   50042084    0.000000  170.000000   6   5  42084   0
 245   50042085    0.000000  150.000000   6   5  42085   0
 246   50042086    0.000000  130.000000   6   5  42086   0
 247   50042087    0.000000  110.000000   6   5  42087   0
 248   50042088    0.000000   95.000000   6   5  42088   0
 249   50042089    0.000000   80.000000   6   5  42089   0
 250   51042089    0.000000   80.000000   6   5  42089   1
 251   50042090    0.000000   64.000000   6   5  42090   0
 252   50042091    0.000000   52.000000   6   5  42091   0
 253   51042091    0.000000   52.000000   6   5  42091   1
 254   50042092    0.000000   40.000000   6   5  42092   0
 255   50042093    0.000000   30.000000   6   5  42093   0
 256   51042093    0.000000   30.000000   6   5  42093   1
 257   50042094    0.000000   18.500000   6   5  42094   0
 258   50042095    0.000000   30.000000   6   5  42095   0
 259   50042096    0.000000   32.000000   6   5  42096   0
 260   50042097    0.000000   42.000000   6   5  42097   0
 261   50042098    0.000000   46.000000   6   5  42098   0
 262   50042099    0.000000   58.000000   6   5  42099   0
 263   50042100    0.000000   64.000000   6   5  42100   0
 264   50043085    0.000000  170.000000   6   5  43085   0
 265   50043086    0.000000  150.000000   6   5  43086   0
 266   50043087    0.000000  140.000000   6   5  43087   0
 267   50043088    0.000000  120.000000   6   5  43088   0
 268   51043088    0.000000  120.000000   6   5  43088   1
 269   50043089    0.000000  110.000000   6   5  43089   0
 270   51043089    0.000000  110.000000   6   5  43089   1
 271   50043090    0.000000   90.000000   6   5  43090   0
 272   51043090    0.000000   90.000000   6   5  43090   1
 273   52043090    0.000000   95.000000   6   5  43090   2
 274   50043091    0.000000   76.000000   6   5  43091   0
 275   51043091    0.000000   76.000000   6   5  43091   1
 276   50043092    0.000000   64.000000   6   5  43092   0
 277   50043093    0.000000   50.000000   6   5  43093   0
 278   51043093    0.000000   50.000000   6   5  43093   1
 279   50043094    0.000000   40.000000   6   5  43094   0
 280   51043094    0.000000   40.000000   6   5  43094   1
 281   50043095    0.000000   30.000000   6   5  43095   0
 282   51043095    0.000000   30.000000   6   5  43095   1
 283   50043096    0.000000   28.000000   6   5  43096   0
 284   51043096    0.000000   28.000000   6   5  43096   1
 285   50043097    0.000000   20.000000   6   5  43097   0
 286   51043097    0.000000   20.000000   6   5  43097   1
 287   50043098    0.000000   32.000000   6   5  43098   0
 288   50043099    0.000000   32.000000   6   5  43099   0
 289   51043099    0.000000   32.000000   6   5  43099   1
 290   50043100    0.000000   46.000000   6   5  43100   0
 291   50043101    0.000000   46.000000   6   5  43101   0
 292   50044087    0.000000  170.000000   6   5  44087   0
 293   50044088    0.000000  150.000000   6   5  44088   0
 294   50044089    0.000000  130.000000   6   5  44089   0
 295   50044090    0.000000  110.000000   6   5  44090   0
 296   50044091    0.000000   95.000000   6   5  44091   0
 297   50044092    0.000000   76.000000   6   5  44092   0
 298   50044093    0.000000   64.000000   6   5  44093   0
 299   51044093    0.000000   64.000000   6   5  44093   1
 300   50044094    0.000000   52.000000   6   5  44094   0
 301   50044095    0.000000   40.000000   6   5  44095   0
 302   50044096    0.000000   28.000000   6   5  44096   0
 303   50044097    0.000000   19.000000   6   5  44097   0
 304   50044098    0.000000    8.500000   6   5  44098   0
 305   50044099    0.000000   22.000000   6   5  44099   0
 306   50044100    0.000000   19.500000   6   5  44100   0
 307   50044101    0.000000   34.000000   6   5  44101   0
 308   50044102    0.000000   32.000000   6   5  44102   0
 309   50045089    0.000000  160.000000   6   5  45089   0
 310   50045090    0.000000  140.000000   6   5  45090   0
 311   50045091    0.000000  130.000000   6   5  45091   0
 312   51045091    0.000000  130.000000   6   5  45091   1
 313   50045092    0.000000  110.000000   6   5  45092   0
 314   51045092    0.000000  110.000000   6   5  45092   1
 315   50045093    0.000000   95.000000   6   5  45093   0
 316   50045094    0.000000   80.000000   6   5  45094   0
 317   51045094    0.000000   80.000000   6   5  45094   1
 318   50045095    0.000000   64.000000   6   5  45095   0
 319   51045095    0.000000   66.000000   6   5  45095   1
 320   50045096    0.000000   54.000000   6   5  45096   0
 321   51045096    0.000000   54.000000   6   5  45096   1
 322   50045097    0.000000   42.000000   6   5  45097   0
 323   51045097    0.000000   42.000000   6   5  45097   1
 324   50045098    0.000000   34.000000   6   5  45098   0
 325   51045098    0.000000   34.000000   6   5  45098   1
 326   50045099    0.000000   22.000000   6   5  45099   0
 327   51045099    0.000000   22.000000   6   5  45099   1
 328   50045100    0.000000   20.000000   6   5  45100   0
 329   51045100    0.000000   20.000000   6   5  45100   1
 330   50045101    0.000000   12.000000   6   5  45101   0
 331   51045101    0.000000   12.000000   6   5  45101   1
 332   50045102    0.000000   25.000000   6   5  45102   0
 333   51045102    0.000000   25.000000   6   5  45102   1
 334   50045103    0.000000   23.000000   6   5  45103   0
 335   51045103    0.000000   23.000000   6   5  45103   1
 336   50046091    0.000000  150.000000   6   5  46091   0
 337   50046092    0.000000  130.000000   6   5  46092   0
 338   50046093    0.000000  120.000000   6   5  46093   0
 339   50046094    0.000000   95.000000   6   5  46094   0
 340   50046095    0.000000   85.000000   6   5  46095   0
 341   51046095    0.000000   85.000000   6   5  46095   1
 342   50046096    0.000000   66.000000   6   5  46096   0
 343   50046097    0.000000   56.000000   6   5  46097   0
 344   50046098    0.000000   44.000000   6   5  46098   0
 345   50046099    0.000000   34.000000   6   5  46099   0
 346   50046100    0.000000   22.000000   6   5  46100   0
 347   50046101    0.000000   13.500000   6   5  46101   0
 348   50046102    0.000000    3.000000   6   5  46102   0
 349   50046103    0.000000   15.500000   6   5  46103   0
 350   50046104    0.000000   13.000000   6   5  46104   0
 351   50047093    0.000000  150.000000   6   5  47093   0
 352   50047094    0.000000  140.000000   6   5  47094   0
 353   51047094    0.000000  140.000000   6   5  47094   1
 354   50047095    0.000000  120.000000   6   5  47095   0
 355   50047096    0.000000  100.000000   6   5  47096   0
 356   51047096    0.000000  100.000000   6   5  47096   1
 357   50047097    0.000000   85.000000   6   5  47097   0
 358   50047098    0.000000   74.000000   6   5  47098   0
 359   50047099    0.000000   60.000000   6   5  47099   0
 360   51047099    0.000000   60.000000   6   5  47099   1
 361   50047100    0.000000   50.000000   6   5  47100   0
 362   51047100    0.000000   50.000000   6   5  47100   1
 363   50047101    0.000000   38.000000   6   5  47101   0
 364   51047101    0.000000   38.000000   6   5  47101   1
 365   50047102    0.000000   29.000000   6   5  47102   0
 366   51047102    0.000000   29.000000   6   5  47102   1
 367   50047103    0.000000   18.000000   6   5  47103   0
 368   51047103    0.000000   18.000000   6   5  47103   1
 369   50047104    0.000000   15.500000   6   5  47104   0
 370   51047104    0.000000   15.500000   6   5  47104   1
 371   50047105    0.000000    7.500000   6   5  47105   0
 372   51047105    0.000000    7.500000   6   5  47105   1
 373   50048095    0.000000  140.000000   6   5  48095   0
 374   50048096    0.000000  120.000000   6   5  48096   0
 375   50048097    0.000000  110.000000   6   5  48097   0
 376   50048098    0.000000   90.000000   6   5  48098   0
 377   50048099    0.000000   78.000000   6   5  48099   0
 378   50048100    0.000000   64.000000   6   5  48100   0
 379   50048101    0.000000   54.000000   6   5  48101   0
 380   50048102    0.000000   42.000000   6   5  48102   0
 381   50048103    0.000000   32.000000   6   5  48103   0
 382   50048104    0.000000   19.500000   6   5  48104   0
 383   50048105    0.000000   11.000000   6   5  48105   0
 384   50048106    0.000000    1.000000   6   5  48106   0
 
   p   ZAP IP   NR    Tp [MeV]
   1     1  1    1   10.869620
   2     0  2    1    1.000000
   3  1001  9    1    7.350273
   4  1002 31    1   15.151410
   5  1003 32    1   17.500000
   6  2003 33    1   15.500000
   7  2004 34    1    1.653883
--------------------------------------------------------------------------------
 
