 
--------------------------------------------------------------------------------
 48-Cd-110   T= 0.00 K from IAEA/PD-2019       (ACEMAKER)
 ZAID= 48110.38u  MAT=4837  ZA= 48110
 AWR= 108.958900  STA=  0  ELIS=   0.000 MeV  LIS=  0  LISO=  0
--------------------------------------------------------------------------------
 NTOTR= 375 NTRAN=   1 NPROD= 374 NE=     134 EMAX= 200.000 MeV
   i     MT/MTD     Q [MeV]     T [MeV] LMF  MT    ZAP LFS
   1          5    0.000000    1.000000   3   5
   2   50029073    0.000000  180.000000   6   5  29073   0
   3   50030074    0.000000  160.000000   6   5  30074   0
   4   50030075    0.000000  170.000000   6   5  30075   0
   5   50030076    0.000000  170.000000   6   5  30076   0
   6   50031075    0.000000  160.000000   6   5  31075   0
   7   50031076    0.000000  160.000000   6   5  31076   0
   8   50031077    0.000000  160.000000   6   5  31077   0
   9   50031078    0.000000  170.000000   6   5  31078   0
  10   50031079    0.000000  170.000000   6   5  31079   0
  11   50032076    0.000000  140.000000   6   5  32076   0
  12   50032077    0.000000  140.000000   6   5  32077   0
  13   51032077    0.000000  140.000000   6   5  32077   1
  14   50032078    0.000000  140.000000   6   5  32078   0
  15   50032079    0.000000  150.000000   6   5  32079   0
  16   51032079    0.000000  150.000000   6   5  32079   1
  17   50032080    0.000000  150.000000   6   5  32080   0
  18   50032081    0.000000  170.000000   6   5  32081   0
  19   51032081    0.000000  170.000000   6   5  32081   1
  20   50032082    0.000000  170.000000   6   5  32082   0
  21   50033077    0.000000  140.000000   6   5  33077   0
  22   50033078    0.000000  140.000000   6   5  33078   0
  23   50033079    0.000000  140.000000   6   5  33079   0
  24   50033080    0.000000  130.000000   6   5  33080   0
  25   50033081    0.000000  130.000000   6   5  33081   0
  26   50033082    0.000000  140.000000   6   5  33082   0
  27   51033082    0.000000  140.000000   6   5  33082   1
  28   50033083    0.000000  140.000000   6   5  33083   0
  29   50033084    0.000000  170.000000   6   5  33084   0
  30   50033085    0.000000  170.000000   6   5  33085   0
  31   50034078    0.000000  140.000000   6   5  34078   0
  32   50034079    0.000000  130.000000   6   5  34079   0
  33   51034079    0.000000  130.000000   6   5  34079   1
  34   50034080    0.000000  120.000000   6   5  34080   0
  35   50034081    0.000000  110.000000   6   5  34081   0
  36   51034081    0.000000  110.000000   6   5  34081   1
  37   50034082    0.000000  110.000000   6   5  34082   0
  38   50034083    0.000000  120.000000   6   5  34083   0
  39   51034083    0.000000  120.000000   6   5  34083   1
  40   50034084    0.000000  120.000000   6   5  34084   0
  41   50034085    0.000000  140.000000   6   5  34085   0
  42   50034086    0.000000  140.000000   6   5  34086   0
  43   50034087    0.000000  170.000000   6   5  34087   0
  44   50034088    0.000000  170.000000   6   5  34088   0
  45   50035079    0.000000  140.000000   6   5  35079   0
  46   51035079    0.000000  140.000000   6   5  35079   1
  47   50035080    0.000000  130.000000   6   5  35080   0
  48   51035080    0.000000  130.000000   6   5  35080   1
  49   50035081    0.000000  120.000000   6   5  35081   0
  50   50035082    0.000000  110.000000   6   5  35082   0
  51   51035082    0.000000  110.000000   6   5  35082   1
  52   50035083    0.000000  110.000000   6   5  35083   0
  53   50035084    0.000000  110.000000   6   5  35084   0
  54   51035084    0.000000  110.000000   6   5  35084   1
  55   50035085    0.000000  110.000000   6   5  35085   0
  56   50035086    0.000000  120.000000   6   5  35086   0
  57   50035087    0.000000  120.000000   6   5  35087   0
  58   50035088    0.000000  140.000000   6   5  35088   0
  59   50035089    0.000000  140.000000   6   5  35089   0
  60   50035090    0.000000  170.000000   6   5  35090   0
  61   50035091    0.000000  170.000000   6   5  35091   0
  62   50036080    0.000000  140.000000   6   5  36080   0
  63   50036081    0.000000  130.000000   6   5  36081   0
  64   51036081    0.000000  130.000000   6   5  36081   1
  65   50036082    0.000000  120.000000   6   5  36082   0
  66   50036083    0.000000  110.000000   6   5  36083   0
  67   51036083    0.000000  110.000000   6   5  36083   1
  68   50036084    0.000000   95.000000   6   5  36084   0
  69   50036085    0.000000   85.000000   6   5  36085   0
  70   51036085    0.000000   85.000000   6   5  36085   1
  71   50036086    0.000000   85.000000   6   5  36086   0
  72   50036087    0.000000   95.000000   6   5  36087   0
  73   50036088    0.000000   95.000000   6   5  36088   0
  74   50036089    0.000000  120.000000   6   5  36089   0
  75   50036090    0.000000  120.000000   6   5  36090   0
  76   50036091    0.000000  140.000000   6   5  36091   0
  77   50036092    0.000000  140.000000   6   5  36092   0
  78   50036093    0.000000  170.000000   6   5  36093   0
  79   50036094    0.000000  180.000000   6   5  36094   0
  80   50037081    0.000000  140.000000   6   5  37081   0
  81   51037081    0.000000  140.000000   6   5  37081   1
  82   50037082    0.000000  130.000000   6   5  37082   0
  83   51037082    0.000000  130.000000   6   5  37082   1
  84   50037083    0.000000  120.000000   6   5  37083   0
  85   50037084    0.000000  110.000000   6   5  37084   0
  86   51037084    0.000000  110.000000   6   5  37084   1
  87   50037085    0.000000   95.000000   6   5  37085   0
  88   50037086    0.000000   85.000000   6   5  37086   0
  89   51037086    0.000000   85.000000   6   5  37086   1
  90   50037087    0.000000   85.000000   6   5  37087   0
  91   50037088    0.000000   85.000000   6   5  37088   0
  92   50037089    0.000000   85.000000   6   5  37089   0
  93   50037090    0.000000   90.000000   6   5  37090   0
  94   51037090    0.000000   90.000000   6   5  37090   1
  95   50037091    0.000000  100.000000   6   5  37091   0
  96   50037092    0.000000  120.000000   6   5  37092   0
  97   50037093    0.000000  120.000000   6   5  37093   0
  98   50037094    0.000000  140.000000   6   5  37094   0
  99   50037095    0.000000  150.000000   6   5  37095   0
 100   50037096    0.000000  180.000000   6   5  37096   0
 101   50037097    0.000000  190.000000   6   5  37097   0
 102   50038082    0.000000  150.000000   6   5  38082   0
 103   50038083    0.000000  140.000000   6   5  38083   0
 104   51038083    0.000000  140.000000   6   5  38083   1
 105   50038084    0.000000  120.000000   6   5  38084   0
 106   50038085    0.000000  110.000000   6   5  38085   0
 107   51038085    0.000000  110.000000   6   5  38085   1
 108   50038086    0.000000   95.000000   6   5  38086   0
 109   50038087    0.000000   85.000000   6   5  38087   0
 110   51038087    0.000000   85.000000   6   5  38087   1
 111   50038088    0.000000   74.000000   6   5  38088   0
 112   50038089    0.000000   66.000000   6   5  38089   0
 113   50038090    0.000000   64.000000   6   5  38090   0
 114   50038091    0.000000   66.000000   6   5  38091   0
 115   50038092    0.000000   76.000000   6   5  38092   0
 116   50038093    0.000000   85.000000   6   5  38093   0
 117   50038094    0.000000   95.000000   6   5  38094   0
 118   50038095    0.000000  120.000000   6   5  38095   0
 119   50038096    0.000000  120.000000   6   5  38096   0
 120   50038097    0.000000  150.000000   6   5  38097   0
 121   50038098    0.000000  150.000000   6   5  38098   0
 122   50038099    0.000000  190.000000   6   5  38099   0
 123   50039083    0.000000  150.000000   6   5  39083   0
 124   51039083    0.000000  150.000000   6   5  39083   1
 125   50039084    0.000000  140.000000   6   5  39084   0
 126   51039084    0.000000  140.000000   6   5  39084   1
 127   50039085    0.000000  120.000000   6   5  39085   0
 128   51039085    0.000000  120.000000   6   5  39085   1
 129   50039086    0.000000  110.000000   6   5  39086   0
 130   51039086    0.000000  110.000000   6   5  39086   1
 131   50039087    0.000000   95.000000   6   5  39087   0
 132   51039087    0.000000   95.000000   6   5  39087   1
 133   50039088    0.000000   85.000000   6   5  39088   0
 134   50039089    0.000000   74.000000   6   5  39089   0
 135   51039089    0.000000   74.000000   6   5  39089   1
 136   50039090    0.000000   66.000000   6   5  39090   0
 137   51039090    0.000000   66.000000   6   5  39090   1
 138   50039091    0.000000   64.000000   6   5  39091   0
 139   51039091    0.000000   64.000000   6   5  39091   1
 140   50039092    0.000000   64.000000   6   5  39092   0
 141   50039093    0.000000   62.000000   6   5  39093   0
 142   51039093    0.000000   62.000000   6   5  39093   1
 143   50039094    0.000000   68.000000   6   5  39094   0
 144   50039095    0.000000   78.000000   6   5  39095   0
 145   50039096    0.000000   85.000000   6   5  39096   0
 146   50039097    0.000000   95.000000   6   5  39097   0
 147   51039097    0.000000   95.000000   6   5  39097   1
 148   50039098    0.000000  120.000000   6   5  39098   0
 149   51039098    0.000000  120.000000   6   5  39098   1
 150   50039099    0.000000  120.000000   6   5  39099   0
 151   50039100    0.000000  150.000000   6   5  39100   0
 152   51039100    0.000000  150.000000   6   5  39100   1
 153   50040084    0.000000  160.000000   6   5  40084   0
 154   50040085    0.000000  150.000000   6   5  40085   0
 155   50040086    0.000000  130.000000   6   5  40086   0
 156   50040087    0.000000  120.000000   6   5  40087   0
 157   51040087    0.000000  120.000000   6   5  40087   1
 158   50040088    0.000000  100.000000   6   5  40088   0
 159   50040089    0.000000   90.000000   6   5  40089   0
 160   51040089    0.000000   90.000000   6   5  40089   1
 161   50040090    0.000000   76.000000   6   5  40090   0
 162   51040090    0.000000   76.000000   6   5  40090   1
 163   50040091    0.000000   66.000000   6   5  40091   0
 164   50040092    0.000000   58.000000   6   5  40092   0
 165   50040093    0.000000   50.000000   6   5  40093   0
 166   50040094    0.000000   44.000000   6   5  40094   0
 167   50040095    0.000000   50.000000   6   5  40095   0
 168   50040096    0.000000   60.000000   6   5  40096   0
 169   50040097    0.000000   66.000000   6   5  40097   0
 170   50040098    0.000000   78.000000   6   5  40098   0
 171   50040099    0.000000   85.000000   6   5  40099   0
 172   50040100    0.000000   95.000000   6   5  40100   0
 173   50040101    0.000000  120.000000   6   5  40101   0
 174   50041085    0.000000  170.000000   6   5  41085   0
 175   50041086    0.000000  150.000000   6   5  41086   0
 176   51041086    0.000000  150.000000   6   5  41086   1
 177   50041087    0.000000  130.000000   6   5  41087   0
 178   51041087    0.000000  130.000000   6   5  41087   1
 179   50041088    0.000000  120.000000   6   5  41088   0
 180   51041088    0.000000  120.000000   6   5  41088   1
 181   50041089    0.000000  110.000000   6   5  41089   0
 182   51041089    0.000000  110.000000   6   5  41089   1
 183   50041090    0.000000   95.000000   6   5  41090   0
 184   51041090    0.000000   95.000000   6   5  41090   1
 185   50041091    0.000000   80.000000   6   5  41091   0
 186   51041091    0.000000   80.000000   6   5  41091   1
 187   50041092    0.000000   72.000000   6   5  41092   0
 188   51041092    0.000000   72.000000   6   5  41092   1
 189   50041093    0.000000   62.000000   6   5  41093   0
 190   51041093    0.000000   62.000000   6   5  41093   1
 191   50041094    0.000000   54.000000   6   5  41094   0
 192   51041094    0.000000   54.000000   6   5  41094   1
 193   50041095    0.000000   46.000000   6   5  41095   0
 194   51041095    0.000000   46.000000   6   5  41095   1
 195   50041096    0.000000   44.000000   6   5  41096   0
 196   50041097    0.000000   42.000000   6   5  41097   0
 197   51041097    0.000000   42.000000   6   5  41097   1
 198   50041098    0.000000   52.000000   6   5  41098   0
 199   51041098    0.000000   52.000000   6   5  41098   1
 200   50041099    0.000000   58.000000   6   5  41099   0
 201   51041099    0.000000   58.000000   6   5  41099   1
 202   50041100    0.000000   70.000000   6   5  41100   0
 203   51041100    0.000000   70.000000   6   5  41100   1
 204   50041101    0.000000   80.000000   6   5  41101   0
 205   50041102    0.000000   85.000000   6   5  41102   0
 206   51041102    0.000000   85.000000   6   5  41102   1
 207   50041103    0.000000  130.000000   6   5  41103   0
 208   50042086    0.000000  180.000000   6   5  42086   0
 209   50042087    0.000000  170.000000   6   5  42087   0
 210   50042088    0.000000  150.000000   6   5  42088   0
 211   50042089    0.000000  130.000000   6   5  42089   0
 212   51042089    0.000000  130.000000   6   5  42089   1
 213   50042090    0.000000  110.000000   6   5  42090   0
 214   50042091    0.000000   95.000000   6   5  42091   0
 215   51042091    0.000000   95.000000   6   5  42091   1
 216   50042092    0.000000   85.000000   6   5  42092   0
 217   50042093    0.000000   72.000000   6   5  42093   0
 218   51042093    0.000000   72.000000   6   5  42093   1
 219   50042094    0.000000   62.000000   6   5  42094   0
 220   50042095    0.000000   52.000000   6   5  42095   0
 221   50042096    0.000000   42.000000   6   5  42096   0
 222   50042097    0.000000   32.000000   6   5  42097   0
 223   50042098    0.000000   24.000000   6   5  42098   0
 224   50042099    0.000000   36.000000   6   5  42099   0
 225   50042100    0.000000   40.000000   6   5  42100   0
 226   50042101    0.000000   52.000000   6   5  42101   0
 227   50042102    0.000000   58.000000   6   5  42102   0
 228   50042103    0.000000   68.000000   6   5  42103   0
 229   50042104    0.000000   85.000000   6   5  42104   0
 230   50043087    0.000000  180.000000   6   5  43087   0
 231   50043088    0.000000  170.000000   6   5  43088   0
 232   51043088    0.000000  170.000000   6   5  43088   1
 233   50043089    0.000000  150.000000   6   5  43089   0
 234   51043089    0.000000  150.000000   6   5  43089   1
 235   50043090    0.000000  140.000000   6   5  43090   0
 236   51043090    0.000000  140.000000   6   5  43090   1
 237   52043090    0.000000  140.000000   6   5  43090   2
 238   50043091    0.000000  120.000000   6   5  43091   0
 239   51043091    0.000000  120.000000   6   5  43091   1
 240   50043092    0.000000  110.000000   6   5  43092   0
 241   50043093    0.000000   90.000000   6   5  43093   0
 242   51043093    0.000000   90.000000   6   5  43093   1
 243   50043094    0.000000   80.000000   6   5  43094   0
 244   51043094    0.000000   80.000000   6   5  43094   1
 245   50043095    0.000000   70.000000   6   5  43095   0
 246   51043095    0.000000   70.000000   6   5  43095   1
 247   50043096    0.000000   60.000000   6   5  43096   0
 248   51043096    0.000000   60.000000   6   5  43096   1
 249   50043097    0.000000   50.000000   6   5  43097   0
 250   51043097    0.000000   50.000000   6   5  43097   1
 251   50043098    0.000000   42.000000   6   5  43098   0
 252   50043099    0.000000   32.000000   6   5  43099   0
 253   51043099    0.000000   34.000000   6   5  43099   1
 254   50043100    0.000000   30.000000   6   5  43100   0
 255   50043101    0.000000   24.000000   6   5  43101   0
 256   50043102    0.000000   38.000000   6   5  43102   0
 257   51043102    0.000000   38.000000   6   5  43102   1
 258   50043103    0.000000   38.000000   6   5  43103   0
 259   50043104    0.000000   54.000000   6   5  43104   0
 260   50043105    0.000000   58.000000   6   5  43105   0
 261   50044089    0.000000  180.000000   6   5  44089   0
 262   50044090    0.000000  160.000000   6   5  44090   0
 263   50044091    0.000000  150.000000   6   5  44091   0
 264   50044092    0.000000  130.000000   6   5  44092   0
 265   50044093    0.000000  110.000000   6   5  44093   0
 266   51044093    0.000000  110.000000   6   5  44093   1
 267   50044094    0.000000   95.000000   6   5  44094   0
 268   50044095    0.000000   85.000000   6   5  44095   0
 269   50044096    0.000000   70.000000   6   5  44096   0
 270   50044097    0.000000   58.000000   6   5  44097   0
 271   50044098    0.000000   48.000000   6   5  44098   0
 272   50044099    0.000000   38.000000   6   5  44099   0
 273   50044100    0.000000   28.000000   6   5  44100   0
 274   50044101    0.000000   21.000000   6   5  44101   0
 275   50044102    0.000000   11.500000   6   5  44102   0
 276   50044103    0.000000   26.000000   6   5  44103   0
 277   50044104    0.000000   24.000000   6   5  44104   0
 278   50044105    0.000000   40.000000   6   5  44105   0
 279   50044106    0.000000   38.000000   6   5  44106   0
 280   50045090    0.000000  190.000000   6   5  45090   0
 281   50045091    0.000000  170.000000   6   5  45091   0
 282   51045091    0.000000  170.000000   6   5  45091   1
 283   50045092    0.000000  150.000000   6   5  45092   0
 284   51045092    0.000000  150.000000   6   5  45092   1
 285   50045093    0.000000  140.000000   6   5  45093   0
 286   50045094    0.000000  120.000000   6   5  45094   0
 287   51045094    0.000000  120.000000   6   5  45094   1
 288   50045095    0.000000  110.000000   6   5  45095   0
 289   51045095    0.000000  110.000000   6   5  45095   1
 290   50045096    0.000000   95.000000   6   5  45096   0
 291   51045096    0.000000   95.000000   6   5  45096   1
 292   50045097    0.000000   85.000000   6   5  45097   0
 293   51045097    0.000000   85.000000   6   5  45097   1
 294   50045098    0.000000   72.000000   6   5  45098   0
 295   51045098    0.000000   72.000000   6   5  45098   1
 296   50045099    0.000000   60.000000   6   5  45099   0
 297   51045099    0.000000   60.000000   6   5  45099   1
 298   50045100    0.000000   52.000000   6   5  45100   0
 299   51045100    0.000000   52.000000   6   5  45100   1
 300   50045101    0.000000   42.000000   6   5  45101   0
 301   51045101    0.000000   42.000000   6   5  45101   1
 302   50045102    0.000000   34.000000   6   5  45102   0
 303   51045102    0.000000   34.000000   6   5  45102   1
 304   50045103    0.000000   23.000000   6   5  45103   0
 305   51045103    0.000000   23.000000   6   5  45103   1
 306   50045104    0.000000   22.000000   6   5  45104   0
 307   51045104    0.000000   22.000000   6   5  45104   1
 308   50045105    0.000000   15.000000   6   5  45105   0
 309   51045105    0.000000   15.000000   6   5  45105   1
 310   50045106    0.000000   29.000000   6   5  45106   0
 311   51045106    0.000000   29.000000   6   5  45106   1
 312   50045107    0.000000   28.000000   6   5  45107   0
 313   50046092    0.000000  190.000000   6   5  46092   0
 314   50046093    0.000000  160.000000   6   5  46093   0
 315   50046094    0.000000  140.000000   6   5  46094   0
 316   50046095    0.000000  130.000000   6   5  46095   0
 317   51046095    0.000000  130.000000   6   5  46095   1
 318   50046096    0.000000  110.000000   6   5  46096   0
 319   50046097    0.000000   95.000000   6   5  46097   0
 320   50046098    0.000000   85.000000   6   5  46098   0
 321   50046099    0.000000   72.000000   6   5  46099   0
 322   50046100    0.000000   60.000000   6   5  46100   0
 323   50046101    0.000000   52.000000   6   5  46101   0
 324   50046102    0.000000   40.000000   6   5  46102   0
 325   50046103    0.000000   32.000000   6   5  46103   0
 326   50046104    0.000000   21.000000   6   5  46104   0
 327   50046105    0.000000   14.000000   6   5  46105   0
 328   50046106    0.000000    4.000000   6   5  46106   0
 329   50046107    0.000000   18.000000   6   5  46107   0
 330   51046107    0.000000   19.000000   6   5  46107   1
 331   50046108    0.000000   16.500000   6   5  46108   0
 332   50047094    0.000000  180.000000   6   5  47094   0
 333   51047094    0.000000  180.000000   6   5  47094   1
 334   50047095    0.000000  160.000000   6   5  47095   0
 335   50047096    0.000000  150.000000   6   5  47096   0
 336   51047096    0.000000  150.000000   6   5  47096   1
 337   50047097    0.000000  130.000000   6   5  47097   0
 338   50047098    0.000000  120.000000   6   5  47098   0
 339   50047099    0.000000  100.000000   6   5  47099   0
 340   51047099    0.000000  100.000000   6   5  47099   1
 341   50047100    0.000000   90.000000   6   5  47100   0
 342   51047100    0.000000   90.000000   6   5  47100   1
 343   50047101    0.000000   76.000000   6   5  47101   0
 344   51047101    0.000000   76.000000   6   5  47101   1
 345   50047102    0.000000   66.000000   6   5  47102   0
 346   51047102    0.000000   66.000000   6   5  47102   1
 347   50047103    0.000000   56.000000   6   5  47103   0
 348   51047103    0.000000   56.000000   6   5  47103   1
 349   50047104    0.000000   46.000000   6   5  47104   0
 350   51047104    0.000000   46.000000   6   5  47104   1
 351   50047105    0.000000   36.000000   6   5  47105   0
 352   51047105    0.000000   36.000000   6   5  47105   1
 353   50047106    0.000000   27.000000   6   5  47106   0
 354   51047106    0.000000   27.000000   6   5  47106   1
 355   50047107    0.000000   17.500000   6   5  47107   0
 356   51047107    0.000000   17.500000   6   5  47107   1
 357   50047108    0.000000   16.500000   6   5  47108   0
 358   51047108    0.000000   16.500000   6   5  47108   1
 359   50047109    0.000000    9.500000   6   5  47109   0
 360   51047109    0.000000    9.500000   6   5  47109   1
 361   50048096    0.000000  180.000000   6   5  48096   0
 362   50048097    0.000000  150.000000   6   5  48097   0
 363   50048098    0.000000  130.000000   6   5  48098   0
 364   50048099    0.000000  120.000000   6   5  48099   0
 365   50048100    0.000000  110.000000   6   5  48100   0
 366   50048101    0.000000   95.000000   6   5  48101   0
 367   50048102    0.000000   80.000000   6   5  48102   0
 368   50048103    0.000000   70.000000   6   5  48103   0
 369   50048104    0.000000   58.000000   6   5  48104   0
 370   50048105    0.000000   48.000000   6   5  48105   0
 371   50048106    0.000000   38.000000   6   5  48106   0
 372   50048107    0.000000   28.000000   6   5  48107   0
 373   50048108    0.000000   17.500000   6   5  48108   0
 374   50048109    0.000000   10.000000   6   5  48109   0
 375   50048110    0.000000    1.000000   6   5  48110   0
 
   p   ZAP IP   NR    Tp [MeV]
   1     1  1    1    9.914965
   2     0  2    1    1.000000
   3  1001  9    1    8.917514
   4  1002 31    1   15.876930
   5  1003 32    1   16.891110
   6  2003 33    1   18.000000
   7  2004 34    1    4.000000
--------------------------------------------------------------------------------
 
