 
--------------------------------------------------------------------------------
 48-Cd-116   T= 0.00 K from IAEA/PD-2019       (ACEMAKER)
 ZAID= 48116.38u  MAT=4855  ZA= 48116
 AWR= 114.909100  STA=  0  ELIS=   0.000 MeV  LIS=  0  LISO=  0
--------------------------------------------------------------------------------
 NTOTR= 325 NTRAN=   1 NPROD= 324 NE=     133 EMAX= 200.000 MeV
   i     MT/MTD     Q [MeV]     T [MeV] LMF  MT    ZAP LFS
   1          5    0.000000    1.000000   3   5
   2   50030080    0.000000  190.000000   6   5  30080   0
   3   50031081    0.000000  190.000000   6   5  31081   0
   4   50031082    0.000000  190.000000   6   5  31082   0
   5   50031083    0.000000  190.000000   6   5  31083   0
   6   50032082    0.000000  160.000000   6   5  32082   0
   7   50032083    0.000000  160.000000   6   5  32083   0
   8   50032084    0.000000  160.000000   6   5  32084   0
   9   50032085    0.000000  180.000000   6   5  32085   0
  10   50032086    0.000000  180.000000   6   5  32086   0
  11   50033083    0.000000  160.000000   6   5  33083   0
  12   50033084    0.000000  160.000000   6   5  33084   0
  13   50033085    0.000000  160.000000   6   5  33085   0
  14   50033086    0.000000  160.000000   6   5  33086   0
  15   50033087    0.000000  160.000000   6   5  33087   0
  16   50033088    0.000000  180.000000   6   5  33088   0
  17   50033089    0.000000  190.000000   6   5  33089   0
  18   50034084    0.000000  140.000000   6   5  34084   0
  19   50034085    0.000000  140.000000   6   5  34085   0
  20   50034086    0.000000  140.000000   6   5  34086   0
  21   50034087    0.000000  140.000000   6   5  34087   0
  22   50034088    0.000000  140.000000   6   5  34088   0
  23   50034089    0.000000  150.000000   6   5  34089   0
  24   50034090    0.000000  150.000000   6   5  34090   0
  25   50034091    0.000000  180.000000   6   5  34091   0
  26   50034092    0.000000  180.000000   6   5  34092   0
  27   50035085    0.000000  140.000000   6   5  35085   0
  28   50035086    0.000000  140.000000   6   5  35086   0
  29   50035087    0.000000  140.000000   6   5  35087   0
  30   50035088    0.000000  130.000000   6   5  35088   0
  31   50035089    0.000000  130.000000   6   5  35089   0
  32   50035090    0.000000  140.000000   6   5  35090   0
  33   50035091    0.000000  140.000000   6   5  35091   0
  34   50035092    0.000000  150.000000   6   5  35092   0
  35   50035093    0.000000  150.000000   6   5  35093   0
  36   50035094    0.000000  180.000000   6   5  35094   0
  37   50035095    0.000000  190.000000   6   5  35095   0
  38   50036086    0.000000  140.000000   6   5  36086   0
  39   50036087    0.000000  130.000000   6   5  36087   0
  40   50036088    0.000000  120.000000   6   5  36088   0
  41   50036089    0.000000  120.000000   6   5  36089   0
  42   50036090    0.000000  110.000000   6   5  36090   0
  43   50036091    0.000000  110.000000   6   5  36091   0
  44   50036092    0.000000  110.000000   6   5  36092   0
  45   50036093    0.000000  120.000000   6   5  36093   0
  46   50036094    0.000000  120.000000   6   5  36094   0
  47   50036095    0.000000  150.000000   6   5  36095   0
  48   50036096    0.000000  150.000000   6   5  36096   0
  49   50036097    0.000000  190.000000   6   5  36097   0
  50   50036098    0.000000  190.000000   6   5  36098   0
  51   50037087    0.000000  140.000000   6   5  37087   0
  52   50037088    0.000000  130.000000   6   5  37088   0
  53   50037089    0.000000  120.000000   6   5  37089   0
  54   50037090    0.000000  120.000000   6   5  37090   0
  55   51037090    0.000000  120.000000   6   5  37090   1
  56   50037091    0.000000  110.000000   6   5  37091   0
  57   50037092    0.000000  110.000000   6   5  37092   0
  58   50037093    0.000000  110.000000   6   5  37093   0
  59   50037094    0.000000  110.000000   6   5  37094   0
  60   50037095    0.000000  110.000000   6   5  37095   0
  61   50037096    0.000000  120.000000   6   5  37096   0
  62   50037097    0.000000  120.000000   6   5  37097   0
  63   50037098    0.000000  150.000000   6   5  37098   0
  64   50037099    0.000000  150.000000   6   5  37099   0
  65   50037100    0.000000  190.000000   6   5  37100   0
  66   50038088    0.000000  140.000000   6   5  38088   0
  67   50038089    0.000000  130.000000   6   5  38089   0
  68   50038090    0.000000  120.000000   6   5  38090   0
  69   50038091    0.000000  110.000000   6   5  38091   0
  70   50038092    0.000000  100.000000   6   5  38092   0
  71   50038093    0.000000   90.000000   6   5  38093   0
  72   50038094    0.000000   85.000000   6   5  38094   0
  73   50038095    0.000000   85.000000   6   5  38095   0
  74   50038096    0.000000   85.000000   6   5  38096   0
  75   50038097    0.000000   90.000000   6   5  38097   0
  76   50038098    0.000000   95.000000   6   5  38098   0
  77   50038099    0.000000  120.000000   6   5  38099   0
  78   50038100    0.000000  120.000000   6   5  38100   0
  79   50038101    0.000000  150.000000   6   5  38101   0
  80   50038102    0.000000  160.000000   6   5  38102   0
  81   50039089    0.000000  140.000000   6   5  39089   0
  82   51039089    0.000000  140.000000   6   5  39089   1
  83   50039090    0.000000  130.000000   6   5  39090   0
  84   51039090    0.000000  130.000000   6   5  39090   1
  85   50039091    0.000000  120.000000   6   5  39091   0
  86   51039091    0.000000  120.000000   6   5  39091   1
  87   50039092    0.000000  110.000000   6   5  39092   0
  88   50039093    0.000000  100.000000   6   5  39093   0
  89   51039093    0.000000  100.000000   6   5  39093   1
  90   50039094    0.000000   90.000000   6   5  39094   0
  91   50039095    0.000000   85.000000   6   5  39095   0
  92   50039096    0.000000   85.000000   6   5  39096   0
  93   50039097    0.000000   85.000000   6   5  39097   0
  94   51039097    0.000000   85.000000   6   5  39097   1
  95   50039098    0.000000   80.000000   6   5  39098   0
  96   51039098    0.000000   80.000000   6   5  39098   1
  97   50039099    0.000000   80.000000   6   5  39099   0
  98   50039100    0.000000   85.000000   6   5  39100   0
  99   51039100    0.000000   85.000000   6   5  39100   1
 100   50039101    0.000000   95.000000   6   5  39101   0
 101   50039102    0.000000  120.000000   6   5  39102   0
 102   50039103    0.000000  130.000000   6   5  39103   0
 103   50039104    0.000000  160.000000   6   5  39104   0
 104   50039105    0.000000  160.000000   6   5  39105   0
 105   50040090    0.000000  140.000000   6   5  40090   0
 106   51040090    0.000000  140.000000   6   5  40090   1
 107   50040091    0.000000  130.000000   6   5  40091   0
 108   50040092    0.000000  120.000000   6   5  40092   0
 109   50040093    0.000000  110.000000   6   5  40093   0
 110   50040094    0.000000  100.000000   6   5  40094   0
 111   50040095    0.000000   90.000000   6   5  40095   0
 112   50040096    0.000000   78.000000   6   5  40096   0
 113   50040097    0.000000   70.000000   6   5  40097   0
 114   50040098    0.000000   64.000000   6   5  40098   0
 115   50040099    0.000000   60.000000   6   5  40099   0
 116   50040100    0.000000   56.000000   6   5  40100   0
 117   50040101    0.000000   64.000000   6   5  40101   0
 118   50040102    0.000000   76.000000   6   5  40102   0
 119   50040103    0.000000   80.000000   6   5  40103   0
 120   50040104    0.000000   95.000000   6   5  40104   0
 121   50040105    0.000000  120.000000   6   5  40105   0
 122   50040106    0.000000  130.000000   6   5  40106   0
 123   50040107    0.000000  160.000000   6   5  40107   0
 124   50041091    0.000000  140.000000   6   5  41091   0
 125   51041091    0.000000  140.000000   6   5  41091   1
 126   50041092    0.000000  130.000000   6   5  41092   0
 127   51041092    0.000000  130.000000   6   5  41092   1
 128   50041093    0.000000  120.000000   6   5  41093   0
 129   51041093    0.000000  120.000000   6   5  41093   1
 130   50041094    0.000000  110.000000   6   5  41094   0
 131   51041094    0.000000  110.000000   6   5  41094   1
 132   50041095    0.000000  100.000000   6   5  41095   0
 133   51041095    0.000000  100.000000   6   5  41095   1
 134   50041096    0.000000   90.000000   6   5  41096   0
 135   50041097    0.000000   80.000000   6   5  41097   0
 136   51041097    0.000000   80.000000   6   5  41097   1
 137   50041098    0.000000   74.000000   6   5  41098   0
 138   51041098    0.000000   74.000000   6   5  41098   1
 139   50041099    0.000000   66.000000   6   5  41099   0
 140   51041099    0.000000   66.000000   6   5  41099   1
 141   50041100    0.000000   60.000000   6   5  41100   0
 142   51041100    0.000000   62.000000   6   5  41100   1
 143   50041101    0.000000   56.000000   6   5  41101   0
 144   50041102    0.000000   56.000000   6   5  41102   0
 145   51041102    0.000000   56.000000   6   5  41102   1
 146   50041103    0.000000   52.000000   6   5  41103   0
 147   50041104    0.000000   64.000000   6   5  41104   0
 148   50041105    0.000000   76.000000   6   5  41105   0
 149   50041106    0.000000   85.000000   6   5  41106   0
 150   50041107    0.000000   95.000000   6   5  41107   0
 151   50041108    0.000000  130.000000   6   5  41108   0
 152   50042092    0.000000  150.000000   6   5  42092   0
 153   50042093    0.000000  140.000000   6   5  42093   0
 154   51042093    0.000000  140.000000   6   5  42093   1
 155   50042094    0.000000  120.000000   6   5  42094   0
 156   50042095    0.000000  110.000000   6   5  42095   0
 157   50042096    0.000000  100.000000   6   5  42096   0
 158   50042097    0.000000   90.000000   6   5  42097   0
 159   50042098    0.000000   80.000000   6   5  42098   0
 160   50042099    0.000000   70.000000   6   5  42099   0
 161   50042100    0.000000   62.000000   6   5  42100   0
 162   50042101    0.000000   52.000000   6   5  42101   0
 163   50042102    0.000000   44.000000   6   5  42102   0
 164   50042103    0.000000   38.000000   6   5  42103   0
 165   50042104    0.000000   30.000000   6   5  42104   0
 166   50042105    0.000000   46.000000   6   5  42105   0
 167   50042106    0.000000   50.000000   6   5  42106   0
 168   50042107    0.000000   64.000000   6   5  42107   0
 169   50042108    0.000000   76.000000   6   5  42108   0
 170   50042109    0.000000   80.000000   6   5  42109   0
 171   50042110    0.000000  130.000000   6   5  42110   0
 172   50043093    0.000000  150.000000   6   5  43093   0
 173   51043093    0.000000  150.000000   6   5  43093   1
 174   50043094    0.000000  140.000000   6   5  43094   0
 175   51043094    0.000000  140.000000   6   5  43094   1
 176   50043095    0.000000  130.000000   6   5  43095   0
 177   51043095    0.000000  130.000000   6   5  43095   1
 178   50043096    0.000000  120.000000   6   5  43096   0
 179   51043096    0.000000  120.000000   6   5  43096   1
 180   50043097    0.000000  110.000000   6   5  43097   0
 181   51043097    0.000000  110.000000   6   5  43097   1
 182   50043098    0.000000   95.000000   6   5  43098   0
 183   50043099    0.000000   85.000000   6   5  43099   0
 184   51043099    0.000000   85.000000   6   5  43099   1
 185   50043100    0.000000   76.000000   6   5  43100   0
 186   50043101    0.000000   68.000000   6   5  43101   0
 187   50043102    0.000000   60.000000   6   5  43102   0
 188   51043102    0.000000   60.000000   6   5  43102   1
 189   50043103    0.000000   50.000000   6   5  43103   0
 190   50043104    0.000000   44.000000   6   5  43104   0
 191   50043105    0.000000   36.000000   6   5  43105   0
 192   50043106    0.000000   36.000000   6   5  43106   0
 193   50043107    0.000000   32.000000   6   5  43107   0
 194   50043108    0.000000   46.000000   6   5  43108   0
 195   50043109    0.000000   50.000000   6   5  43109   0
 196   50043110    0.000000   64.000000   6   5  43110   0
 197   50043111    0.000000   78.000000   6   5  43111   0
 198   50044094    0.000000  160.000000   6   5  44094   0
 199   50044095    0.000000  150.000000   6   5  44095   0
 200   50044096    0.000000  130.000000   6   5  44096   0
 201   50044097    0.000000  120.000000   6   5  44097   0
 202   50044098    0.000000  110.000000   6   5  44098   0
 203   50044099    0.000000   95.000000   6   5  44099   0
 204   50044100    0.000000   85.000000   6   5  44100   0
 205   50044101    0.000000   74.000000   6   5  44101   0
 206   50044102    0.000000   64.000000   6   5  44102   0
 207   50044103    0.000000   54.000000   6   5  44103   0
 208   50044104    0.000000   46.000000   6   5  44104   0
 209   50044105    0.000000   38.000000   6   5  44105   0
 210   50044106    0.000000   30.000000   6   5  44106   0
 211   50044107    0.000000   24.000000   6   5  44107   0
 212   50044108    0.000000   15.500000   6   5  44108   0
 213   50044109    0.000000   32.000000   6   5  44109   0
 214   50044110    0.000000   32.000000   6   5  44110   0
 215   50044111    0.000000   48.000000   6   5  44111   0
 216   50044112    0.000000   50.000000   6   5  44112   0
 217   50045095    0.000000  170.000000   6   5  45095   0
 218   51045095    0.000000  170.000000   6   5  45095   1
 219   50045096    0.000000  150.000000   6   5  45096   0
 220   51045096    0.000000  150.000000   6   5  45096   1
 221   50045097    0.000000  140.000000   6   5  45097   0
 222   51045097    0.000000  140.000000   6   5  45097   1
 223   50045098    0.000000  130.000000   6   5  45098   0
 224   51045098    0.000000  130.000000   6   5  45098   1
 225   50045099    0.000000  120.000000   6   5  45099   0
 226   51045099    0.000000  120.000000   6   5  45099   1
 227   50045100    0.000000  110.000000   6   5  45100   0
 228   51045100    0.000000  110.000000   6   5  45100   1
 229   50045101    0.000000   95.000000   6   5  45101   0
 230   51045101    0.000000   95.000000   6   5  45101   1
 231   50045102    0.000000   85.000000   6   5  45102   0
 232   51045102    0.000000   85.000000   6   5  45102   1
 233   50045103    0.000000   74.000000   6   5  45103   0
 234   51045103    0.000000   74.000000   6   5  45103   1
 235   50045104    0.000000   66.000000   6   5  45104   0
 236   51045104    0.000000   66.000000   6   5  45104   1
 237   50045105    0.000000   56.000000   6   5  45105   0
 238   51045105    0.000000   56.000000   6   5  45105   1
 239   50045106    0.000000   50.000000   6   5  45106   0
 240   51045106    0.000000   50.000000   6   5  45106   1
 241   50045107    0.000000   40.000000   6   5  45107   0
 242   50045108    0.000000   34.000000   6   5  45108   0
 243   50045109    0.000000   25.000000   6   5  45109   0
 244   50045110    0.000000   25.000000   6   5  45110   0
 245   50045111    0.000000   19.000000   6   5  45111   0
 246   50045112    0.000000   34.000000   6   5  45112   0
 247   50045113    0.000000   36.000000   6   5  45113   0
 248   50046096    0.000000  180.000000   6   5  46096   0
 249   50046097    0.000000  160.000000   6   5  46097   0
 250   50046098    0.000000  150.000000   6   5  46098   0
 251   50046099    0.000000  130.000000   6   5  46099   0
 252   50046100    0.000000  120.000000   6   5  46100   0
 253   50046101    0.000000  110.000000   6   5  46101   0
 254   50046102    0.000000   95.000000   6   5  46102   0
 255   50046103    0.000000   85.000000   6   5  46103   0
 256   50046104    0.000000   72.000000   6   5  46104   0
 257   50046105    0.000000   64.000000   6   5  46105   0
 258   50046106    0.000000   54.000000   6   5  46106   0
 259   50046107    0.000000   46.000000   6   5  46107   0
 260   51046107    0.000000   48.000000   6   5  46107   1
 261   50046108    0.000000   36.000000   6   5  46108   0
 262   50046109    0.000000   30.000000   6   5  46109   0
 263   51046109    0.000000   30.000000   6   5  46109   1
 264   50046110    0.000000   21.000000   6   5  46110   0
 265   50046111    0.000000   14.500000   6   5  46111   0
 266   51046111    0.000000   15.000000   6   5  46111   1
 267   50046112    0.000000    6.000000   6   5  46112   0
 268   50046113    0.000000   22.000000   6   5  46113   0
 269   51046113    0.000000   22.000000   6   5  46113   1
 270   50046114    0.000000   21.000000   6   5  46114   0
 271   50047097    0.000000  190.000000   6   5  47097   0
 272   50047098    0.000000  170.000000   6   5  47098   0
 273   50047099    0.000000  160.000000   6   5  47099   0
 274   51047099    0.000000  160.000000   6   5  47099   1
 275   50047100    0.000000  150.000000   6   5  47100   0
 276   51047100    0.000000  150.000000   6   5  47100   1
 277   50047101    0.000000  130.000000   6   5  47101   0
 278   51047101    0.000000  140.000000   6   5  47101   1
 279   50047102    0.000000  120.000000   6   5  47102   0
 280   51047102    0.000000  120.000000   6   5  47102   1
 281   50047103    0.000000  110.000000   6   5  47103   0
 282   51047103    0.000000  110.000000   6   5  47103   1
 283   50047104    0.000000  100.000000   6   5  47104   0
 284   51047104    0.000000  100.000000   6   5  47104   1
 285   50047105    0.000000   90.000000   6   5  47105   0
 286   51047105    0.000000   90.000000   6   5  47105   1
 287   50047106    0.000000   78.000000   6   5  47106   0
 288   51047106    0.000000   78.000000   6   5  47106   1
 289   50047107    0.000000   68.000000   6   5  47107   0
 290   51047107    0.000000   68.000000   6   5  47107   1
 291   50047108    0.000000   60.000000   6   5  47108   0
 292   51047108    0.000000   60.000000   6   5  47108   1
 293   50047109    0.000000   50.000000   6   5  47109   0
 294   51047109    0.000000   50.000000   6   5  47109   1
 295   50047110    0.000000   42.000000   6   5  47110   0
 296   51047110    0.000000   42.000000   6   5  47110   1
 297   50047111    0.000000   34.000000   6   5  47111   0
 298   51047111    0.000000   34.000000   6   5  47111   1
 299   50047112    0.000000   26.000000   6   5  47112   0
 300   50047113    0.000000   17.000000   6   5  47113   0
 301   51047113    0.000000   17.500000   6   5  47113   1
 302   50047114    0.000000   17.500000   6   5  47114   0
 303   50047115    0.000000   11.500000   6   5  47115   0
 304   51047115    0.000000   11.500000   6   5  47115   1
 305   50048099    0.000000  190.000000   6   5  48099   0
 306   50048100    0.000000  170.000000   6   5  48100   0
 307   50048101    0.000000  150.000000   6   5  48101   0
 308   50048102    0.000000  140.000000   6   5  48102   0
 309   50048103    0.000000  130.000000   6   5  48103   0
 310   50048104    0.000000  110.000000   6   5  48104   0
 311   50048105    0.000000  100.000000   6   5  48105   0
 312   50048106    0.000000   90.000000   6   5  48106   0
 313   50048107    0.000000   80.000000   6   5  48107   0
 314   50048108    0.000000   68.000000   6   5  48108   0
 315   50048109    0.000000   60.000000   6   5  48109   0
 316   50048110    0.000000   50.000000   6   5  48110   0
 317   50048111    0.000000   42.000000   6   5  48111   0
 318   51048111    0.000000   42.000000   6   5  48111   1
 319   50048112    0.000000   32.000000   6   5  48112   0
 320   50048113    0.000000   25.000000   6   5  48113   0
 321   51048113    0.000000   25.000000   6   5  48113   1
 322   50048114    0.000000   15.000000   6   5  48114   0
 323   50048115    0.000000    9.000000   6   5  48115   0
 324   51048115    0.000000    9.000000   6   5  48115   1
 325   50048116    0.000000    1.000000   6   5  48116   0
 
   p   ZAP IP   NR    Tp [MeV]
   1     1  1    1    8.699318
   2     0  2    1    1.000000
   3  1001  9    1   11.018800
   4  1002 31    1   16.917400
   5  1003 32    1   17.000000
   6  2003 33    1   21.000000
   7  2004 34    1    6.000000
--------------------------------------------------------------------------------
 
