 
--------------------------------------------------------------------------------
 48-Cd-112   T= 0.00 K from IAEA/PD-2019       (ACEMAKER)
 ZAID= 48112.38u  MAT=4843  ZA= 48112
 AWR= 110.941500  STA=  0  ELIS=   0.000 MeV  LIS=  0  LISO=  0
--------------------------------------------------------------------------------
 NTOTR= 368 NTRAN=   1 NPROD= 367 NE=     134 EMAX= 200.000 MeV
   i     MT/MTD     Q [MeV]     T [MeV] LMF  MT    ZAP LFS
   1          5    0.000000    1.000000   3   5
   2   50029075    0.000000  190.000000   6   5  29075   0
   3   50030076    0.000000  170.000000   6   5  30076   0
   4   50030077    0.000000  190.000000   6   5  30077   0
   5   51030077    0.000000  190.000000   6   5  30077   1
   6   50030078    0.000000  190.000000   6   5  30078   0
   7   50031077    0.000000  170.000000   6   5  31077   0
   8   50031078    0.000000  170.000000   6   5  31078   0
   9   50031079    0.000000  170.000000   6   5  31079   0
  10   50031080    0.000000  190.000000   6   5  31080   0
  11   50031081    0.000000  190.000000   6   5  31081   0
  12   50032078    0.000000  140.000000   6   5  32078   0
  13   50032079    0.000000  140.000000   6   5  32079   0
  14   51032079    0.000000  140.000000   6   5  32079   1
  15   50032080    0.000000  140.000000   6   5  32080   0
  16   50032081    0.000000  160.000000   6   5  32081   0
  17   51032081    0.000000  160.000000   6   5  32081   1
  18   50032082    0.000000  160.000000   6   5  32082   0
  19   50032083    0.000000  180.000000   6   5  32083   0
  20   50032084    0.000000  180.000000   6   5  32084   0
  21   50033079    0.000000  140.000000   6   5  33079   0
  22   50033080    0.000000  140.000000   6   5  33080   0
  23   50033081    0.000000  140.000000   6   5  33081   0
  24   50033082    0.000000  140.000000   6   5  33082   0
  25   51033082    0.000000  140.000000   6   5  33082   1
  26   50033083    0.000000  140.000000   6   5  33083   0
  27   50033084    0.000000  160.000000   6   5  33084   0
  28   50033085    0.000000  160.000000   6   5  33085   0
  29   50033086    0.000000  180.000000   6   5  33086   0
  30   50033087    0.000000  190.000000   6   5  33087   0
  31   50034080    0.000000  140.000000   6   5  34080   0
  32   50034081    0.000000  130.000000   6   5  34081   0
  33   51034081    0.000000  130.000000   6   5  34081   1
  34   50034082    0.000000  120.000000   6   5  34082   0
  35   50034083    0.000000  120.000000   6   5  34083   0
  36   51034083    0.000000  120.000000   6   5  34083   1
  37   50034084    0.000000  120.000000   6   5  34084   0
  38   50034085    0.000000  130.000000   6   5  34085   0
  39   50034086    0.000000  130.000000   6   5  34086   0
  40   50034087    0.000000  150.000000   6   5  34087   0
  41   50034088    0.000000  150.000000   6   5  34088   0
  42   50034089    0.000000  190.000000   6   5  34089   0
  43   50034090    0.000000  190.000000   6   5  34090   0
  44   50035081    0.000000  140.000000   6   5  35081   0
  45   50035082    0.000000  130.000000   6   5  35082   0
  46   51035082    0.000000  130.000000   6   5  35082   1
  47   50035083    0.000000  120.000000   6   5  35083   0
  48   50035084    0.000000  120.000000   6   5  35084   0
  49   51035084    0.000000  120.000000   6   5  35084   1
  50   50035085    0.000000  120.000000   6   5  35085   0
  51   50035086    0.000000  120.000000   6   5  35086   0
  52   50035087    0.000000  120.000000   6   5  35087   0
  53   50035088    0.000000  130.000000   6   5  35088   0
  54   50035089    0.000000  130.000000   6   5  35089   0
  55   50035090    0.000000  150.000000   6   5  35090   0
  56   50035091    0.000000  160.000000   6   5  35091   0
  57   50035092    0.000000  190.000000   6   5  35092   0
  58   50035093    0.000000  190.000000   6   5  35093   0
  59   50036082    0.000000  140.000000   6   5  36082   0
  60   50036083    0.000000  130.000000   6   5  36083   0
  61   51036083    0.000000  130.000000   6   5  36083   1
  62   50036084    0.000000  120.000000   6   5  36084   0
  63   50036085    0.000000  110.000000   6   5  36085   0
  64   51036085    0.000000  110.000000   6   5  36085   1
  65   50036086    0.000000   95.000000   6   5  36086   0
  66   50036087    0.000000   90.000000   6   5  36087   0
  67   50036088    0.000000   90.000000   6   5  36088   0
  68   50036089    0.000000  110.000000   6   5  36089   0
  69   50036090    0.000000  110.000000   6   5  36090   0
  70   50036091    0.000000  130.000000   6   5  36091   0
  71   50036092    0.000000  130.000000   6   5  36092   0
  72   50036093    0.000000  160.000000   6   5  36093   0
  73   50036094    0.000000  160.000000   6   5  36094   0
  74   50036095    0.000000  190.000000   6   5  36095   0
  75   50037083    0.000000  140.000000   6   5  37083   0
  76   50037084    0.000000  130.000000   6   5  37084   0
  77   51037084    0.000000  130.000000   6   5  37084   1
  78   50037085    0.000000  120.000000   6   5  37085   0
  79   50037086    0.000000  110.000000   6   5  37086   0
  80   51037086    0.000000  110.000000   6   5  37086   1
  81   50037087    0.000000   95.000000   6   5  37087   0
  82   50037088    0.000000   90.000000   6   5  37088   0
  83   50037089    0.000000   90.000000   6   5  37089   0
  84   50037090    0.000000   90.000000   6   5  37090   0
  85   51037090    0.000000   90.000000   6   5  37090   1
  86   50037091    0.000000   95.000000   6   5  37091   0
  87   50037092    0.000000  110.000000   6   5  37092   0
  88   50037093    0.000000  110.000000   6   5  37093   0
  89   50037094    0.000000  130.000000   6   5  37094   0
  90   50037095    0.000000  130.000000   6   5  37095   0
  91   50037096    0.000000  160.000000   6   5  37096   0
  92   50037097    0.000000  160.000000   6   5  37097   0
  93   50038084    0.000000  140.000000   6   5  38084   0
  94   50038085    0.000000  130.000000   6   5  38085   0
  95   51038085    0.000000  130.000000   6   5  38085   1
  96   50038086    0.000000  120.000000   6   5  38086   0
  97   50038087    0.000000  110.000000   6   5  38087   0
  98   51038087    0.000000  110.000000   6   5  38087   1
  99   50038088    0.000000   95.000000   6   5  38088   0
 100   50038089    0.000000   85.000000   6   5  38089   0
 101   50038090    0.000000   78.000000   6   5  38090   0
 102   50038091    0.000000   70.000000   6   5  38091   0
 103   50038092    0.000000   70.000000   6   5  38092   0
 104   50038093    0.000000   72.000000   6   5  38093   0
 105   50038094    0.000000   80.000000   6   5  38094   0
 106   50038095    0.000000   95.000000   6   5  38095   0
 107   50038096    0.000000  110.000000   6   5  38096   0
 108   50038097    0.000000  130.000000   6   5  38097   0
 109   50038098    0.000000  130.000000   6   5  38098   0
 110   50038099    0.000000  160.000000   6   5  38099   0
 111   50038100    0.000000  170.000000   6   5  38100   0
 112   50039085    0.000000  140.000000   6   5  39085   0
 113   51039085    0.000000  140.000000   6   5  39085   1
 114   50039086    0.000000  130.000000   6   5  39086   0
 115   51039086    0.000000  130.000000   6   5  39086   1
 116   50039087    0.000000  120.000000   6   5  39087   0
 117   51039087    0.000000  120.000000   6   5  39087   1
 118   50039088    0.000000  110.000000   6   5  39088   0
 119   50039089    0.000000   95.000000   6   5  39089   0
 120   51039089    0.000000   95.000000   6   5  39089   1
 121   50039090    0.000000   85.000000   6   5  39090   0
 122   51039090    0.000000   85.000000   6   5  39090   1
 123   50039091    0.000000   78.000000   6   5  39091   0
 124   51039091    0.000000   78.000000   6   5  39091   1
 125   50039092    0.000000   70.000000   6   5  39092   0
 126   50039093    0.000000   70.000000   6   5  39093   0
 127   51039093    0.000000   70.000000   6   5  39093   1
 128   50039094    0.000000   68.000000   6   5  39094   0
 129   50039095    0.000000   70.000000   6   5  39095   0
 130   50039096    0.000000   72.000000   6   5  39096   0
 131   50039097    0.000000   85.000000   6   5  39097   0
 132   51039097    0.000000   85.000000   6   5  39097   1
 133   50039098    0.000000   95.000000   6   5  39098   0
 134   51039098    0.000000   95.000000   6   5  39098   1
 135   50039099    0.000000  110.000000   6   5  39099   0
 136   50039100    0.000000  130.000000   6   5  39100   0
 137   51039100    0.000000  130.000000   6   5  39100   1
 138   50039101    0.000000  140.000000   6   5  39101   0
 139   50039102    0.000000  170.000000   6   5  39102   0
 140   50040086    0.000000  150.000000   6   5  40086   0
 141   50040087    0.000000  140.000000   6   5  40087   0
 142   51040087    0.000000  140.000000   6   5  40087   1
 143   50040088    0.000000  120.000000   6   5  40088   0
 144   50040089    0.000000  110.000000   6   5  40089   0
 145   51040089    0.000000  110.000000   6   5  40089   1
 146   50040090    0.000000  100.000000   6   5  40090   0
 147   51040090    0.000000  100.000000   6   5  40090   1
 148   50040091    0.000000   90.000000   6   5  40091   0
 149   50040092    0.000000   78.000000   6   5  40092   0
 150   50040093    0.000000   68.000000   6   5  40093   0
 151   50040094    0.000000   60.000000   6   5  40094   0
 152   50040095    0.000000   52.000000   6   5  40095   0
 153   50040096    0.000000   48.000000   6   5  40096   0
 154   50040097    0.000000   54.000000   6   5  40097   0
 155   50040098    0.000000   64.000000   6   5  40098   0
 156   50040099    0.000000   74.000000   6   5  40099   0
 157   50040100    0.000000   85.000000   6   5  40100   0
 158   50040101    0.000000   95.000000   6   5  40101   0
 159   50040102    0.000000  110.000000   6   5  40102   0
 160   50040103    0.000000  140.000000   6   5  40103   0
 161   50041087    0.000000  150.000000   6   5  41087   0
 162   51041087    0.000000  150.000000   6   5  41087   1
 163   50041088    0.000000  140.000000   6   5  41088   0
 164   51041088    0.000000  140.000000   6   5  41088   1
 165   50041089    0.000000  130.000000   6   5  41089   0
 166   51041089    0.000000  130.000000   6   5  41089   1
 167   50041090    0.000000  110.000000   6   5  41090   0
 168   51041090    0.000000  110.000000   6   5  41090   1
 169   50041091    0.000000  100.000000   6   5  41091   0
 170   51041091    0.000000  100.000000   6   5  41091   1
 171   50041092    0.000000   90.000000   6   5  41092   0
 172   51041092    0.000000   90.000000   6   5  41092   1
 173   50041093    0.000000   80.000000   6   5  41093   0
 174   51041093    0.000000   80.000000   6   5  41093   1
 175   50041094    0.000000   72.000000   6   5  41094   0
 176   51041094    0.000000   72.000000   6   5  41094   1
 177   50041095    0.000000   64.000000   6   5  41095   0
 178   51041095    0.000000   64.000000   6   5  41095   1
 179   50041096    0.000000   56.000000   6   5  41096   0
 180   50041097    0.000000   48.000000   6   5  41097   0
 181   51041097    0.000000   48.000000   6   5  41097   1
 182   50041098    0.000000   48.000000   6   5  41098   0
 183   51041098    0.000000   48.000000   6   5  41098   1
 184   50041099    0.000000   44.000000   6   5  41099   0
 185   51041099    0.000000   44.000000   6   5  41099   1
 186   50041100    0.000000   58.000000   6   5  41100   0
 187   51041100    0.000000   58.000000   6   5  41100   1
 188   50041101    0.000000   64.000000   6   5  41101   0
 189   50041102    0.000000   74.000000   6   5  41102   0
 190   51041102    0.000000   74.000000   6   5  41102   1
 191   50041103    0.000000   85.000000   6   5  41103   0
 192   50041104    0.000000  100.000000   6   5  41104   0
 193   50041105    0.000000  150.000000   6   5  41105   0
 194   50042088    0.000000  170.000000   6   5  42088   0
 195   50042089    0.000000  150.000000   6   5  42089   0
 196   51042089    0.000000  150.000000   6   5  42089   1
 197   50042090    0.000000  130.000000   6   5  42090   0
 198   50042091    0.000000  120.000000   6   5  42091   0
 199   51042091    0.000000  120.000000   6   5  42091   1
 200   50042092    0.000000  110.000000   6   5  42092   0
 201   50042093    0.000000   95.000000   6   5  42093   0
 202   51042093    0.000000   95.000000   6   5  42093   1
 203   50042094    0.000000   85.000000   6   5  42094   0
 204   50042095    0.000000   72.000000   6   5  42095   0
 205   50042096    0.000000   62.000000   6   5  42096   0
 206   50042097    0.000000   52.000000   6   5  42097   0
 207   50042098    0.000000   42.000000   6   5  42098   0
 208   50042099    0.000000   34.000000   6   5  42099   0
 209   50042100    0.000000   26.000000   6   5  42100   0
 210   50042101    0.000000   40.000000   6   5  42101   0
 211   50042102    0.000000   42.000000   6   5  42102   0
 212   50042103    0.000000   56.000000   6   5  42103   0
 213   50042104    0.000000   64.000000   6   5  42104   0
 214   50042105    0.000000   74.000000   6   5  42105   0
 215   50042106    0.000000  100.000000   6   5  42106   0
 216   50043089    0.000000  170.000000   6   5  43089   0
 217   51043089    0.000000  170.000000   6   5  43089   1
 218   50043090    0.000000  160.000000   6   5  43090   0
 219   51043090    0.000000  160.000000   6   5  43090   1
 220   52043090    0.000000  160.000000   6   5  43090   2
 221   50043091    0.000000  140.000000   6   5  43091   0
 222   51043091    0.000000  140.000000   6   5  43091   1
 223   50043092    0.000000  130.000000   6   5  43092   0
 224   50043093    0.000000  110.000000   6   5  43093   0
 225   51043093    0.000000  110.000000   6   5  43093   1
 226   50043094    0.000000  100.000000   6   5  43094   0
 227   51043094    0.000000  100.000000   6   5  43094   1
 228   50043095    0.000000   90.000000   6   5  43095   0
 229   51043095    0.000000   90.000000   6   5  43095   1
 230   50043096    0.000000   80.000000   6   5  43096   0
 231   51043096    0.000000   80.000000   6   5  43096   1
 232   50043097    0.000000   68.000000   6   5  43097   0
 233   51043097    0.000000   68.000000   6   5  43097   1
 234   50043098    0.000000   60.000000   6   5  43098   0
 235   50043099    0.000000   50.000000   6   5  43099   0
 236   51043099    0.000000   50.000000   6   5  43099   1
 237   50043100    0.000000   42.000000   6   5  43100   0
 238   50043101    0.000000   34.000000   6   5  43101   0
 239   50043102    0.000000   34.000000   6   5  43102   0
 240   51043102    0.000000   34.000000   6   5  43102   1
 241   50043103    0.000000   27.000000   6   5  43103   0
 242   50043104    0.000000   42.000000   6   5  43104   0
 243   50043105    0.000000   42.000000   6   5  43105   0
 244   50043106    0.000000   58.000000   6   5  43106   0
 245   50043107    0.000000   64.000000   6   5  43107   0
 246   50044090    0.000000  190.000000   6   5  44090   0
 247   50044091    0.000000  170.000000   6   5  44091   0
 248   50044092    0.000000  150.000000   6   5  44092   0
 249   50044093    0.000000  130.000000   6   5  44093   0
 250   51044093    0.000000  130.000000   6   5  44093   1
 251   50044094    0.000000  120.000000   6   5  44094   0
 252   50044095    0.000000  110.000000   6   5  44095   0
 253   50044096    0.000000   90.000000   6   5  44096   0
 254   50044097    0.000000   78.000000   6   5  44097   0
 255   50044098    0.000000   66.000000   6   5  44098   0
 256   50044099    0.000000   56.000000   6   5  44099   0
 257   50044100    0.000000   46.000000   6   5  44100   0
 258   50044101    0.000000   38.000000   6   5  44101   0
 259   50044102    0.000000   28.000000   6   5  44102   0
 260   50044103    0.000000   22.000000   6   5  44103   0
 261   50044104    0.000000   13.000000   6   5  44104   0
 262   50044105    0.000000   27.000000   6   5  44105   0
 263   50044106    0.000000   26.000000   6   5  44106   0
 264   50044107    0.000000   42.000000   6   5  44107   0
 265   50044108    0.000000   42.000000   6   5  44108   0
 266   50045091    0.000000  190.000000   6   5  45091   0
 267   51045091    0.000000  190.000000   6   5  45091   1
 268   50045092    0.000000  170.000000   6   5  45092   0
 269   51045092    0.000000  180.000000   6   5  45092   1
 270   50045093    0.000000  160.000000   6   5  45093   0
 271   50045094    0.000000  140.000000   6   5  45094   0
 272   51045094    0.000000  140.000000   6   5  45094   1
 273   50045095    0.000000  130.000000   6   5  45095   0
 274   51045095    0.000000  130.000000   6   5  45095   1
 275   50045096    0.000000  120.000000   6   5  45096   0
 276   51045096    0.000000  120.000000   6   5  45096   1
 277   50045097    0.000000  100.000000   6   5  45097   0
 278   51045097    0.000000  100.000000   6   5  45097   1
 279   50045098    0.000000   90.000000   6   5  45098   0
 280   51045098    0.000000   90.000000   6   5  45098   1
 281   50045099    0.000000   78.000000   6   5  45099   0
 282   51045099    0.000000   78.000000   6   5  45099   1
 283   50045100    0.000000   70.000000   6   5  45100   0
 284   51045100    0.000000   70.000000   6   5  45100   1
 285   50045101    0.000000   58.000000   6   5  45101   0
 286   51045101    0.000000   58.000000   6   5  45101   1
 287   50045102    0.000000   50.000000   6   5  45102   0
 288   51045102    0.000000   50.000000   6   5  45102   1
 289   50045103    0.000000   40.000000   6   5  45103   0
 290   51045103    0.000000   40.000000   6   5  45103   1
 291   50045104    0.000000   34.000000   6   5  45104   0
 292   51045104    0.000000   34.000000   6   5  45104   1
 293   50045105    0.000000   24.000000   6   5  45105   0
 294   51045105    0.000000   24.000000   6   5  45105   1
 295   50045106    0.000000   23.000000   6   5  45106   0
 296   51045106    0.000000   23.000000   6   5  45106   1
 297   50045107    0.000000   16.500000   6   5  45107   0
 298   50045108    0.000000   32.000000   6   5  45108   0
 299   50045109    0.000000   30.000000   6   5  45109   0
 300   50046093    0.000000  190.000000   6   5  46093   0
 301   50046094    0.000000  170.000000   6   5  46094   0
 302   50046095    0.000000  150.000000   6   5  46095   0
 303   51046095    0.000000  150.000000   6   5  46095   1
 304   50046096    0.000000  130.000000   6   5  46096   0
 305   50046097    0.000000  120.000000   6   5  46097   0
 306   50046098    0.000000  110.000000   6   5  46098   0
 307   50046099    0.000000   90.000000   6   5  46099   0
 308   50046100    0.000000   78.000000   6   5  46100   0
 309   50046101    0.000000   70.000000   6   5  46101   0
 310   50046102    0.000000   58.000000   6   5  46102   0
 311   50046103    0.000000   50.000000   6   5  46103   0
 312   50046104    0.000000   40.000000   6   5  46104   0
 313   50046105    0.000000   32.000000   6   5  46105   0
 314   50046106    0.000000   21.000000   6   5  46106   0
 315   50046107    0.000000   14.000000   6   5  46107   0
 316   51046107    0.000000   14.500000   6   5  46107   1
 317   50046108    0.000000    5.000000   6   5  46108   0
 318   50046109    0.000000   19.000000   6   5  46109   0
 319   51046109    0.000000   19.500000   6   5  46109   1
 320   50046110    0.000000   17.500000   6   5  46110   0
 321   50047095    0.000000  180.000000   6   5  47095   0
 322   50047096    0.000000  170.000000   6   5  47096   0
 323   51047096    0.000000  170.000000   6   5  47096   1
 324   50047097    0.000000  150.000000   6   5  47097   0
 325   50047098    0.000000  140.000000   6   5  47098   0
 326   50047099    0.000000  120.000000   6   5  47099   0
 327   51047099    0.000000  120.000000   6   5  47099   1
 328   50047100    0.000000  110.000000   6   5  47100   0
 329   51047100    0.000000  110.000000   6   5  47100   1
 330   50047101    0.000000   95.000000   6   5  47101   0
 331   51047101    0.000000   95.000000   6   5  47101   1
 332   50047102    0.000000   85.000000   6   5  47102   0
 333   51047102    0.000000   85.000000   6   5  47102   1
 334   50047103    0.000000   74.000000   6   5  47103   0
 335   51047103    0.000000   74.000000   6   5  47103   1
 336   50047104    0.000000   64.000000   6   5  47104   0
 337   51047104    0.000000   64.000000   6   5  47104   1
 338   50047105    0.000000   54.000000   6   5  47105   0
 339   51047105    0.000000   54.000000   6   5  47105   1
 340   50047106    0.000000   46.000000   6   5  47106   0
 341   51047106    0.000000   46.000000   6   5  47106   1
 342   50047107    0.000000   34.000000   6   5  47107   0
 343   51047107    0.000000   36.000000   6   5  47107   1
 344   50047108    0.000000   27.000000   6   5  47108   0
 345   51047108    0.000000   27.000000   6   5  47108   1
 346   50047109    0.000000   17.500000   6   5  47109   0
 347   51047109    0.000000   17.500000   6   5  47109   1
 348   50047110    0.000000   16.500000   6   5  47110   0
 349   51047110    0.000000   17.000000   6   5  47110   1
 350   50047111    0.000000   10.000000   6   5  47111   0
 351   51047111    0.000000   10.000000   6   5  47111   1
 352   50048097    0.000000  170.000000   6   5  48097   0
 353   50048098    0.000000  150.000000   6   5  48098   0
 354   50048099    0.000000  140.000000   6   5  48099   0
 355   50048100    0.000000  130.000000   6   5  48100   0
 356   50048101    0.000000  120.000000   6   5  48101   0
 357   50048102    0.000000  100.000000   6   5  48102   0
 358   50048103    0.000000   90.000000   6   5  48103   0
 359   50048104    0.000000   76.000000   6   5  48104   0
 360   50048105    0.000000   66.000000   6   5  48105   0
 361   50048106    0.000000   54.000000   6   5  48106   0
 362   50048107    0.000000   46.000000   6   5  48107   0
 363   50048108    0.000000   36.000000   6   5  48108   0
 364   50048109    0.000000   27.000000   6   5  48109   0
 365   50048110    0.000000   16.500000   6   5  48110   0
 366   50048111    0.000000    9.500000   6   5  48111   0
 367   51048111    0.000000   10.000000   6   5  48111   1
 368   50048112    0.000000    1.000000   6   5  48112   0
 
   p   ZAP IP   NR    Tp [MeV]
   1     1  1    1    9.393929
   2     0  2    1    1.000000
   3  1001  9    1    9.648383
   4  1002 31    1   16.500000
   5  1003 32    1   16.805240
   6  2003 33    1   19.000000
   7  2004 34    1    4.500000
--------------------------------------------------------------------------------
 
