 
--------------------------------------------------------------------------------
 48-Cd-111   T= 0.00 K from IAEA/PD-2019       (ACEMAKER)
 ZAID= 48111.38u  MAT=4840  ZA= 48111
 AWR= 109.951500  STA=  0  ELIS=   0.000 MeV  LIS=  0  LISO=  0
--------------------------------------------------------------------------------
 NTOTR= 388 NTRAN=   1 NPROD= 387 NE=     128 EMAX= 200.000 MeV
   i     MT/MTD     Q [MeV]     T [MeV] LMF  MT    ZAP LFS
   1          5    0.000000    1.000000   3   5
   2   50028073    0.000000  190.000000   6   5  28073   0
   3   50029074    0.000000  180.000000   6   5  29074   0
   4   50029075    0.000000  180.000000   6   5  29075   0
   5   50030075    0.000000  160.000000   6   5  30075   0
   6   50030076    0.000000  160.000000   6   5  30076   0
   7   50030077    0.000000  180.000000   6   5  30077   0
   8   51030077    0.000000  180.000000   6   5  30077   1
   9   50030078    0.000000  180.000000   6   5  30078   0
  10   50031076    0.000000  160.000000   6   5  31076   0
  11   50031077    0.000000  160.000000   6   5  31077   0
  12   50031078    0.000000  160.000000   6   5  31078   0
  13   50031079    0.000000  160.000000   6   5  31079   0
  14   50031080    0.000000  180.000000   6   5  31080   0
  15   50031081    0.000000  180.000000   6   5  31081   0
  16   50032077    0.000000  140.000000   6   5  32077   0
  17   51032077    0.000000  140.000000   6   5  32077   1
  18   50032078    0.000000  130.000000   6   5  32078   0
  19   50032079    0.000000  130.000000   6   5  32079   0
  20   51032079    0.000000  130.000000   6   5  32079   1
  21   50032080    0.000000  130.000000   6   5  32080   0
  22   50032081    0.000000  150.000000   6   5  32081   0
  23   51032081    0.000000  150.000000   6   5  32081   1
  24   50032082    0.000000  150.000000   6   5  32082   0
  25   50032083    0.000000  180.000000   6   5  32083   0
  26   50032084    0.000000  180.000000   6   5  32084   0
  27   50033078    0.000000  140.000000   6   5  33078   0
  28   50033079    0.000000  130.000000   6   5  33079   0
  29   50033080    0.000000  130.000000   6   5  33080   0
  30   50033081    0.000000  130.000000   6   5  33081   0
  31   50033082    0.000000  130.000000   6   5  33082   0
  32   51033082    0.000000  130.000000   6   5  33082   1
  33   50033083    0.000000  130.000000   6   5  33083   0
  34   50033084    0.000000  150.000000   6   5  33084   0
  35   50033085    0.000000  150.000000   6   5  33085   0
  36   50033086    0.000000  180.000000   6   5  33086   0
  37   50033087    0.000000  180.000000   6   5  33087   0
  38   50034079    0.000000  140.000000   6   5  34079   0
  39   51034079    0.000000  140.000000   6   5  34079   1
  40   50034080    0.000000  130.000000   6   5  34080   0
  41   50034081    0.000000  120.000000   6   5  34081   0
  42   51034081    0.000000  120.000000   6   5  34081   1
  43   50034082    0.000000  110.000000   6   5  34082   0
  44   50034083    0.000000  110.000000   6   5  34083   0
  45   51034083    0.000000  110.000000   6   5  34083   1
  46   50034084    0.000000  110.000000   6   5  34084   0
  47   50034085    0.000000  130.000000   6   5  34085   0
  48   50034086    0.000000  130.000000   6   5  34086   0
  49   50034087    0.000000  150.000000   6   5  34087   0
  50   50034088    0.000000  150.000000   6   5  34088   0
  51   50034089    0.000000  180.000000   6   5  34089   0
  52   50034090    0.000000  180.000000   6   5  34090   0
  53   50035080    0.000000  140.000000   6   5  35080   0
  54   51035080    0.000000  140.000000   6   5  35080   1
  55   50035081    0.000000  130.000000   6   5  35081   0
  56   50035082    0.000000  120.000000   6   5  35082   0
  57   51035082    0.000000  120.000000   6   5  35082   1
  58   50035083    0.000000  110.000000   6   5  35083   0
  59   50035084    0.000000  110.000000   6   5  35084   0
  60   51035084    0.000000  110.000000   6   5  35084   1
  61   50035085    0.000000  110.000000   6   5  35085   0
  62   50035086    0.000000  110.000000   6   5  35086   0
  63   50035087    0.000000  110.000000   6   5  35087   0
  64   50035088    0.000000  120.000000   6   5  35088   0
  65   50035089    0.000000  120.000000   6   5  35089   0
  66   50035090    0.000000  150.000000   6   5  35090   0
  67   50035091    0.000000  150.000000   6   5  35091   0
  68   50035092    0.000000  180.000000   6   5  35092   0
  69   50035093    0.000000  190.000000   6   5  35093   0
  70   50036081    0.000000  140.000000   6   5  36081   0
  71   51036081    0.000000  140.000000   6   5  36081   1
  72   50036082    0.000000  130.000000   6   5  36082   0
  73   50036083    0.000000  120.000000   6   5  36083   0
  74   51036083    0.000000  120.000000   6   5  36083   1
  75   50036084    0.000000  100.000000   6   5  36084   0
  76   50036085    0.000000   95.000000   6   5  36085   0
  77   51036085    0.000000   95.000000   6   5  36085   1
  78   50036086    0.000000   85.000000   6   5  36086   0
  79   50036087    0.000000   80.000000   6   5  36087   0
  80   50036088    0.000000   80.000000   6   5  36088   0
  81   50036089    0.000000  100.000000   6   5  36089   0
  82   50036090    0.000000  100.000000   6   5  36090   0
  83   50036091    0.000000  120.000000   6   5  36091   0
  84   50036092    0.000000  120.000000   6   5  36092   0
  85   50036093    0.000000  150.000000   6   5  36093   0
  86   50036094    0.000000  160.000000   6   5  36094   0
  87   50036095    0.000000  190.000000   6   5  36095   0
  88   50037082    0.000000  140.000000   6   5  37082   0
  89   51037082    0.000000  140.000000   6   5  37082   1
  90   50037083    0.000000  130.000000   6   5  37083   0
  91   50037084    0.000000  120.000000   6   5  37084   0
  92   51037084    0.000000  120.000000   6   5  37084   1
  93   50037085    0.000000  100.000000   6   5  37085   0
  94   50037086    0.000000   95.000000   6   5  37086   0
  95   51037086    0.000000   95.000000   6   5  37086   1
  96   50037087    0.000000   85.000000   6   5  37087   0
  97   50037088    0.000000   80.000000   6   5  37088   0
  98   50037089    0.000000   80.000000   6   5  37089   0
  99   50037090    0.000000   80.000000   6   5  37090   0
 100   51037090    0.000000   80.000000   6   5  37090   1
 101   50037091    0.000000   80.000000   6   5  37091   0
 102   50037092    0.000000  100.000000   6   5  37092   0
 103   50037093    0.000000  100.000000   6   5  37093   0
 104   50037094    0.000000  120.000000   6   5  37094   0
 105   50037095    0.000000  130.000000   6   5  37095   0
 106   50037096    0.000000  160.000000   6   5  37096   0
 107   50037097    0.000000  160.000000   6   5  37097   0
 108   50038083    0.000000  140.000000   6   5  38083   0
 109   51038083    0.000000  140.000000   6   5  38083   1
 110   50038084    0.000000  130.000000   6   5  38084   0
 111   50038085    0.000000  120.000000   6   5  38085   0
 112   51038085    0.000000  120.000000   6   5  38085   1
 113   50038086    0.000000  110.000000   6   5  38086   0
 114   50038087    0.000000   95.000000   6   5  38087   0
 115   51038087    0.000000   95.000000   6   5  38087   1
 116   50038088    0.000000   85.000000   6   5  38088   0
 117   50038089    0.000000   74.000000   6   5  38089   0
 118   50038090    0.000000   66.000000   6   5  38090   0
 119   50038091    0.000000   60.000000   6   5  38091   0
 120   50038092    0.000000   64.000000   6   5  38092   0
 121   50038093    0.000000   76.000000   6   5  38093   0
 122   50038094    0.000000   80.000000   6   5  38094   0
 123   50038095    0.000000  100.000000   6   5  38095   0
 124   50038096    0.000000  100.000000   6   5  38096   0
 125   50038097    0.000000  130.000000   6   5  38097   0
 126   50038098    0.000000  130.000000   6   5  38098   0
 127   50038099    0.000000  160.000000   6   5  38099   0
 128   50038100    0.000000  170.000000   6   5  38100   0
 129   50039084    0.000000  140.000000   6   5  39084   0
 130   51039084    0.000000  140.000000   6   5  39084   1
 131   50039085    0.000000  130.000000   6   5  39085   0
 132   51039085    0.000000  130.000000   6   5  39085   1
 133   50039086    0.000000  120.000000   6   5  39086   0
 134   51039086    0.000000  120.000000   6   5  39086   1
 135   50039087    0.000000  110.000000   6   5  39087   0
 136   51039087    0.000000  110.000000   6   5  39087   1
 137   50039088    0.000000   95.000000   6   5  39088   0
 138   50039089    0.000000   85.000000   6   5  39089   0
 139   51039089    0.000000   85.000000   6   5  39089   1
 140   50039090    0.000000   74.000000   6   5  39090   0
 141   51039090    0.000000   74.000000   6   5  39090   1
 142   50039091    0.000000   66.000000   6   5  39091   0
 143   51039091    0.000000   66.000000   6   5  39091   1
 144   50039092    0.000000   60.000000   6   5  39092   0
 145   50039093    0.000000   60.000000   6   5  39093   0
 146   51039093    0.000000   60.000000   6   5  39093   1
 147   50039094    0.000000   58.000000   6   5  39094   0
 148   50039095    0.000000   66.000000   6   5  39095   0
 149   50039096    0.000000   76.000000   6   5  39096   0
 150   50039097    0.000000   85.000000   6   5  39097   0
 151   51039097    0.000000   85.000000   6   5  39097   1
 152   50039098    0.000000  100.000000   6   5  39098   0
 153   51039098    0.000000  100.000000   6   5  39098   1
 154   50039099    0.000000  110.000000   6   5  39099   0
 155   50039100    0.000000  130.000000   6   5  39100   0
 156   51039100    0.000000  130.000000   6   5  39100   1
 157   50039101    0.000000  140.000000   6   5  39101   0
 158   50039102    0.000000  170.000000   6   5  39102   0
 159   50040085    0.000000  160.000000   6   5  40085   0
 160   50040086    0.000000  140.000000   6   5  40086   0
 161   50040087    0.000000  130.000000   6   5  40087   0
 162   51040087    0.000000  130.000000   6   5  40087   1
 163   50040088    0.000000  110.000000   6   5  40088   0
 164   50040089    0.000000  100.000000   6   5  40089   0
 165   51040089    0.000000  100.000000   6   5  40089   1
 166   50040090    0.000000   85.000000   6   5  40090   0
 167   51040090    0.000000   85.000000   6   5  40090   1
 168   50040091    0.000000   76.000000   6   5  40091   0
 169   50040092    0.000000   66.000000   6   5  40092   0
 170   50040093    0.000000   58.000000   6   5  40093   0
 171   50040094    0.000000   50.000000   6   5  40094   0
 172   50040095    0.000000   42.000000   6   5  40095   0
 173   50040096    0.000000   48.000000   6   5  40096   0
 174   50040097    0.000000   58.000000   6   5  40097   0
 175   50040098    0.000000   66.000000   6   5  40098   0
 176   50040099    0.000000   78.000000   6   5  40099   0
 177   50040100    0.000000   80.000000   6   5  40100   0
 178   50040101    0.000000  110.000000   6   5  40101   0
 179   50040102    0.000000  110.000000   6   5  40102   0
 180   50040103    0.000000  140.000000   6   5  40103   0
 181   50041086    0.000000  160.000000   6   5  41086   0
 182   51041086    0.000000  160.000000   6   5  41086   1
 183   50041087    0.000000  140.000000   6   5  41087   0
 184   51041087    0.000000  140.000000   6   5  41087   1
 185   50041088    0.000000  130.000000   6   5  41088   0
 186   51041088    0.000000  130.000000   6   5  41088   1
 187   50041089    0.000000  120.000000   6   5  41089   0
 188   51041089    0.000000  120.000000   6   5  41089   1
 189   50041090    0.000000  100.000000   6   5  41090   0
 190   51041090    0.000000  100.000000   6   5  41090   1
 191   50041091    0.000000   90.000000   6   5  41091   0
 192   51041091    0.000000   90.000000   6   5  41091   1
 193   50041092    0.000000   80.000000   6   5  41092   0
 194   51041092    0.000000   80.000000   6   5  41092   1
 195   50041093    0.000000   70.000000   6   5  41093   0
 196   51041093    0.000000   70.000000   6   5  41093   1
 197   50041094    0.000000   62.000000   6   5  41094   0
 198   51041094    0.000000   62.000000   6   5  41094   1
 199   50041095    0.000000   52.000000   6   5  41095   0
 200   51041095    0.000000   54.000000   6   5  41095   1
 201   50041096    0.000000   44.000000   6   5  41096   0
 202   50041097    0.000000   42.000000   6   5  41097   0
 203   51041097    0.000000   44.000000   6   5  41097   1
 204   50041098    0.000000   42.000000   6   5  41098   0
 205   51041098    0.000000   42.000000   6   5  41098   1
 206   50041099    0.000000   52.000000   6   5  41099   0
 207   51041099    0.000000   52.000000   6   5  41099   1
 208   50041100    0.000000   58.000000   6   5  41100   0
 209   51041100    0.000000   58.000000   6   5  41100   1
 210   50041101    0.000000   68.000000   6   5  41101   0
 211   50041102    0.000000   78.000000   6   5  41102   0
 212   51041102    0.000000   78.000000   6   5  41102   1
 213   50041103    0.000000   85.000000   6   5  41103   0
 214   50041104    0.000000  110.000000   6   5  41104   0
 215   50042087    0.000000  180.000000   6   5  42087   0
 216   50042088    0.000000  160.000000   6   5  42088   0
 217   50042089    0.000000  140.000000   6   5  42089   0
 218   51042089    0.000000  140.000000   6   5  42089   1
 219   50042090    0.000000  120.000000   6   5  42090   0
 220   50042091    0.000000  110.000000   6   5  42091   0
 221   51042091    0.000000  110.000000   6   5  42091   1
 222   50042092    0.000000   95.000000   6   5  42092   0
 223   50042093    0.000000   85.000000   6   5  42093   0
 224   51042093    0.000000   85.000000   6   5  42093   1
 225   50042094    0.000000   70.000000   6   5  42094   0
 226   50042095    0.000000   60.000000   6   5  42095   0
 227   50042096    0.000000   50.000000   6   5  42096   0
 228   50042097    0.000000   40.000000   6   5  42097   0
 229   50042098    0.000000   32.000000   6   5  42098   0
 230   50042099    0.000000   23.000000   6   5  42099   0
 231   50042100    0.000000   36.000000   6   5  42100   0
 232   50042101    0.000000   38.000000   6   5  42101   0
 233   50042102    0.000000   52.000000   6   5  42102   0
 234   50042103    0.000000   56.000000   6   5  42103   0
 235   50042104    0.000000   68.000000   6   5  42104   0
 236   50042105    0.000000   78.000000   6   5  42105   0
 237   50043088    0.000000  180.000000   6   5  43088   0
 238   51043088    0.000000  180.000000   6   5  43088   1
 239   50043089    0.000000  160.000000   6   5  43089   0
 240   51043089    0.000000  160.000000   6   5  43089   1
 241   50043090    0.000000  140.000000   6   5  43090   0
 242   51043090    0.000000  150.000000   6   5  43090   1
 243   52043090    0.000000  150.000000   6   5  43090   2
 244   50043091    0.000000  130.000000   6   5  43091   0
 245   51043091    0.000000  130.000000   6   5  43091   1
 246   50043092    0.000000  120.000000   6   5  43092   0
 247   50043093    0.000000  100.000000   6   5  43093   0
 248   51043093    0.000000  100.000000   6   5  43093   1
 249   50043094    0.000000   90.000000   6   5  43094   0
 250   51043094    0.000000   90.000000   6   5  43094   1
 251   50043095    0.000000   78.000000   6   5  43095   0
 252   51043095    0.000000   78.000000   6   5  43095   1
 253   50043096    0.000000   68.000000   6   5  43096   0
 254   51043096    0.000000   68.000000   6   5  43096   1
 255   50043097    0.000000   58.000000   6   5  43097   0
 256   51043097    0.000000   58.000000   6   5  43097   1
 257   50043098    0.000000   50.000000   6   5  43098   0
 258   50043099    0.000000   40.000000   6   5  43099   0
 259   51043099    0.000000   40.000000   6   5  43099   1
 260   50043100    0.000000   32.000000   6   5  43100   0
 261   50043101    0.000000   30.000000   6   5  43101   0
 262   50043102    0.000000   26.000000   6   5  43102   0
 263   51043102    0.000000   26.000000   6   5  43102   1
 264   50043103    0.000000   38.000000   6   5  43103   0
 265   50043104    0.000000   40.000000   6   5  43104   0
 266   50043105    0.000000   52.000000   6   5  43105   0
 267   50043106    0.000000   56.000000   6   5  43106   0
 268   50044089    0.000000  190.000000   6   5  44089   0
 269   50044090    0.000000  180.000000   6   5  44090   0
 270   50044091    0.000000  160.000000   6   5  44091   0
 271   50044092    0.000000  130.000000   6   5  44092   0
 272   50044093    0.000000  120.000000   6   5  44093   0
 273   51044093    0.000000  120.000000   6   5  44093   1
 274   50044094    0.000000  110.000000   6   5  44094   0
 275   50044095    0.000000   90.000000   6   5  44095   0
 276   50044096    0.000000   78.000000   6   5  44096   0
 277   50044097    0.000000   68.000000   6   5  44097   0
 278   50044098    0.000000   56.000000   6   5  44098   0
 279   50044099    0.000000   46.000000   6   5  44099   0
 280   50044100    0.000000   36.000000   6   5  44100   0
 281   50044101    0.000000   28.000000   6   5  44101   0
 282   50044102    0.000000   18.500000   6   5  44102   0
 283   50044103    0.000000   12.500000   6   5  44103   0
 284   50044104    0.000000   24.000000   6   5  44104   0
 285   50044105    0.000000   26.000000   6   5  44105   0
 286   50044106    0.000000   38.000000   6   5  44106   0
 287   50044107    0.000000   40.000000   6   5  44107   0
 288   50045091    0.000000  180.000000   6   5  45091   0
 289   51045091    0.000000  180.000000   6   5  45091   1
 290   50045092    0.000000  160.000000   6   5  45092   0
 291   51045092    0.000000  160.000000   6   5  45092   1
 292   50045093    0.000000  150.000000   6   5  45093   0
 293   50045094    0.000000  130.000000   6   5  45094   0
 294   51045094    0.000000  130.000000   6   5  45094   1
 295   50045095    0.000000  120.000000   6   5  45095   0
 296   51045095    0.000000  120.000000   6   5  45095   1
 297   50045096    0.000000  110.000000   6   5  45096   0
 298   51045096    0.000000  110.000000   6   5  45096   1
 299   50045097    0.000000   90.000000   6   5  45097   0
 300   51045097    0.000000   90.000000   6   5  45097   1
 301   50045098    0.000000   80.000000   6   5  45098   0
 302   51045098    0.000000   80.000000   6   5  45098   1
 303   50045099    0.000000   68.000000   6   5  45099   0
 304   51045099    0.000000   68.000000   6   5  45099   1
 305   50045100    0.000000   60.000000   6   5  45100   0
 306   51045100    0.000000   60.000000   6   5  45100   1
 307   50045101    0.000000   48.000000   6   5  45101   0
 308   51045101    0.000000   48.000000   6   5  45101   1
 309   50045102    0.000000   40.000000   6   5  45102   0
 310   51045102    0.000000   40.000000   6   5  45102   1
 311   50045103    0.000000   30.000000   6   5  45103   0
 312   51045103    0.000000   30.000000   6   5  45103   1
 313   50045104    0.000000   23.000000   6   5  45104   0
 314   51045104    0.000000   23.000000   6   5  45104   1
 315   50045105    0.000000   20.000000   6   5  45105   0
 316   51045105    0.000000   20.000000   6   5  45105   1
 317   50045106    0.000000   15.500000   6   5  45106   0
 318   51045106    0.000000   16.000000   6   5  45106   1
 319   50045107    0.000000   27.000000   6   5  45107   0
 320   50045108    0.000000   29.000000   6   5  45108   0
 321   50046093    0.000000  180.000000   6   5  46093   0
 322   50046094    0.000000  150.000000   6   5  46094   0
 323   50046095    0.000000  140.000000   6   5  46095   0
 324   51046095    0.000000  140.000000   6   5  46095   1
 325   50046096    0.000000  120.000000   6   5  46096   0
 326   50046097    0.000000  110.000000   6   5  46097   0
 327   50046098    0.000000   90.000000   6   5  46098   0
 328   50046099    0.000000   80.000000   6   5  46099   0
 329   50046100    0.000000   68.000000   6   5  46100   0
 330   50046101    0.000000   60.000000   6   5  46101   0
 331   50046102    0.000000   48.000000   6   5  46102   0
 332   50046103    0.000000   40.000000   6   5  46103   0
 333   50046104    0.000000   29.000000   6   5  46104   0
 334   50046105    0.000000   21.000000   6   5  46105   0
 335   50046106    0.000000   11.000000   6   5  46106   0
 336   50046107    0.000000    4.500000   6   5  46107   0
 337   51046107    0.000000    5.000000   6   5  46107   1
 338   50046108    0.000000   16.000000   6   5  46108   0
 339   50046109    0.000000   17.000000   6   5  46109   0
 340   51046109    0.000000   17.500000   6   5  46109   1
 341   50047094    0.000000  190.000000   6   5  47094   0
 342   51047094    0.000000  190.000000   6   5  47094   1
 343   50047095    0.000000  170.000000   6   5  47095   0
 344   50047096    0.000000  150.000000   6   5  47096   0
 345   51047096    0.000000  150.000000   6   5  47096   1
 346   50047097    0.000000  140.000000   6   5  47097   0
 347   50047098    0.000000  130.000000   6   5  47098   0
 348   50047099    0.000000  110.000000   6   5  47099   0
 349   51047099    0.000000  110.000000   6   5  47099   1
 350   50047100    0.000000  100.000000   6   5  47100   0
 351   51047100    0.000000  100.000000   6   5  47100   1
 352   50047101    0.000000   85.000000   6   5  47101   0
 353   51047101    0.000000   85.000000   6   5  47101   1
 354   50047102    0.000000   74.000000   6   5  47102   0
 355   51047102    0.000000   74.000000   6   5  47102   1
 356   50047103    0.000000   64.000000   6   5  47103   0
 357   51047103    0.000000   64.000000   6   5  47103   1
 358   50047104    0.000000   54.000000   6   5  47104   0
 359   51047104    0.000000   54.000000   6   5  47104   1
 360   50047105    0.000000   44.000000   6   5  47105   0
 361   51047105    0.000000   44.000000   6   5  47105   1
 362   50047106    0.000000   36.000000   6   5  47106   0
 363   51047106    0.000000   36.000000   6   5  47106   1
 364   50047107    0.000000   25.000000   6   5  47107   0
 365   51047107    0.000000   25.000000   6   5  47107   1
 366   50047108    0.000000   17.000000   6   5  47108   0
 367   51047108    0.000000   17.500000   6   5  47108   1
 368   50047109    0.000000   14.000000   6   5  47109   0
 369   51047109    0.000000   14.000000   6   5  47109   1
 370   50047110    0.000000    9.500000   6   5  47110   0
 371   51047110    0.000000   10.000000   6   5  47110   1
 372   50048096    0.000000  190.000000   6   5  48096   0
 373   50048097    0.000000  160.000000   6   5  48097   0
 374   50048098    0.000000  140.000000   6   5  48098   0
 375   50048099    0.000000  130.000000   6   5  48099   0
 376   50048100    0.000000  120.000000   6   5  48100   0
 377   50048101    0.000000  110.000000   6   5  48101   0
 378   50048102    0.000000   90.000000   6   5  48102   0
 379   50048103    0.000000   78.000000   6   5  48103   0
 380   50048104    0.000000   66.000000   6   5  48104   0
 381   50048105    0.000000   56.000000   6   5  48105   0
 382   50048106    0.000000   44.000000   6   5  48106   0
 383   50048107    0.000000   36.000000   6   5  48107   0
 384   50048108    0.000000   25.000000   6   5  48108   0
 385   50048109    0.000000   17.500000   6   5  48109   0
 386   50048110    0.000000    7.000000   6   5  48110   0
 387   50048111    0.000000    1.000000   6   5  48111   0
 388   51048111    0.000000    1.000000   6   5  48111   1
 
   p   ZAP IP   NR    Tp [MeV]
   1     1  1    1    6.975595
   2     0  2    1    1.000000
   3  1001  9    1    9.083916
   4  1002 31    1   14.000000
   5  1003 32    1   17.000000
   6  2003 33    1   15.500000
   7  2004 34    1    4.500000
--------------------------------------------------------------------------------
 
