 
--------------------------------------------------------------------------------
 48-Cd-108   T= 0.00 K from IAEA/PD-2019       (ACEMAKER)
 ZAID= 48108.38u  MAT=4831  ZA= 48108
 AWR= 106.977200  STA=  0  ELIS=   0.000 MeV  LIS=  0  LISO=  0
--------------------------------------------------------------------------------
 NTOTR= 384 NTRAN=   1 NPROD= 383 NE=     136 EMAX= 200.000 MeV
   i     MT/MTD     Q [MeV]     T [MeV] LMF  MT    ZAP LFS
   1          5    0.000000    1.000000   3   5
   2   50028070    0.000000  180.000000   6   5  28070   0
   3   50029071    0.000000  160.000000   6   5  29071   0
   4   50029072    0.000000  180.000000   6   5  29072   0
   5   50029073    0.000000  180.000000   6   5  29073   0
   6   50030072    0.000000  140.000000   6   5  30072   0
   7   50030073    0.000000  160.000000   6   5  30073   0
   8   50030074    0.000000  160.000000   6   5  30074   0
   9   50030075    0.000000  180.000000   6   5  30075   0
  10   50030076    0.000000  180.000000   6   5  30076   0
  11   50031073    0.000000  140.000000   6   5  31073   0
  12   50031074    0.000000  140.000000   6   5  31074   0
  13   50031075    0.000000  140.000000   6   5  31075   0
  14   50031076    0.000000  150.000000   6   5  31076   0
  15   50031077    0.000000  150.000000   6   5  31077   0
  16   50031078    0.000000  180.000000   6   5  31078   0
  17   50031079    0.000000  180.000000   6   5  31079   0
  18   50032074    0.000000  130.000000   6   5  32074   0
  19   50032075    0.000000  120.000000   6   5  32075   0
  20   51032075    0.000000  120.000000   6   5  32075   1
  21   50032076    0.000000  120.000000   6   5  32076   0
  22   50032077    0.000000  130.000000   6   5  32077   0
  23   51032077    0.000000  130.000000   6   5  32077   1
  24   50032078    0.000000  130.000000   6   5  32078   0
  25   50032079    0.000000  150.000000   6   5  32079   0
  26   51032079    0.000000  150.000000   6   5  32079   1
  27   50032080    0.000000  150.000000   6   5  32080   0
  28   50032081    0.000000  180.000000   6   5  32081   0
  29   51032081    0.000000  180.000000   6   5  32081   1
  30   50032082    0.000000  180.000000   6   5  32082   0
  31   50033075    0.000000  130.000000   6   5  33075   0
  32   50033076    0.000000  120.000000   6   5  33076   0
  33   50033077    0.000000  120.000000   6   5  33077   0
  34   50033078    0.000000  120.000000   6   5  33078   0
  35   50033079    0.000000  120.000000   6   5  33079   0
  36   50033080    0.000000  130.000000   6   5  33080   0
  37   50033081    0.000000  130.000000   6   5  33081   0
  38   50033082    0.000000  150.000000   6   5  33082   0
  39   51033082    0.000000  150.000000   6   5  33082   1
  40   50033083    0.000000  150.000000   6   5  33083   0
  41   50033084    0.000000  180.000000   6   5  33084   0
  42   50033085    0.000000  180.000000   6   5  33085   0
  43   50034076    0.000000  130.000000   6   5  34076   0
  44   50034077    0.000000  120.000000   6   5  34077   0
  45   51034077    0.000000  120.000000   6   5  34077   1
  46   50034078    0.000000  110.000000   6   5  34078   0
  47   50034079    0.000000  110.000000   6   5  34079   0
  48   51034079    0.000000  110.000000   6   5  34079   1
  49   50034080    0.000000  110.000000   6   5  34080   0
  50   50034081    0.000000  110.000000   6   5  34081   0
  51   51034081    0.000000  110.000000   6   5  34081   1
  52   50034082    0.000000  110.000000   6   5  34082   0
  53   50034083    0.000000  130.000000   6   5  34083   0
  54   51034083    0.000000  130.000000   6   5  34083   1
  55   50034084    0.000000  130.000000   6   5  34084   0
  56   50034085    0.000000  150.000000   6   5  34085   0
  57   50034086    0.000000  150.000000   6   5  34086   0
  58   50034087    0.000000  180.000000   6   5  34087   0
  59   50034088    0.000000  180.000000   6   5  34088   0
  60   50035077    0.000000  130.000000   6   5  35077   0
  61   51035077    0.000000  130.000000   6   5  35077   1
  62   50035078    0.000000  120.000000   6   5  35078   0
  63   50035079    0.000000  110.000000   6   5  35079   0
  64   51035079    0.000000  110.000000   6   5  35079   1
  65   50035080    0.000000  110.000000   6   5  35080   0
  66   51035080    0.000000  110.000000   6   5  35080   1
  67   50035081    0.000000  110.000000   6   5  35081   0
  68   50035082    0.000000   95.000000   6   5  35082   0
  69   51035082    0.000000   95.000000   6   5  35082   1
  70   50035083    0.000000   95.000000   6   5  35083   0
  71   50035084    0.000000  110.000000   6   5  35084   0
  72   51035084    0.000000  110.000000   6   5  35084   1
  73   50035085    0.000000  110.000000   6   5  35085   0
  74   50035086    0.000000  130.000000   6   5  35086   0
  75   50035087    0.000000  130.000000   6   5  35087   0
  76   50035088    0.000000  150.000000   6   5  35088   0
  77   50035089    0.000000  150.000000   6   5  35089   0
  78   50035090    0.000000  180.000000   6   5  35090   0
  79   50035091    0.000000  190.000000   6   5  35091   0
  80   50036078    0.000000  140.000000   6   5  36078   0
  81   50036079    0.000000  130.000000   6   5  36079   0
  82   51036079    0.000000  130.000000   6   5  36079   1
  83   50036080    0.000000  120.000000   6   5  36080   0
  84   50036081    0.000000  110.000000   6   5  36081   0
  85   51036081    0.000000  110.000000   6   5  36081   1
  86   50036082    0.000000   90.000000   6   5  36082   0
  87   50036083    0.000000   80.000000   6   5  36083   0
  88   51036083    0.000000   80.000000   6   5  36083   1
  89   50036084    0.000000   78.000000   6   5  36084   0
  90   50036085    0.000000   78.000000   6   5  36085   0
  91   51036085    0.000000   80.000000   6   5  36085   1
  92   50036086    0.000000   85.000000   6   5  36086   0
  93   50036087    0.000000  100.000000   6   5  36087   0
  94   50036088    0.000000  110.000000   6   5  36088   0
  95   50036089    0.000000  130.000000   6   5  36089   0
  96   50036090    0.000000  130.000000   6   5  36090   0
  97   50036091    0.000000  150.000000   6   5  36091   0
  98   50036092    0.000000  150.000000   6   5  36092   0
  99   50036093    0.000000  190.000000   6   5  36093   0
 100   50037079    0.000000  140.000000   6   5  37079   0
 101   50037080    0.000000  130.000000   6   5  37080   0
 102   50037081    0.000000  120.000000   6   5  37081   0
 103   51037081    0.000000  120.000000   6   5  37081   1
 104   50037082    0.000000  110.000000   6   5  37082   0
 105   51037082    0.000000  110.000000   6   5  37082   1
 106   50037083    0.000000   90.000000   6   5  37083   0
 107   50037084    0.000000   80.000000   6   5  37084   0
 108   51037084    0.000000   80.000000   6   5  37084   1
 109   50037085    0.000000   78.000000   6   5  37085   0
 110   50037086    0.000000   76.000000   6   5  37086   0
 111   51037086    0.000000   76.000000   6   5  37086   1
 112   50037087    0.000000   76.000000   6   5  37087   0
 113   50037088    0.000000   76.000000   6   5  37088   0
 114   50037089    0.000000   85.000000   6   5  37089   0
 115   50037090    0.000000  100.000000   6   5  37090   0
 116   51037090    0.000000  100.000000   6   5  37090   1
 117   50037091    0.000000  110.000000   6   5  37091   0
 118   50037092    0.000000  130.000000   6   5  37092   0
 119   50037093    0.000000  130.000000   6   5  37093   0
 120   50037094    0.000000  150.000000   6   5  37094   0
 121   50037095    0.000000  160.000000   6   5  37095   0
 122   50038080    0.000000  150.000000   6   5  38080   0
 123   50038081    0.000000  140.000000   6   5  38081   0
 124   50038082    0.000000  120.000000   6   5  38082   0
 125   50038083    0.000000  110.000000   6   5  38083   0
 126   51038083    0.000000  110.000000   6   5  38083   1
 127   50038084    0.000000   95.000000   6   5  38084   0
 128   50038085    0.000000   85.000000   6   5  38085   0
 129   51038085    0.000000   85.000000   6   5  38085   1
 130   50038086    0.000000   72.000000   6   5  38086   0
 131   50038087    0.000000   62.000000   6   5  38087   0
 132   51038087    0.000000   62.000000   6   5  38087   1
 133   50038088    0.000000   56.000000   6   5  38088   0
 134   50038089    0.000000   60.000000   6   5  38089   0
 135   50038090    0.000000   70.000000   6   5  38090   0
 136   50038091    0.000000   76.000000   6   5  38091   0
 137   50038092    0.000000   85.000000   6   5  38092   0
 138   50038093    0.000000  100.000000   6   5  38093   0
 139   50038094    0.000000  110.000000   6   5  38094   0
 140   50038095    0.000000  130.000000   6   5  38095   0
 141   50038096    0.000000  140.000000   6   5  38096   0
 142   50038097    0.000000  160.000000   6   5  38097   0
 143   50039081    0.000000  150.000000   6   5  39081   0
 144   50039082    0.000000  140.000000   6   5  39082   0
 145   50039083    0.000000  130.000000   6   5  39083   0
 146   51039083    0.000000  130.000000   6   5  39083   1
 147   50039084    0.000000  110.000000   6   5  39084   0
 148   51039084    0.000000  110.000000   6   5  39084   1
 149   50039085    0.000000  100.000000   6   5  39085   0
 150   51039085    0.000000  100.000000   6   5  39085   1
 151   50039086    0.000000   85.000000   6   5  39086   0
 152   51039086    0.000000   90.000000   6   5  39086   1
 153   50039087    0.000000   76.000000   6   5  39087   0
 154   51039087    0.000000   76.000000   6   5  39087   1
 155   50039088    0.000000   66.000000   6   5  39088   0
 156   50039089    0.000000   56.000000   6   5  39089   0
 157   51039089    0.000000   56.000000   6   5  39089   1
 158   50039090    0.000000   56.000000   6   5  39090   0
 159   51039090    0.000000   56.000000   6   5  39090   1
 160   50039091    0.000000   56.000000   6   5  39091   0
 161   51039091    0.000000   56.000000   6   5  39091   1
 162   50039092    0.000000   62.000000   6   5  39092   0
 163   50039093    0.000000   72.000000   6   5  39093   0
 164   51039093    0.000000   72.000000   6   5  39093   1
 165   50039094    0.000000   78.000000   6   5  39094   0
 166   50039095    0.000000   85.000000   6   5  39095   0
 167   50039096    0.000000  110.000000   6   5  39096   0
 168   50039097    0.000000  110.000000   6   5  39097   0
 169   51039097    0.000000  110.000000   6   5  39097   1
 170   50039098    0.000000  140.000000   6   5  39098   0
 171   51039098    0.000000  140.000000   6   5  39098   1
 172   50040082    0.000000  170.000000   6   5  40082   0
 173   50040083    0.000000  150.000000   6   5  40083   0
 174   50040084    0.000000  140.000000   6   5  40084   0
 175   50040085    0.000000  120.000000   6   5  40085   0
 176   50040086    0.000000  110.000000   6   5  40086   0
 177   50040087    0.000000   90.000000   6   5  40087   0
 178   51040087    0.000000   90.000000   6   5  40087   1
 179   50040088    0.000000   76.000000   6   5  40088   0
 180   50040089    0.000000   66.000000   6   5  40089   0
 181   51040089    0.000000   66.000000   6   5  40089   1
 182   50040090    0.000000   56.000000   6   5  40090   0
 183   51040090    0.000000   56.000000   6   5  40090   1
 184   50040091    0.000000   46.000000   6   5  40091   0
 185   50040092    0.000000   38.000000   6   5  40092   0
 186   50040093    0.000000   46.000000   6   5  40093   0
 187   50040094    0.000000   54.000000   6   5  40094   0
 188   50040095    0.000000   60.000000   6   5  40095   0
 189   50040096    0.000000   70.000000   6   5  40096   0
 190   50040097    0.000000   76.000000   6   5  40097   0
 191   50040098    0.000000   85.000000   6   5  40098   0
 192   50040099    0.000000  110.000000   6   5  40099   0
 193   50040100    0.000000  170.000000   6   5  40100   0
 194   50041083    0.000000  170.000000   6   5  41083   0
 195   50041084    0.000000  160.000000   6   5  41084   0
 196   50041085    0.000000  140.000000   6   5  41085   0
 197   50041086    0.000000  130.000000   6   5  41086   0
 198   51041086    0.000000  130.000000   6   5  41086   1
 199   50041087    0.000000  110.000000   6   5  41087   0
 200   51041087    0.000000  110.000000   6   5  41087   1
 201   50041088    0.000000  100.000000   6   5  41088   0
 202   51041088    0.000000  100.000000   6   5  41088   1
 203   50041089    0.000000   85.000000   6   5  41089   0
 204   51041089    0.000000   85.000000   6   5  41089   1
 205   50041090    0.000000   74.000000   6   5  41090   0
 206   51041090    0.000000   74.000000   6   5  41090   1
 207   50041091    0.000000   60.000000   6   5  41091   0
 208   51041091    0.000000   60.000000   6   5  41091   1
 209   50041092    0.000000   52.000000   6   5  41092   0
 210   51041092    0.000000   52.000000   6   5  41092   1
 211   50041093    0.000000   42.000000   6   5  41093   0
 212   51041093    0.000000   42.000000   6   5  41093   1
 213   50041094    0.000000   42.000000   6   5  41094   0
 214   51041094    0.000000   40.000000   6   5  41094   1
 215   50041095    0.000000   38.000000   6   5  41095   0
 216   51041095    0.000000   38.000000   6   5  41095   1
 217   50041096    0.000000   48.000000   6   5  41096   0
 218   50041097    0.000000   52.000000   6   5  41097   0
 219   51041097    0.000000   52.000000   6   5  41097   1
 220   50041098    0.000000   64.000000   6   5  41098   0
 221   51041098    0.000000   64.000000   6   5  41098   1
 222   50041099    0.000000   72.000000   6   5  41099   0
 223   51041099    0.000000   72.000000   6   5  41099   1
 224   50041100    0.000000   80.000000   6   5  41100   0
 225   51041100    0.000000   80.000000   6   5  41100   1
 226   50041101    0.000000  110.000000   6   5  41101   0
 227   50042084    0.000000  190.000000   6   5  42084   0
 228   50042085    0.000000  170.000000   6   5  42085   0
 229   50042086    0.000000  150.000000   6   5  42086   0
 230   50042087    0.000000  140.000000   6   5  42087   0
 231   50042088    0.000000  120.000000   6   5  42088   0
 232   50042089    0.000000  110.000000   6   5  42089   0
 233   51042089    0.000000  110.000000   6   5  42089   1
 234   50042090    0.000000   85.000000   6   5  42090   0
 235   50042091    0.000000   74.000000   6   5  42091   0
 236   51042091    0.000000   74.000000   6   5  42091   1
 237   50042092    0.000000   62.000000   6   5  42092   0
 238   50042093    0.000000   52.000000   6   5  42093   0
 239   51042093    0.000000   52.000000   6   5  42093   1
 240   50042094    0.000000   40.000000   6   5  42094   0
 241   50042095    0.000000   32.000000   6   5  42095   0
 242   50042096    0.000000   21.000000   6   5  42096   0
 243   50042097    0.000000   34.000000   6   5  42097   0
 244   50042098    0.000000   36.000000   6   5  42098   0
 245   50042099    0.000000   46.000000   6   5  42099   0
 246   50042100    0.000000   52.000000   6   5  42100   0
 247   50042101    0.000000   64.000000   6   5  42101   0
 248   50042102    0.000000   74.000000   6   5  42102   0
 249   50043086    0.000000  180.000000   6   5  43086   0
 250   50043087    0.000000  160.000000   6   5  43087   0
 251   50043088    0.000000  140.000000   6   5  43088   0
 252   51043088    0.000000  140.000000   6   5  43088   1
 253   50043089    0.000000  130.000000   6   5  43089   0
 254   51043089    0.000000  130.000000   6   5  43089   1
 255   50043090    0.000000  120.000000   6   5  43090   0
 256   51043090    0.000000  120.000000   6   5  43090   1
 257   52043090    0.000000  120.000000   6   5  43090   2
 258   50043091    0.000000  100.000000   6   5  43091   0
 259   51043091    0.000000  100.000000   6   5  43091   1
 260   50043092    0.000000   85.000000   6   5  43092   0
 261   50043093    0.000000   70.000000   6   5  43093   0
 262   51043093    0.000000   70.000000   6   5  43093   1
 263   50043094    0.000000   60.000000   6   5  43094   0
 264   51043094    0.000000   60.000000   6   5  43094   1
 265   50043095    0.000000   50.000000   6   5  43095   0
 266   51043095    0.000000   50.000000   6   5  43095   1
 267   50043096    0.000000   42.000000   6   5  43096   0
 268   51043096    0.000000   42.000000   6   5  43096   1
 269   50043097    0.000000   32.000000   6   5  43097   0
 270   51043097    0.000000   32.000000   6   5  43097   1
 271   50043098    0.000000   29.000000   6   5  43098   0
 272   50043099    0.000000   22.000000   6   5  43099   0
 273   51043099    0.000000   22.000000   6   5  43099   1
 274   50043100    0.000000   36.000000   6   5  43100   0
 275   50043101    0.000000   36.000000   6   5  43101   0
 276   50043102    0.000000   48.000000   6   5  43102   0
 277   51043102    0.000000   50.000000   6   5  43102   1
 278   50043103    0.000000   52.000000   6   5  43103   0
 279   50044088    0.000000  180.000000   6   5  44088   0
 280   50044089    0.000000  150.000000   6   5  44089   0
 281   50044090    0.000000  130.000000   6   5  44090   0
 282   50044091    0.000000  120.000000   6   5  44091   0
 283   50044092    0.000000  100.000000   6   5  44092   0
 284   50044093    0.000000   85.000000   6   5  44093   0
 285   51044093    0.000000   85.000000   6   5  44093   1
 286   50044094    0.000000   72.000000   6   5  44094   0
 287   50044095    0.000000   60.000000   6   5  44095   0
 288   50044096    0.000000   48.000000   6   5  44096   0
 289   50044097    0.000000   38.000000   6   5  44097   0
 290   50044098    0.000000   28.000000   6   5  44098   0
 291   50044099    0.000000   20.000000   6   5  44099   0
 292   50044100    0.000000   10.000000   6   5  44100   0
 293   50044101    0.000000   24.000000   6   5  44101   0
 294   50044102    0.000000   22.000000   6   5  44102   0
 295   50044103    0.000000   36.000000   6   5  44103   0
 296   50044104    0.000000   36.000000   6   5  44104   0
 297   50045089    0.000000  180.000000   6   5  45089   0
 298   50045090    0.000000  170.000000   6   5  45090   0
 299   50045091    0.000000  150.000000   6   5  45091   0
 300   51045091    0.000000  150.000000   6   5  45091   1
 301   50045092    0.000000  130.000000   6   5  45092   0
 302   51045092    0.000000  130.000000   6   5  45092   1
 303   50045093    0.000000  120.000000   6   5  45093   0
 304   50045094    0.000000  100.000000   6   5  45094   0
 305   51045094    0.000000  100.000000   6   5  45094   1
 306   50045095    0.000000   85.000000   6   5  45095   0
 307   51045095    0.000000   85.000000   6   5  45095   1
 308   50045096    0.000000   74.000000   6   5  45096   0
 309   51045096    0.000000   74.000000   6   5  45096   1
 310   50045097    0.000000   62.000000   6   5  45097   0
 311   51045097    0.000000   62.000000   6   5  45097   1
 312   50045098    0.000000   52.000000   6   5  45098   0
 313   51045098    0.000000   52.000000   6   5  45098   1
 314   50045099    0.000000   42.000000   6   5  45099   0
 315   51045099    0.000000   42.000000   6   5  45099   1
 316   50045100    0.000000   34.000000   6   5  45100   0
 317   51045100    0.000000   34.000000   6   5  45100   1
 318   50045101    0.000000   23.000000   6   5  45101   0
 319   51045101    0.000000   23.000000   6   5  45101   1
 320   50045102    0.000000   21.000000   6   5  45102   0
 321   51045102    0.000000   21.000000   6   5  45102   1
 322   50045103    0.000000   13.500000   6   5  45103   0
 323   51045103    0.000000   13.500000   6   5  45103   1
 324   50045104    0.000000   27.000000   6   5  45104   0
 325   51045104    0.000000   27.000000   6   5  45104   1
 326   50045105    0.000000   26.000000   6   5  45105   0
 327   51045105    0.000000   26.000000   6   5  45105   1
 328   50046091    0.000000  180.000000   6   5  46091   0
 329   50046092    0.000000  160.000000   6   5  46092   0
 330   50046093    0.000000  140.000000   6   5  46093   0
 331   50046094    0.000000  120.000000   6   5  46094   0
 332   50046095    0.000000  110.000000   6   5  46095   0
 333   51046095    0.000000  110.000000   6   5  46095   1
 334   50046096    0.000000   90.000000   6   5  46096   0
 335   50046097    0.000000   76.000000   6   5  46097   0
 336   50046098    0.000000   64.000000   6   5  46098   0
 337   50046099    0.000000   54.000000   6   5  46099   0
 338   50046100    0.000000   42.000000   6   5  46100   0
 339   50046101    0.000000   34.000000   6   5  46101   0
 340   50046102    0.000000   22.000000   6   5  46102   0
 341   50046103    0.000000   13.500000   6   5  46103   0
 342   50046104    0.000000    3.500000   6   5  46104   0
 343   50046105    0.000000   17.000000   6   5  46105   0
 344   50046106    0.000000   15.000000   6   5  46106   0
 345   50047093    0.000000  170.000000   6   5  47093   0
 346   50047094    0.000000  160.000000   6   5  47094   0
 347   51047094    0.000000  160.000000   6   5  47094   1
 348   50047095    0.000000  140.000000   6   5  47095   0
 349   50047096    0.000000  130.000000   6   5  47096   0
 350   51047096    0.000000  120.000000   6   5  47096   1
 351   50047097    0.000000  110.000000   6   5  47097   0
 352   50047098    0.000000   95.000000   6   5  47098   0
 353   50047099    0.000000   80.000000   6   5  47099   0
 354   51047099    0.000000   80.000000   6   5  47099   1
 355   50047100    0.000000   70.000000   6   5  47100   0
 356   51047100    0.000000   70.000000   6   5  47100   1
 357   50047101    0.000000   58.000000   6   5  47101   0
 358   51047101    0.000000   58.000000   6   5  47101   1
 359   50047102    0.000000   48.000000   6   5  47102   0
 360   51047102    0.000000   48.000000   6   5  47102   1
 361   50047103    0.000000   38.000000   6   5  47103   0
 362   51047103    0.000000   38.000000   6   5  47103   1
 363   50047104    0.000000   28.000000   6   5  47104   0
 364   51047104    0.000000   28.000000   6   5  47104   1
 365   50047105    0.000000   17.500000   6   5  47105   0
 366   51047105    0.000000   18.000000   6   5  47105   1
 367   50047106    0.000000   16.000000   6   5  47106   0
 368   51047106    0.000000   16.000000   6   5  47106   1
 369   50047107    0.000000    8.500000   6   5  47107   0
 370   51047107    0.000000    8.500000   6   5  47107   1
 371   50048095    0.000000  170.000000   6   5  48095   0
 372   50048096    0.000000  150.000000   6   5  48096   0
 373   50048097    0.000000  130.000000   6   5  48097   0
 374   50048098    0.000000  110.000000   6   5  48098   0
 375   50048099    0.000000  100.000000   6   5  48099   0
 376   50048100    0.000000   85.000000   6   5  48100   0
 377   50048101    0.000000   74.000000   6   5  48101   0
 378   50048102    0.000000   62.000000   6   5  48102   0
 379   50048103    0.000000   50.000000   6   5  48103   0
 380   50048104    0.000000   40.000000   6   5  48104   0
 381   50048105    0.000000   30.000000   6   5  48105   0
 382   50048106    0.000000   18.500000   6   5  48106   0
 383   50048107    0.000000   10.500000   6   5  48107   0
 384   50048108    0.000000    1.000000   6   5  48108   0
 
   p   ZAP IP   NR    Tp [MeV]
   1     1  1    1   10.333470
   2     0  2    1    1.000000
   3  1001  9    1    8.134715
   4  1002 31    1   15.445750
   5  1003 32    1   17.500000
   6  2003 33    1   17.000000
   7  2004 34    1    3.500000
--------------------------------------------------------------------------------
 
