 
--------------------------------------------------------------------------------
 48-Cd-113   T= 0.00 K from IAEA/PD-2019       (ACEMAKER)
 ZAID= 48113.38u  MAT=4846  ZA= 48113
 AWR= 111.934500  STA=  0  ELIS=   0.000 MeV  LIS=  0  LISO=  0
--------------------------------------------------------------------------------
 NTOTR= 368 NTRAN=   1 NPROD= 367 NE=     131 EMAX= 200.000 MeV
   i     MT/MTD     Q [MeV]     T [MeV] LMF  MT    ZAP LFS
   1          5    0.000000    1.000000   3   5
   2   50030077    0.000000  170.000000   6   5  30077   0
   3   51030077    0.000000  170.000000   6   5  30077   1
   4   50030078    0.000000  170.000000   6   5  30078   0
   5   50030079    0.000000  190.000000   6   5  30079   0
   6   50030080    0.000000  190.000000   6   5  30080   0
   7   50031078    0.000000  170.000000   6   5  31078   0
   8   50031079    0.000000  170.000000   6   5  31079   0
   9   50031080    0.000000  170.000000   6   5  31080   0
  10   50031081    0.000000  170.000000   6   5  31081   0
  11   50031082    0.000000  190.000000   6   5  31082   0
  12   50032079    0.000000  140.000000   6   5  32079   0
  13   51032079    0.000000  140.000000   6   5  32079   1
  14   50032080    0.000000  140.000000   6   5  32080   0
  15   50032081    0.000000  140.000000   6   5  32081   0
  16   51032081    0.000000  140.000000   6   5  32081   1
  17   50032082    0.000000  140.000000   6   5  32082   0
  18   50032083    0.000000  160.000000   6   5  32083   0
  19   50032084    0.000000  160.000000   6   5  32084   0
  20   50033080    0.000000  140.000000   6   5  33080   0
  21   50033081    0.000000  140.000000   6   5  33081   0
  22   50033082    0.000000  140.000000   6   5  33082   0
  23   51033082    0.000000  140.000000   6   5  33082   1
  24   50033083    0.000000  140.000000   6   5  33083   0
  25   50033084    0.000000  140.000000   6   5  33084   0
  26   50033085    0.000000  140.000000   6   5  33085   0
  27   50033086    0.000000  160.000000   6   5  33086   0
  28   50033087    0.000000  170.000000   6   5  33087   0
  29   50034081    0.000000  140.000000   6   5  34081   0
  30   51034081    0.000000  140.000000   6   5  34081   1
  31   50034082    0.000000  130.000000   6   5  34082   0
  32   50034083    0.000000  120.000000   6   5  34083   0
  33   51034083    0.000000  120.000000   6   5  34083   1
  34   50034084    0.000000  120.000000   6   5  34084   0
  35   50034085    0.000000  110.000000   6   5  34085   0
  36   50034086    0.000000  110.000000   6   5  34086   0
  37   50034087    0.000000  140.000000   6   5  34087   0
  38   50034088    0.000000  140.000000   6   5  34088   0
  39   50034089    0.000000  170.000000   6   5  34089   0
  40   50034090    0.000000  170.000000   6   5  34090   0
  41   50035082    0.000000  140.000000   6   5  35082   0
  42   51035082    0.000000  140.000000   6   5  35082   1
  43   50035083    0.000000  130.000000   6   5  35083   0
  44   50035084    0.000000  120.000000   6   5  35084   0
  45   51035084    0.000000  120.000000   6   5  35084   1
  46   50035085    0.000000  120.000000   6   5  35085   0
  47   50035086    0.000000  110.000000   6   5  35086   0
  48   50035087    0.000000  110.000000   6   5  35087   0
  49   50035088    0.000000  110.000000   6   5  35088   0
  50   50035089    0.000000  110.000000   6   5  35089   0
  51   50035090    0.000000  140.000000   6   5  35090   0
  52   50035091    0.000000  140.000000   6   5  35091   0
  53   50035092    0.000000  170.000000   6   5  35092   0
  54   50035093    0.000000  170.000000   6   5  35093   0
  55   50036083    0.000000  140.000000   6   5  36083   0
  56   51036083    0.000000  140.000000   6   5  36083   1
  57   50036084    0.000000  120.000000   6   5  36084   0
  58   50036085    0.000000  120.000000   6   5  36085   0
  59   51036085    0.000000  120.000000   6   5  36085   1
  60   50036086    0.000000  110.000000   6   5  36086   0
  61   50036087    0.000000  100.000000   6   5  36087   0
  62   50036088    0.000000   90.000000   6   5  36088   0
  63   50036089    0.000000   90.000000   6   5  36089   0
  64   50036090    0.000000   90.000000   6   5  36090   0
  65   50036091    0.000000  110.000000   6   5  36091   0
  66   50036092    0.000000  110.000000   6   5  36092   0
  67   50036093    0.000000  140.000000   6   5  36093   0
  68   50036094    0.000000  140.000000   6   5  36094   0
  69   50036095    0.000000  170.000000   6   5  36095   0
  70   50036096    0.000000  170.000000   6   5  36096   0
  71   50037084    0.000000  140.000000   6   5  37084   0
  72   51037084    0.000000  140.000000   6   5  37084   1
  73   50037085    0.000000  120.000000   6   5  37085   0
  74   50037086    0.000000  120.000000   6   5  37086   0
  75   51037086    0.000000  120.000000   6   5  37086   1
  76   50037087    0.000000  110.000000   6   5  37087   0
  77   50037088    0.000000  100.000000   6   5  37088   0
  78   50037089    0.000000   90.000000   6   5  37089   0
  79   50037090    0.000000   90.000000   6   5  37090   0
  80   51037090    0.000000   90.000000   6   5  37090   1
  81   50037091    0.000000   90.000000   6   5  37091   0
  82   50037092    0.000000   85.000000   6   5  37092   0
  83   50037093    0.000000   85.000000   6   5  37093   0
  84   50037094    0.000000  110.000000   6   5  37094   0
  85   50037095    0.000000  110.000000   6   5  37095   0
  86   50037096    0.000000  140.000000   6   5  37096   0
  87   50037097    0.000000  140.000000   6   5  37097   0
  88   50037098    0.000000  170.000000   6   5  37098   0
  89   50037099    0.000000  180.000000   6   5  37099   0
  90   50038085    0.000000  140.000000   6   5  38085   0
  91   51038085    0.000000  140.000000   6   5  38085   1
  92   50038086    0.000000  130.000000   6   5  38086   0
  93   50038087    0.000000  120.000000   6   5  38087   0
  94   51038087    0.000000  120.000000   6   5  38087   1
  95   50038088    0.000000  110.000000   6   5  38088   0
  96   50038089    0.000000   95.000000   6   5  38089   0
  97   50038090    0.000000   85.000000   6   5  38090   0
  98   50038091    0.000000   76.000000   6   5  38091   0
  99   50038092    0.000000   70.000000   6   5  38092   0
 100   50038093    0.000000   64.000000   6   5  38093   0
 101   50038094    0.000000   70.000000   6   5  38094   0
 102   50038095    0.000000   85.000000   6   5  38095   0
 103   50038096    0.000000   85.000000   6   5  38096   0
 104   50038097    0.000000  110.000000   6   5  38097   0
 105   50038098    0.000000  110.000000   6   5  38098   0
 106   50038099    0.000000  140.000000   6   5  38099   0
 107   50038100    0.000000  140.000000   6   5  38100   0
 108   50038101    0.000000  180.000000   6   5  38101   0
 109   50038102    0.000000  180.000000   6   5  38102   0
 110   50039086    0.000000  140.000000   6   5  39086   0
 111   51039086    0.000000  140.000000   6   5  39086   1
 112   50039087    0.000000  130.000000   6   5  39087   0
 113   51039087    0.000000  130.000000   6   5  39087   1
 114   50039088    0.000000  120.000000   6   5  39088   0
 115   50039089    0.000000  110.000000   6   5  39089   0
 116   51039089    0.000000  110.000000   6   5  39089   1
 117   50039090    0.000000   95.000000   6   5  39090   0
 118   51039090    0.000000   95.000000   6   5  39090   1
 119   50039091    0.000000   85.000000   6   5  39091   0
 120   51039091    0.000000   85.000000   6   5  39091   1
 121   50039092    0.000000   76.000000   6   5  39092   0
 122   50039093    0.000000   70.000000   6   5  39093   0
 123   51039093    0.000000   70.000000   6   5  39093   1
 124   50039094    0.000000   64.000000   6   5  39094   0
 125   50039095    0.000000   64.000000   6   5  39095   0
 126   50039096    0.000000   64.000000   6   5  39096   0
 127   50039097    0.000000   72.000000   6   5  39097   0
 128   51039097    0.000000   72.000000   6   5  39097   1
 129   50039098    0.000000   85.000000   6   5  39098   0
 130   51039098    0.000000   85.000000   6   5  39098   1
 131   50039099    0.000000   90.000000   6   5  39099   0
 132   50039100    0.000000  110.000000   6   5  39100   0
 133   51039100    0.000000  110.000000   6   5  39100   1
 134   50039101    0.000000  110.000000   6   5  39101   0
 135   50039102    0.000000  140.000000   6   5  39102   0
 136   50039103    0.000000  150.000000   6   5  39103   0
 137   50039104    0.000000  180.000000   6   5  39104   0
 138   50040087    0.000000  150.000000   6   5  40087   0
 139   51040087    0.000000  150.000000   6   5  40087   1
 140   50040088    0.000000  130.000000   6   5  40088   0
 141   50040089    0.000000  120.000000   6   5  40089   0
 142   51040089    0.000000  120.000000   6   5  40089   1
 143   50040090    0.000000  110.000000   6   5  40090   0
 144   51040090    0.000000  110.000000   6   5  40090   1
 145   50040091    0.000000   95.000000   6   5  40091   0
 146   50040092    0.000000   85.000000   6   5  40092   0
 147   50040093    0.000000   76.000000   6   5  40093   0
 148   50040094    0.000000   68.000000   6   5  40094   0
 149   50040095    0.000000   60.000000   6   5  40095   0
 150   50040096    0.000000   52.000000   6   5  40096   0
 151   50040097    0.000000   46.000000   6   5  40097   0
 152   50040098    0.000000   54.000000   6   5  40098   0
 153   50040099    0.000000   62.000000   6   5  40099   0
 154   50040100    0.000000   72.000000   6   5  40100   0
 155   50040101    0.000000   85.000000   6   5  40101   0
 156   50040102    0.000000   90.000000   6   5  40102   0
 157   50040103    0.000000  110.000000   6   5  40103   0
 158   50040104    0.000000  120.000000   6   5  40104   0
 159   50040105    0.000000  150.000000   6   5  40105   0
 160   50041088    0.000000  150.000000   6   5  41088   0
 161   51041088    0.000000  150.000000   6   5  41088   1
 162   50041089    0.000000  130.000000   6   5  41089   0
 163   51041089    0.000000  140.000000   6   5  41089   1
 164   50041090    0.000000  120.000000   6   5  41090   0
 165   51041090    0.000000  120.000000   6   5  41090   1
 166   50041091    0.000000  110.000000   6   5  41091   0
 167   51041091    0.000000  110.000000   6   5  41091   1
 168   50041092    0.000000   95.000000   6   5  41092   0
 169   51041092    0.000000   95.000000   6   5  41092   1
 170   50041093    0.000000   85.000000   6   5  41093   0
 171   51041093    0.000000   85.000000   6   5  41093   1
 172   50041094    0.000000   80.000000   6   5  41094   0
 173   51041094    0.000000   80.000000   6   5  41094   1
 174   50041095    0.000000   70.000000   6   5  41095   0
 175   51041095    0.000000   72.000000   6   5  41095   1
 176   50041096    0.000000   62.000000   6   5  41096   0
 177   50041097    0.000000   54.000000   6   5  41097   0
 178   51041097    0.000000   56.000000   6   5  41097   1
 179   50041098    0.000000   48.000000   6   5  41098   0
 180   51041098    0.000000   48.000000   6   5  41098   1
 181   50041099    0.000000   46.000000   6   5  41099   0
 182   51041099    0.000000   46.000000   6   5  41099   1
 183   50041100    0.000000   44.000000   6   5  41100   0
 184   51041100    0.000000   44.000000   6   5  41100   1
 185   50041101    0.000000   56.000000   6   5  41101   0
 186   50041102    0.000000   62.000000   6   5  41102   0
 187   51041102    0.000000   62.000000   6   5  41102   1
 188   50041103    0.000000   72.000000   6   5  41103   0
 189   50041104    0.000000   85.000000   6   5  41104   0
 190   50041105    0.000000   90.000000   6   5  41105   0
 191   50041106    0.000000  120.000000   6   5  41106   0
 192   50042089    0.000000  160.000000   6   5  42089   0
 193   51042089    0.000000  160.000000   6   5  42089   1
 194   50042090    0.000000  140.000000   6   5  42090   0
 195   50042091    0.000000  130.000000   6   5  42091   0
 196   51042091    0.000000  130.000000   6   5  42091   1
 197   50042092    0.000000  120.000000   6   5  42092   0
 198   50042093    0.000000  110.000000   6   5  42093   0
 199   51042093    0.000000  110.000000   6   5  42093   1
 200   50042094    0.000000   90.000000   6   5  42094   0
 201   50042095    0.000000   80.000000   6   5  42095   0
 202   50042096    0.000000   70.000000   6   5  42096   0
 203   50042097    0.000000   60.000000   6   5  42097   0
 204   50042098    0.000000   50.000000   6   5  42098   0
 205   50042099    0.000000   42.000000   6   5  42099   0
 206   50042100    0.000000   34.000000   6   5  42100   0
 207   50042101    0.000000   26.000000   6   5  42101   0
 208   50042102    0.000000   38.000000   6   5  42102   0
 209   50042103    0.000000   42.000000   6   5  42103   0
 210   50042104    0.000000   54.000000   6   5  42104   0
 211   50042105    0.000000   62.000000   6   5  42105   0
 212   50042106    0.000000   72.000000   6   5  42106   0
 213   50042107    0.000000   85.000000   6   5  42107   0
 214   50043090    0.000000  170.000000   6   5  43090   0
 215   51043090    0.000000  170.000000   6   5  43090   1
 216   52043090    0.000000  170.000000   6   5  43090   2
 217   50043091    0.000000  150.000000   6   5  43091   0
 218   51043091    0.000000  150.000000   6   5  43091   1
 219   50043092    0.000000  140.000000   6   5  43092   0
 220   50043093    0.000000  120.000000   6   5  43093   0
 221   51043093    0.000000  120.000000   6   5  43093   1
 222   50043094    0.000000  110.000000   6   5  43094   0
 223   51043094    0.000000  110.000000   6   5  43094   1
 224   50043095    0.000000   95.000000   6   5  43095   0
 225   51043095    0.000000   95.000000   6   5  43095   1
 226   50043096    0.000000   85.000000   6   5  43096   0
 227   51043096    0.000000   85.000000   6   5  43096   1
 228   50043097    0.000000   76.000000   6   5  43097   0
 229   51043097    0.000000   76.000000   6   5  43097   1
 230   50043098    0.000000   68.000000   6   5  43098   0
 231   50043099    0.000000   58.000000   6   5  43099   0
 232   51043099    0.000000   58.000000   6   5  43099   1
 233   50043100    0.000000   50.000000   6   5  43100   0
 234   50043101    0.000000   42.000000   6   5  43101   0
 235   50043102    0.000000   34.000000   6   5  43102   0
 236   51043102    0.000000   34.000000   6   5  43102   1
 237   50043103    0.000000   32.000000   6   5  43103   0
 238   50043104    0.000000   28.000000   6   5  43104   0
 239   50043105    0.000000   40.000000   6   5  43105   0
 240   50043106    0.000000   42.000000   6   5  43106   0
 241   50043107    0.000000   56.000000   6   5  43107   0
 242   50043108    0.000000   62.000000   6   5  43108   0
 243   50044091    0.000000  180.000000   6   5  44091   0
 244   50044092    0.000000  160.000000   6   5  44092   0
 245   50044093    0.000000  140.000000   6   5  44093   0
 246   51044093    0.000000  140.000000   6   5  44093   1
 247   50044094    0.000000  130.000000   6   5  44094   0
 248   50044095    0.000000  110.000000   6   5  44095   0
 249   50044096    0.000000  100.000000   6   5  44096   0
 250   50044097    0.000000   90.000000   6   5  44097   0
 251   50044098    0.000000   76.000000   6   5  44098   0
 252   50044099    0.000000   64.000000   6   5  44099   0
 253   50044100    0.000000   54.000000   6   5  44100   0
 254   50044101    0.000000   46.000000   6   5  44101   0
 255   50044102    0.000000   36.000000   6   5  44102   0
 256   50044103    0.000000   29.000000   6   5  44103   0
 257   50044104    0.000000   20.000000   6   5  44104   0
 258   50044105    0.000000   14.000000   6   5  44105   0
 259   50044106    0.000000   25.000000   6   5  44106   0
 260   50044107    0.000000   28.000000   6   5  44107   0
 261   50044108    0.000000   40.000000   6   5  44108   0
 262   50044109    0.000000   44.000000   6   5  44109   0
 263   50045092    0.000000  180.000000   6   5  45092   0
 264   51045092    0.000000  180.000000   6   5  45092   1
 265   50045093    0.000000  170.000000   6   5  45093   0
 266   50045094    0.000000  150.000000   6   5  45094   0
 267   51045094    0.000000  150.000000   6   5  45094   1
 268   50045095    0.000000  140.000000   6   5  45095   0
 269   51045095    0.000000  140.000000   6   5  45095   1
 270   50045096    0.000000  120.000000   6   5  45096   0
 271   51045096    0.000000  120.000000   6   5  45096   1
 272   50045097    0.000000  110.000000   6   5  45097   0
 273   51045097    0.000000  110.000000   6   5  45097   1
 274   50045098    0.000000  100.000000   6   5  45098   0
 275   51045098    0.000000  100.000000   6   5  45098   1
 276   50045099    0.000000   90.000000   6   5  45099   0
 277   51045099    0.000000   90.000000   6   5  45099   1
 278   50045100    0.000000   76.000000   6   5  45100   0
 279   51045100    0.000000   76.000000   6   5  45100   1
 280   50045101    0.000000   66.000000   6   5  45101   0
 281   51045101    0.000000   66.000000   6   5  45101   1
 282   50045102    0.000000   58.000000   6   5  45102   0
 283   51045102    0.000000   58.000000   6   5  45102   1
 284   50045103    0.000000   48.000000   6   5  45103   0
 285   51045103    0.000000   48.000000   6   5  45103   1
 286   50045104    0.000000   40.000000   6   5  45104   0
 287   51045104    0.000000   40.000000   6   5  45104   1
 288   50045105    0.000000   30.000000   6   5  45105   0
 289   51045105    0.000000   32.000000   6   5  45105   1
 290   50045106    0.000000   24.000000   6   5  45106   0
 291   51045106    0.000000   24.000000   6   5  45106   1
 292   50045107    0.000000   21.000000   6   5  45107   0
 293   50045108    0.000000   16.500000   6   5  45108   0
 294   50045109    0.000000   29.000000   6   5  45109   0
 295   50045110    0.000000   32.000000   6   5  45110   0
 296   50046094    0.000000  180.000000   6   5  46094   0
 297   50046095    0.000000  160.000000   6   5  46095   0
 298   51046095    0.000000  160.000000   6   5  46095   1
 299   50046096    0.000000  140.000000   6   5  46096   0
 300   50046097    0.000000  130.000000   6   5  46097   0
 301   50046098    0.000000  110.000000   6   5  46098   0
 302   50046099    0.000000  100.000000   6   5  46099   0
 303   50046100    0.000000   90.000000   6   5  46100   0
 304   50046101    0.000000   76.000000   6   5  46101   0
 305   50046102    0.000000   66.000000   6   5  46102   0
 306   50046103    0.000000   56.000000   6   5  46103   0
 307   50046104    0.000000   46.000000   6   5  46104   0
 308   50046105    0.000000   38.000000   6   5  46105   0
 309   50046106    0.000000   28.000000   6   5  46106   0
 310   50046107    0.000000   21.000000   6   5  46107   0
 311   51046107    0.000000   21.000000   6   5  46107   1
 312   50046108    0.000000   11.500000   6   5  46108   0
 313   50046109    0.000000    5.000000   6   5  46109   0
 314   51046109    0.000000    5.500000   6   5  46109   1
 315   50046110    0.000000   17.000000   6   5  46110   0
 316   50046111    0.000000   18.500000   6   5  46111   0
 317   51046111    0.000000   19.000000   6   5  46111   1
 318   50047095    0.000000  190.000000   6   5  47095   0
 319   50047096    0.000000  170.000000   6   5  47096   0
 320   51047096    0.000000  170.000000   6   5  47096   1
 321   50047097    0.000000  160.000000   6   5  47097   0
 322   50047098    0.000000  140.000000   6   5  47098   0
 323   50047099    0.000000  130.000000   6   5  47099   0
 324   51047099    0.000000  130.000000   6   5  47099   1
 325   50047100    0.000000  120.000000   6   5  47100   0
 326   51047100    0.000000  120.000000   6   5  47100   1
 327   50047101    0.000000  110.000000   6   5  47101   0
 328   51047101    0.000000  110.000000   6   5  47101   1
 329   50047102    0.000000   95.000000   6   5  47102   0
 330   51047102    0.000000   95.000000   6   5  47102   1
 331   50047103    0.000000   80.000000   6   5  47103   0
 332   51047103    0.000000   80.000000   6   5  47103   1
 333   50047104    0.000000   72.000000   6   5  47104   0
 334   51047104    0.000000   72.000000   6   5  47104   1
 335   50047105    0.000000   60.000000   6   5  47105   0
 336   51047105    0.000000   60.000000   6   5  47105   1
 337   50047106    0.000000   52.000000   6   5  47106   0
 338   51047106    0.000000   52.000000   6   5  47106   1
 339   50047107    0.000000   42.000000   6   5  47107   0
 340   51047107    0.000000   42.000000   6   5  47107   1
 341   50047108    0.000000   34.000000   6   5  47108   0
 342   51047108    0.000000   34.000000   6   5  47108   1
 343   50047109    0.000000   24.000000   6   5  47109   0
 344   51047109    0.000000   24.000000   6   5  47109   1
 345   50047110    0.000000   17.000000   6   5  47110   0
 346   51047110    0.000000   17.000000   6   5  47110   1
 347   50047111    0.000000   14.500000   6   5  47111   0
 348   51047111    0.000000   14.500000   6   5  47111   1
 349   50047112    0.000000   10.000000   6   5  47112   0
 350   50048097    0.000000  180.000000   6   5  48097   0
 351   50048098    0.000000  160.000000   6   5  48098   0
 352   50048099    0.000000  150.000000   6   5  48099   0
 353   50048100    0.000000  140.000000   6   5  48100   0
 354   50048101    0.000000  120.000000   6   5  48101   0
 355   50048102    0.000000  110.000000   6   5  48102   0
 356   50048103    0.000000   95.000000   6   5  48103   0
 357   50048104    0.000000   85.000000   6   5  48104   0
 358   50048105    0.000000   74.000000   6   5  48105   0
 359   50048106    0.000000   62.000000   6   5  48106   0
 360   50048107    0.000000   54.000000   6   5  48107   0
 361   50048108    0.000000   42.000000   6   5  48108   0
 362   50048109    0.000000   34.000000   6   5  48109   0
 363   50048110    0.000000   24.000000   6   5  48110   0
 364   50048111    0.000000   16.500000   6   5  48111   0
 365   51048111    0.000000   16.500000   6   5  48111   1
 366   50048112    0.000000    7.000000   6   5  48112   0
 367   50048113    0.000000    1.000000   6   5  48113   0
 368   51048113    0.000000    1.000000   6   5  48113   1
 
   p   ZAP IP   NR    Tp [MeV]
   1     1  1    1    6.539742
   2     0  2    1    1.000000
   3  1001  9    1    9.748537
   4  1002 31    1   13.963560
   5  1003 32    1   17.000000
   6  2003 33    1   17.000000
   7  2004 34    1    5.000000
--------------------------------------------------------------------------------
 
