 
--------------------------------------------------------------------------------
 48-Cd-114   T= 0.00 K from IAEA/PD-2019       (ACEMAKER)
 ZAID= 48114.38u  MAT=4849  ZA= 48114
 AWR= 112.924900  STA=  0  ELIS=   0.000 MeV  LIS=  0  LISO=  0
--------------------------------------------------------------------------------
 NTOTR= 341 NTRAN=   1 NPROD= 340 NE=     132 EMAX= 200.000 MeV
   i     MT/MTD     Q [MeV]     T [MeV] LMF  MT    ZAP LFS
   1          5    0.000000    1.000000   3   5
   2   50030078    0.000000  180.000000   6   5  30078   0
   3   50031079    0.000000  180.000000   6   5  31079   0
   4   50031080    0.000000  180.000000   6   5  31080   0
   5   50031081    0.000000  180.000000   6   5  31081   0
   6   50032080    0.000000  150.000000   6   5  32080   0
   7   50032081    0.000000  150.000000   6   5  32081   0
   8   51032081    0.000000  150.000000   6   5  32081   1
   9   50032082    0.000000  150.000000   6   5  32082   0
  10   50032083    0.000000  170.000000   6   5  32083   0
  11   50032084    0.000000  170.000000   6   5  32084   0
  12   50033081    0.000000  150.000000   6   5  33081   0
  13   50033082    0.000000  150.000000   6   5  33082   0
  14   51033082    0.000000  150.000000   6   5  33082   1
  15   50033083    0.000000  150.000000   6   5  33083   0
  16   50033084    0.000000  150.000000   6   5  33084   0
  17   50033085    0.000000  150.000000   6   5  33085   0
  18   50033086    0.000000  170.000000   6   5  33086   0
  19   50033087    0.000000  170.000000   6   5  33087   0
  20   50034082    0.000000  140.000000   6   5  34082   0
  21   50034083    0.000000  130.000000   6   5  34083   0
  22   51034083    0.000000  130.000000   6   5  34083   1
  23   50034084    0.000000  130.000000   6   5  34084   0
  24   50034085    0.000000  130.000000   6   5  34085   0
  25   50034086    0.000000  130.000000   6   5  34086   0
  26   50034087    0.000000  140.000000   6   5  34087   0
  27   50034088    0.000000  140.000000   6   5  34088   0
  28   50034089    0.000000  170.000000   6   5  34089   0
  29   50034090    0.000000  170.000000   6   5  34090   0
  30   50035083    0.000000  140.000000   6   5  35083   0
  31   50035084    0.000000  130.000000   6   5  35084   0
  32   51035084    0.000000  130.000000   6   5  35084   1
  33   50035085    0.000000  130.000000   6   5  35085   0
  34   50035086    0.000000  130.000000   6   5  35086   0
  35   50035087    0.000000  120.000000   6   5  35087   0
  36   50035088    0.000000  120.000000   6   5  35088   0
  37   50035089    0.000000  120.000000   6   5  35089   0
  38   50035090    0.000000  140.000000   6   5  35090   0
  39   50035091    0.000000  140.000000   6   5  35091   0
  40   50035092    0.000000  170.000000   6   5  35092   0
  41   50035093    0.000000  170.000000   6   5  35093   0
  42   50036084    0.000000  140.000000   6   5  36084   0
  43   50036085    0.000000  130.000000   6   5  36085   0
  44   51036085    0.000000  130.000000   6   5  36085   1
  45   50036086    0.000000  120.000000   6   5  36086   0
  46   50036087    0.000000  110.000000   6   5  36087   0
  47   50036088    0.000000  100.000000   6   5  36088   0
  48   50036089    0.000000  100.000000   6   5  36089   0
  49   50036090    0.000000  100.000000   6   5  36090   0
  50   50036091    0.000000  120.000000   6   5  36091   0
  51   50036092    0.000000  120.000000   6   5  36092   0
  52   50036093    0.000000  140.000000   6   5  36093   0
  53   50036094    0.000000  140.000000   6   5  36094   0
  54   50036095    0.000000  170.000000   6   5  36095   0
  55   50036096    0.000000  170.000000   6   5  36096   0
  56   50037085    0.000000  140.000000   6   5  37085   0
  57   50037086    0.000000  130.000000   6   5  37086   0
  58   51037086    0.000000  130.000000   6   5  37086   1
  59   50037087    0.000000  120.000000   6   5  37087   0
  60   50037088    0.000000  110.000000   6   5  37088   0
  61   50037089    0.000000  100.000000   6   5  37089   0
  62   50037090    0.000000  100.000000   6   5  37090   0
  63   51037090    0.000000  100.000000   6   5  37090   1
  64   50037091    0.000000  100.000000   6   5  37091   0
  65   50037092    0.000000   95.000000   6   5  37092   0
  66   50037093    0.000000   95.000000   6   5  37093   0
  67   50037094    0.000000  110.000000   6   5  37094   0
  68   50037095    0.000000  120.000000   6   5  37095   0
  69   50037096    0.000000  140.000000   6   5  37096   0
  70   50037097    0.000000  140.000000   6   5  37097   0
  71   50037098    0.000000  170.000000   6   5  37098   0
  72   50037099    0.000000  180.000000   6   5  37099   0
  73   50038086    0.000000  140.000000   6   5  38086   0
  74   50038087    0.000000  130.000000   6   5  38087   0
  75   51038087    0.000000  130.000000   6   5  38087   1
  76   50038088    0.000000  120.000000   6   5  38088   0
  77   50038089    0.000000  110.000000   6   5  38089   0
  78   50038090    0.000000   95.000000   6   5  38090   0
  79   50038091    0.000000   90.000000   6   5  38091   0
  80   50038092    0.000000   80.000000   6   5  38092   0
  81   50038093    0.000000   76.000000   6   5  38093   0
  82   50038094    0.000000   78.000000   6   5  38094   0
  83   50038095    0.000000   80.000000   6   5  38095   0
  84   50038096    0.000000   90.000000   6   5  38096   0
  85   50038097    0.000000  110.000000   6   5  38097   0
  86   50038098    0.000000  110.000000   6   5  38098   0
  87   50038099    0.000000  140.000000   6   5  38099   0
  88   50038100    0.000000  140.000000   6   5  38100   0
  89   50038101    0.000000  180.000000   6   5  38101   0
  90   50038102    0.000000  180.000000   6   5  38102   0
  91   50039087    0.000000  140.000000   6   5  39087   0
  92   51039087    0.000000  140.000000   6   5  39087   1
  93   50039088    0.000000  130.000000   6   5  39088   0
  94   50039089    0.000000  120.000000   6   5  39089   0
  95   51039089    0.000000  120.000000   6   5  39089   1
  96   50039090    0.000000  110.000000   6   5  39090   0
  97   51039090    0.000000  110.000000   6   5  39090   1
  98   50039091    0.000000   95.000000   6   5  39091   0
  99   51039091    0.000000   95.000000   6   5  39091   1
 100   50039092    0.000000   90.000000   6   5  39092   0
 101   50039093    0.000000   80.000000   6   5  39093   0
 102   51039093    0.000000   80.000000   6   5  39093   1
 103   50039094    0.000000   76.000000   6   5  39094   0
 104   50039095    0.000000   76.000000   6   5  39095   0
 105   50039096    0.000000   74.000000   6   5  39096   0
 106   50039097    0.000000   76.000000   6   5  39097   0
 107   51039097    0.000000   76.000000   6   5  39097   1
 108   50039098    0.000000   80.000000   6   5  39098   0
 109   51039098    0.000000   80.000000   6   5  39098   1
 110   50039099    0.000000   90.000000   6   5  39099   0
 111   50039100    0.000000  110.000000   6   5  39100   0
 112   51039100    0.000000  110.000000   6   5  39100   1
 113   50039101    0.000000  120.000000   6   5  39101   0
 114   50039102    0.000000  140.000000   6   5  39102   0
 115   50039103    0.000000  150.000000   6   5  39103   0
 116   50039104    0.000000  180.000000   6   5  39104   0
 117   50040088    0.000000  140.000000   6   5  40088   0
 118   50040089    0.000000  130.000000   6   5  40089   0
 119   51040089    0.000000  130.000000   6   5  40089   1
 120   50040090    0.000000  120.000000   6   5  40090   0
 121   51040090    0.000000  120.000000   6   5  40090   1
 122   50040091    0.000000  110.000000   6   5  40091   0
 123   50040092    0.000000  100.000000   6   5  40092   0
 124   50040093    0.000000   90.000000   6   5  40093   0
 125   50040094    0.000000   78.000000   6   5  40094   0
 126   50040095    0.000000   70.000000   6   5  40095   0
 127   50040096    0.000000   62.000000   6   5  40096   0
 128   50040097    0.000000   56.000000   6   5  40097   0
 129   50040098    0.000000   52.000000   6   5  40098   0
 130   50040099    0.000000   60.000000   6   5  40099   0
 131   50040100    0.000000   70.000000   6   5  40100   0
 132   50040101    0.000000   78.000000   6   5  40101   0
 133   50040102    0.000000   90.000000   6   5  40102   0
 134   50040103    0.000000  110.000000   6   5  40103   0
 135   50040104    0.000000  120.000000   6   5  40104   0
 136   50040105    0.000000  150.000000   6   5  40105   0
 137   50041089    0.000000  150.000000   6   5  41089   0
 138   51041089    0.000000  150.000000   6   5  41089   1
 139   50041090    0.000000  130.000000   6   5  41090   0
 140   51041090    0.000000  130.000000   6   5  41090   1
 141   50041091    0.000000  120.000000   6   5  41091   0
 142   51041091    0.000000  120.000000   6   5  41091   1
 143   50041092    0.000000  110.000000   6   5  41092   0
 144   51041092    0.000000  110.000000   6   5  41092   1
 145   50041093    0.000000  100.000000   6   5  41093   0
 146   51041093    0.000000  100.000000   6   5  41093   1
 147   50041094    0.000000   90.000000   6   5  41094   0
 148   51041094    0.000000   90.000000   6   5  41094   1
 149   50041095    0.000000   80.000000   6   5  41095   0
 150   51041095    0.000000   80.000000   6   5  41095   1
 151   50041096    0.000000   72.000000   6   5  41096   0
 152   50041097    0.000000   64.000000   6   5  41097   0
 153   51041097    0.000000   66.000000   6   5  41097   1
 154   50041098    0.000000   58.000000   6   5  41098   0
 155   51041098    0.000000   58.000000   6   5  41098   1
 156   50041099    0.000000   52.000000   6   5  41099   0
 157   51041099    0.000000   52.000000   6   5  41099   1
 158   50041100    0.000000   52.000000   6   5  41100   0
 159   51041100    0.000000   52.000000   6   5  41100   1
 160   50041101    0.000000   48.000000   6   5  41101   0
 161   50041102    0.000000   62.000000   6   5  41102   0
 162   51041102    0.000000   62.000000   6   5  41102   1
 163   50041103    0.000000   72.000000   6   5  41103   0
 164   50041104    0.000000   78.000000   6   5  41104   0
 165   50041105    0.000000   90.000000   6   5  41105   0
 166   50041106    0.000000  110.000000   6   5  41106   0
 167   50041107    0.000000  180.000000   6   5  41107   0
 168   50042090    0.000000  160.000000   6   5  42090   0
 169   50042091    0.000000  140.000000   6   5  42091   0
 170   51042091    0.000000  140.000000   6   5  42091   1
 171   50042092    0.000000  130.000000   6   5  42092   0
 172   50042093    0.000000  120.000000   6   5  42093   0
 173   51042093    0.000000  120.000000   6   5  42093   1
 174   50042094    0.000000  100.000000   6   5  42094   0
 175   50042095    0.000000   90.000000   6   5  42095   0
 176   50042096    0.000000   80.000000   6   5  42096   0
 177   50042097    0.000000   70.000000   6   5  42097   0
 178   50042098    0.000000   62.000000   6   5  42098   0
 179   50042099    0.000000   52.000000   6   5  42099   0
 180   50042100    0.000000   44.000000   6   5  42100   0
 181   50042101    0.000000   36.000000   6   5  42101   0
 182   50042102    0.000000   28.000000   6   5  42102   0
 183   50042103    0.000000   42.000000   6   5  42103   0
 184   50042104    0.000000   46.000000   6   5  42104   0
 185   50042105    0.000000   60.000000   6   5  42105   0
 186   50042106    0.000000   70.000000   6   5  42106   0
 187   50042107    0.000000   78.000000   6   5  42107   0
 188   50042108    0.000000  110.000000   6   5  42108   0
 189   50043091    0.000000  160.000000   6   5  43091   0
 190   51043091    0.000000  160.000000   6   5  43091   1
 191   50043092    0.000000  150.000000   6   5  43092   0
 192   50043093    0.000000  130.000000   6   5  43093   0
 193   51043093    0.000000  130.000000   6   5  43093   1
 194   50043094    0.000000  120.000000   6   5  43094   0
 195   51043094    0.000000  120.000000   6   5  43094   1
 196   50043095    0.000000  110.000000   6   5  43095   0
 197   51043095    0.000000  110.000000   6   5  43095   1
 198   50043096    0.000000  100.000000   6   5  43096   0
 199   51043096    0.000000  100.000000   6   5  43096   1
 200   50043097    0.000000   85.000000   6   5  43097   0
 201   51043097    0.000000   90.000000   6   5  43097   1
 202   50043098    0.000000   78.000000   6   5  43098   0
 203   50043099    0.000000   68.000000   6   5  43099   0
 204   51043099    0.000000   68.000000   6   5  43099   1
 205   50043100    0.000000   60.000000   6   5  43100   0
 206   50043101    0.000000   52.000000   6   5  43101   0
 207   50043102    0.000000   44.000000   6   5  43102   0
 208   51043102    0.000000   44.000000   6   5  43102   1
 209   50043103    0.000000   34.000000   6   5  43103   0
 210   50043104    0.000000   36.000000   6   5  43104   0
 211   50043105    0.000000   29.000000   6   5  43105   0
 212   50043106    0.000000   44.000000   6   5  43106   0
 213   50043107    0.000000   46.000000   6   5  43107   0
 214   50043108    0.000000   60.000000   6   5  43108   0
 215   50043109    0.000000   72.000000   6   5  43109   0
 216   50044092    0.000000  170.000000   6   5  44092   0
 217   50044093    0.000000  160.000000   6   5  44093   0
 218   51044093    0.000000  160.000000   6   5  44093   1
 219   50044094    0.000000  140.000000   6   5  44094   0
 220   50044095    0.000000  130.000000   6   5  44095   0
 221   50044096    0.000000  110.000000   6   5  44096   0
 222   50044097    0.000000  100.000000   6   5  44097   0
 223   50044098    0.000000   90.000000   6   5  44098   0
 224   50044099    0.000000   76.000000   6   5  44099   0
 225   50044100    0.000000   66.000000   6   5  44100   0
 226   50044101    0.000000   56.000000   6   5  44101   0
 227   50044102    0.000000   46.000000   6   5  44102   0
 228   50044103    0.000000   38.000000   6   5  44103   0
 229   50044104    0.000000   29.000000   6   5  44104   0
 230   50044105    0.000000   23.000000   6   5  44105   0
 231   50044106    0.000000   14.000000   6   5  44106   0
 232   50044107    0.000000   29.000000   6   5  44107   0
 233   50044108    0.000000   29.000000   6   5  44108   0
 234   50044109    0.000000   44.000000   6   5  44109   0
 235   50044110    0.000000   46.000000   6   5  44110   0
 236   50045093    0.000000  180.000000   6   5  45093   0
 237   50045094    0.000000  160.000000   6   5  45094   0
 238   51045094    0.000000  160.000000   6   5  45094   1
 239   50045095    0.000000  150.000000   6   5  45095   0
 240   51045095    0.000000  150.000000   6   5  45095   1
 241   50045096    0.000000  140.000000   6   5  45096   0
 242   51045096    0.000000  140.000000   6   5  45096   1
 243   50045097    0.000000  120.000000   6   5  45097   0
 244   51045097    0.000000  120.000000   6   5  45097   1
 245   50045098    0.000000  110.000000   6   5  45098   0
 246   51045098    0.000000  110.000000   6   5  45098   1
 247   50045099    0.000000  100.000000   6   5  45099   0
 248   51045099    0.000000  100.000000   6   5  45099   1
 249   50045100    0.000000   90.000000   6   5  45100   0
 250   51045100    0.000000   90.000000   6   5  45100   1
 251   50045101    0.000000   76.000000   6   5  45101   0
 252   51045101    0.000000   76.000000   6   5  45101   1
 253   50045102    0.000000   68.000000   6   5  45102   0
 254   51045102    0.000000   68.000000   6   5  45102   1
 255   50045103    0.000000   58.000000   6   5  45103   0
 256   51045103    0.000000   58.000000   6   5  45103   1
 257   50045104    0.000000   50.000000   6   5  45104   0
 258   51045104    0.000000   50.000000   6   5  45104   1
 259   50045105    0.000000   40.000000   6   5  45105   0
 260   51045105    0.000000   40.000000   6   5  45105   1
 261   50045106    0.000000   34.000000   6   5  45106   0
 262   51045106    0.000000   34.000000   6   5  45106   1
 263   50045107    0.000000   24.000000   6   5  45107   0
 264   50045108    0.000000   24.000000   6   5  45108   0
 265   50045109    0.000000   18.000000   6   5  45109   0
 266   50045110    0.000000   32.000000   6   5  45110   0
 267   50045111    0.000000   34.000000   6   5  45111   0
 268   50046095    0.000000  170.000000   6   5  46095   0
 269   51046095    0.000000  170.000000   6   5  46095   1
 270   50046096    0.000000  160.000000   6   5  46096   0
 271   50046097    0.000000  140.000000   6   5  46097   0
 272   50046098    0.000000  130.000000   6   5  46098   0
 273   50046099    0.000000  110.000000   6   5  46099   0
 274   50046100    0.000000  100.000000   6   5  46100   0
 275   50046101    0.000000   90.000000   6   5  46101   0
 276   50046102    0.000000   76.000000   6   5  46102   0
 277   50046103    0.000000   66.000000   6   5  46103   0
 278   50046104    0.000000   56.000000   6   5  46104   0
 279   50046105    0.000000   48.000000   6   5  46105   0
 280   50046106    0.000000   38.000000   6   5  46106   0
 281   50046107    0.000000   30.000000   6   5  46107   0
 282   51046107    0.000000   32.000000   6   5  46107   1
 283   50046108    0.000000   21.000000   6   5  46108   0
 284   50046109    0.000000   14.500000   6   5  46109   0
 285   51046109    0.000000   14.500000   6   5  46109   1
 286   50046110    0.000000    5.500000   6   5  46110   0
 287   50046111    0.000000   20.000000   6   5  46111   0
 288   51046111    0.000000   21.000000   6   5  46111   1
 289   50046112    0.000000   19.000000   6   5  46112   0
 290   50047096    0.000000  180.000000   6   5  47096   0
 291   51047096    0.000000  180.000000   6   5  47096   1
 292   50047097    0.000000  170.000000   6   5  47097   0
 293   50047098    0.000000  160.000000   6   5  47098   0
 294   50047099    0.000000  140.000000   6   5  47099   0
 295   51047099    0.000000  140.000000   6   5  47099   1
 296   50047100    0.000000  130.000000   6   5  47100   0
 297   51047100    0.000000  130.000000   6   5  47100   1
 298   50047101    0.000000  120.000000   6   5  47101   0
 299   51047101    0.000000  120.000000   6   5  47101   1
 300   50047102    0.000000  110.000000   6   5  47102   0
 301   51047102    0.000000  110.000000   6   5  47102   1
 302   50047103    0.000000   90.000000   6   5  47103   0
 303   51047103    0.000000   90.000000   6   5  47103   1
 304   50047104    0.000000   85.000000   6   5  47104   0
 305   51047104    0.000000   85.000000   6   5  47104   1
 306   50047105    0.000000   70.000000   6   5  47105   0
 307   51047105    0.000000   70.000000   6   5  47105   1
 308   50047106    0.000000   62.000000   6   5  47106   0
 309   51047106    0.000000   62.000000   6   5  47106   1
 310   50047107    0.000000   52.000000   6   5  47107   0
 311   51047107    0.000000   52.000000   6   5  47107   1
 312   50047108    0.000000   44.000000   6   5  47108   0
 313   51047108    0.000000   44.000000   6   5  47108   1
 314   50047109    0.000000   34.000000   6   5  47109   0
 315   51047109    0.000000   34.000000   6   5  47109   1
 316   50047110    0.000000   27.000000   6   5  47110   0
 317   51047110    0.000000   27.000000   6   5  47110   1
 318   50047111    0.000000   17.500000   6   5  47111   0
 319   51047111    0.000000   17.500000   6   5  47111   1
 320   50047112    0.000000   17.000000   6   5  47112   0
 321   50047113    0.000000   10.500000   6   5  47113   0
 322   51047113    0.000000   10.500000   6   5  47113   1
 323   50048098    0.000000  170.000000   6   5  48098   0
 324   50048099    0.000000  160.000000   6   5  48099   0
 325   50048100    0.000000  150.000000   6   5  48100   0
 326   50048101    0.000000  130.000000   6   5  48101   0
 327   50048102    0.000000  120.000000   6   5  48102   0
 328   50048103    0.000000  110.000000   6   5  48103   0
 329   50048104    0.000000   95.000000   6   5  48104   0
 330   50048105    0.000000   85.000000   6   5  48105   0
 331   50048106    0.000000   72.000000   6   5  48106   0
 332   50048107    0.000000   62.000000   6   5  48107   0
 333   50048108    0.000000   52.000000   6   5  48108   0
 334   50048109    0.000000   44.000000   6   5  48109   0
 335   50048110    0.000000   34.000000   6   5  48110   0
 336   50048111    0.000000   26.000000   6   5  48111   0
 337   51048111    0.000000   26.000000   6   5  48111   1
 338   50048112    0.000000   16.000000   6   5  48112   0
 339   50048113    0.000000    9.500000   6   5  48113   0
 340   51048113    0.000000    9.500000   6   5  48113   1
 341   50048114    0.000000    1.000000   6   5  48114   0
 
   p   ZAP IP   NR    Tp [MeV]
   1     1  1    1    9.042965
   2     0  2    1    1.000000
   3  1001  9    1   10.277080
   4  1002 31    1   16.566940
   5  1003 32    1   17.000000
   6  2003 33    1   20.000000
   7  2004 34    1    5.000000
--------------------------------------------------------------------------------
 
