 
--------------------------------------------------------------------------------
 49-In-115   T= 0.00 K from IAEA/PD-2019       (ACEMAKER)
 ZAID= 49115.38u  MAT=4931  ZA= 49115
 AWR= 113.916800  STA=  0  ELIS=   0.000 MeV  LIS=  0  LISO=  0
--------------------------------------------------------------------------------
 NTOTR= 161 NTRAN=   1 NPROD= 160 NE=      88 EMAX= 200.000 MeV
   i     MT/MTD     Q [MeV]     T [MeV] LMF  MT    ZAP LFS
   1          5    0.000000    1.000000   3   5
   2   50039085    0.000000  130.000000   6   5  39085   0
   3   51039085    0.000000  130.000000   6   5  39085   1
   4   50039086    0.000000  130.000000   6   5  39086   0
   5   52039086    0.000000  130.000000   6   5  39086   2
   6   50039087    0.000000  130.000000   6   5  39087   0
   7   51039087    0.000000  130.000000   6   5  39087   1
   8   50039088    0.000000  130.000000   6   5  39088   0
   9   50040086    0.000000  130.000000   6   5  40086   0
  10   50040087    0.000000  120.000000   6   5  40087   0
  11   52040087    0.000000  120.000000   6   5  40087   2
  12   50040088    0.000000  120.000000   6   5  40088   0
  13   50040089    0.000000  120.000000   6   5  40089   0
  14   51040089    0.000000  120.000000   6   5  40089   1
  15   50041087    0.000000  130.000000   6   5  41087   0
  16   51041087    0.000000  130.000000   6   5  41087   1
  17   50041088    0.000000  120.000000   6   5  41088   0
  18   51041088    0.000000  120.000000   6   5  41088   1
  19   50041089    0.000000  120.000000   6   5  41089   0
  20   51041089    0.000000  120.000000   6   5  41089   1
  21   50041090    0.000000  120.000000   6   5  41090   0
  22   52041090    0.000000  120.000000   6   5  41090   2
  23   50041091    0.000000  120.000000   6   5  41091   0
  24   51041091    0.000000  120.000000   6   5  41091   1
  25   50042088    0.000000  140.000000   6   5  42088   0
  26   50042089    0.000000  130.000000   6   5  42089   0
  27   50042090    0.000000  120.000000   6   5  42090   0
  28   50042091    0.000000  110.000000   6   5  42091   0
  29   51042091    0.000000  110.000000   6   5  42091   1
  30   50042092    0.000000  110.000000   6   5  42092   0
  31   50042093    0.000000  120.000000   6   5  42093   0
  32   66042093    0.000000  120.000000   6   5  42093  16
  33   50042094    0.000000  120.000000   6   5  42094   0
  34   50043090    0.000000  130.000000   6   5  43090   0
  35   54043090    0.000000  130.000000   6   5  43090   4
  36   56043090    0.000000  130.000000   6   5  43090   6
  37   50043091    0.000000  120.000000   6   5  43091   0
  38   51043091    0.000000  120.000000   6   5  43091   1
  39   50043092    0.000000  110.000000   6   5  43092   0
  40   50043093    0.000000  110.000000   6   5  43093   0
  41   51043093    0.000000  110.000000   6   5  43093   1
  42   50043094    0.000000  110.000000   6   5  43094   0
  43   51043094    0.000000  110.000000   6   5  43094   1
  44   50043095    0.000000  110.000000   6   5  43095   0
  45   51043095    0.000000  110.000000   6   5  43095   1
  46   50043096    0.000000  110.000000   6   5  43096   0
  47   51043096    0.000000  110.000000   6   5  43096   1
  48   50044092    0.000000  170.000000   6   5  44092   0
  49   50044093    0.000000  120.000000   6   5  44093   0
  50   51044093    0.000000  120.000000   6   5  44093   1
  51   50044094    0.000000  110.000000   6   5  44094   0
  52   50044095    0.000000  110.000000   6   5  44095   0
  53   50044096    0.000000  110.000000   6   5  44096   0
  54   50044097    0.000000  110.000000   6   5  44097   0
  55   50044098    0.000000  110.000000   6   5  44098   0
  56   50045094    0.000000  130.000000   6   5  45094   0
  57   52045094    0.000000  130.000000   6   5  45094   2
  58   50045095    0.000000  110.000000   6   5  45095   0
  59   51045095    0.000000  110.000000   6   5  45095   1
  60   50045096    0.000000  100.000000   6   5  45096   0
  61   51045096    0.000000  100.000000   6   5  45096   1
  62   50045097    0.000000  100.000000   6   5  45097   0
  63   51045097    0.000000  100.000000   6   5  45097   1
  64   50045098    0.000000  100.000000   6   5  45098   0
  65   53045098    0.000000  100.000000   6   5  45098   3
  66   50045099    0.000000  100.000000   6   5  45099   0
  67   51045099    0.000000  100.000000   6   5  45099   1
  68   50045100    0.000000   95.000000   6   5  45100   0
  69   54045100    0.000000   95.000000   6   5  45100   4
  70   50045101    0.000000   95.000000   6   5  45101   0
  71   51045101    0.000000   95.000000   6   5  45101   1
  72   50045102    0.000000   95.000000   6   5  45102   0
  73   55045102    0.000000   95.000000   6   5  45102   5
  74   50046096    0.000000  140.000000   6   5  46096   0
  75   50046097    0.000000  120.000000   6   5  46097   0
  76   50046098    0.000000  110.000000   6   5  46098   0
  77   50046099    0.000000  100.000000   6   5  46099   0
  78   50046100    0.000000   95.000000   6   5  46100   0
  79   50046101    0.000000   90.000000   6   5  46101   0
  80   50046102    0.000000   85.000000   6   5  46102   0
  81   50046103    0.000000   80.000000   6   5  46103   0
  82   50046104    0.000000   74.000000   6   5  46104   0
  83   50046105    0.000000   66.000000   6   5  46105   0
  84   50046106    0.000000   58.000000   6   5  46106   0
  85   50046107    0.000000   50.000000   6   5  46107   0
  86   52046107    0.000000   50.000000   6   5  46107   2
  87   50046108    0.000000   44.000000   6   5  46108   0
  88   50046109    0.000000   42.000000   6   5  46109   0
  89   52046109    0.000000   42.000000   6   5  46109   2
  90   50047098    0.000000  130.000000   6   5  47098   0
  91   50047099    0.000000  110.000000   6   5  47099   0
  92   52047099    0.000000  110.000000   6   5  47099   2
  93   50047100    0.000000  100.000000   6   5  47100   0
  94   51047100    0.000000  100.000000   6   5  47100   1
  95   50047101    0.000000   95.000000   6   5  47101   0
  96   52047101    0.000000   95.000000   6   5  47101   2
  97   50047102    0.000000   85.000000   6   5  47102   0
  98   51047102    0.000000   85.000000   6   5  47102   1
  99   50047103    0.000000   80.000000   6   5  47103   0
 100   52047103    0.000000   80.000000   6   5  47103   2
 101   50047104    0.000000   74.000000   6   5  47104   0
 102   51047104    0.000000   74.000000   6   5  47104   1
 103   50047105    0.000000   62.000000   6   5  47105   0
 104   51047105    0.000000   62.000000   6   5  47105   1
 105   50047106    0.000000   56.000000   6   5  47106   0
 106   51047106    0.000000   56.000000   6   5  47106   1
 107   50047107    0.000000   46.000000   6   5  47107   0
 108   51047107    0.000000   46.000000   6   5  47107   1
 109   50047108    0.000000   36.000000   6   5  47108   0
 110   52047108    0.000000   36.000000   6   5  47108   2
 111   50047109    0.000000   29.000000   6   5  47109   0
 112   51047109    0.000000   29.000000   6   5  47109   1
 113   50047110    0.000000   21.000000   6   5  47110   0
 114   52047110    0.000000   21.000000   6   5  47110   2
 115   50047111    0.000000   13.500000   6   5  47111   0
 116   51047111    0.000000   13.500000   6   5  47111   1
 117   50047112    0.000000   38.000000   6   5  47112   0
 118   50047113    0.000000   44.000000   6   5  47113   0
 119   51047113    0.000000   44.000000   6   5  47113   1
 120   50048101    0.000000  120.000000   6   5  48101   0
 121   50048102    0.000000  100.000000   6   5  48102   0
 122   50048103    0.000000   95.000000   6   5  48103   0
 123   50048104    0.000000   85.000000   6   5  48104   0
 124   50048105    0.000000   80.000000   6   5  48105   0
 125   50048106    0.000000   74.000000   6   5  48106   0
 126   50048107    0.000000   66.000000   6   5  48107   0
 127   50048108    0.000000   56.000000   6   5  48108   0
 128   50048109    0.000000   48.000000   6   5  48109   0
 129   50048110    0.000000   40.000000   6   5  48110   0
 130   50048111    0.000000   32.000000   6   5  48111   0
 131   53048111    0.000000   32.000000   6   5  48111   3
 132   50048112    0.000000   25.000000   6   5  48112   0
 133   50048113    0.000000   18.500000   6   5  48113   0
 134   51048113    0.000000   18.500000   6   5  48113   1
 135   50048114    0.000000   10.500000   6   5  48114   0
 136   50049103    0.000000  180.000000   6   5  49103   0
 137   51049103    0.000000  180.000000   6   5  49103   1
 138   50049104    0.000000  110.000000   6   5  49104   0
 139   53049104    0.000000  110.000000   6   5  49104   3
 140   50049105    0.000000   95.000000   6   5  49105   0
 141   51049105    0.000000   95.000000   6   5  49105   1
 142   50049106    0.000000   85.000000   6   5  49106   0
 143   51049106    0.000000   85.000000   6   5  49106   1
 144   50049107    0.000000   72.000000   6   5  49107   0
 145   51049107    0.000000   72.000000   6   5  49107   1
 146   50049108    0.000000   62.000000   6   5  49108   0
 147   51049108    0.000000   62.000000   6   5  49108   1
 148   50049109    0.000000   52.000000   6   5  49109   0
 149   51049109    0.000000   52.000000   6   5  49109   1
 150   50049110    0.000000   42.000000   6   5  49110   0
 151   51049110    0.000000   42.000000   6   5  49110   1
 152   50049111    0.000000   32.000000   6   5  49111   0
 153   51049111    0.000000   32.000000   6   5  49111   1
 154   50049112    0.000000   25.000000   6   5  49112   0
 155   51049112    0.000000   25.000000   6   5  49112   1
 156   50049113    0.000000   16.000000   6   5  49113   0
 157   51049113    0.000000   16.500000   6   5  49113   1
 158   50049114    0.000000    9.000000   6   5  49114   0
 159   51049114    0.000000    9.000000   6   5  49114   1
 160   50049115    0.000000    1.000000   6   5  49115   0
 161   51049115    0.000000    1.000000   6   5  49115   1
 
   p   ZAP IP   NR    Tp [MeV]
   1     1  1    1    9.000000
   2     0  2    1    1.000000
   3  1001  9    1    8.500000
   4  1002 31    1   15.000000
   5  1003 32    1   16.500000
   6  2003 33    1   23.000000
   7  2004 34    1    9.500000
--------------------------------------------------------------------------------
 
