 
--------------------------------------------------------------------------------
 50-Sn-118   T= 0.00 K from IAEA/PD-2019       (ACEMAKER)
 ZAID= 50118.38u  MAT=5043  ZA= 50118
 AWR= 116.890000  STA=  0  ELIS=   0.000 MeV  LIS=  0  LISO=  0
--------------------------------------------------------------------------------
 NTOTR=  60 NTRAN=   1 NPROD=  59 NE=     101 EMAX= 200.000 MeV
   i     MT/MTD     Q [MeV]     T [MeV] LMF  MT    ZAP LFS
   1          5    0.000000    1.999000   3   5
   2        201   -9.326200    9.326200   3 201
   3        203   -9.997800   12.350000   3 203
   4        204  -16.538000   20.450000   3 204
   5        205  -17.065000   23.150000   3 205
   6        206  -18.494000   29.450000   3 206
   7        207   -4.057800   10.100000   3 207
   8   50046104    0.000000    2.000000   6   5  46104   0
   9   50046105    0.000000    2.000000   6   5  46105   0
  10   50046106    0.000000    2.000000   6   5  46106   0
  11   50046107    0.000000    2.000000   6   5  46107   0
  12   50046108    0.000000    2.000000   6   5  46108   0
  13   50046109    0.000000    2.000000   6   5  46109   0
  14   50046110    0.000000    2.000000   6   5  46110   0
  15   50046111    0.000000    2.000000   6   5  46111   0
  16   50046112    0.000000    2.000000   6   5  46112   0
  17   50047105    0.000000    2.000000   6   5  47105   0
  18   50047106    0.000000    2.000000   6   5  47106   0
  19   50047107    0.000000    2.000000   6   5  47107   0
  20   50047108    0.000000    2.000000   6   5  47108   0
  21   50047109    0.000000    2.000000   6   5  47109   0
  22   50047110    0.000000    2.000000   6   5  47110   0
  23   50047111    0.000000    2.000000   6   5  47111   0
  24   50047112    0.000000    2.000000   6   5  47112   0
  25   50047113    0.000000    2.000000   6   5  47113   0
  26   50047114    0.000000    2.000000   6   5  47114   0
  27   50047115    0.000000    2.000000   6   5  47115   0
  28   50048105    0.000000    2.000000   6   5  48105   0
  29   50048106    0.000000    2.000000   6   5  48106   0
  30   50048107    0.000000    2.000000   6   5  48107   0
  31   50048108    0.000000    2.000000   6   5  48108   0
  32   50048109    0.000000    2.000000   6   5  48109   0
  33   50048110    0.000000    2.000000   6   5  48110   0
  34   50048111    0.000000    2.000000   6   5  48111   0
  35   50048112    0.000000    2.000000   6   5  48112   0
  36   50048113    0.000000    2.000000   6   5  48113   0
  37   50048114    0.000000    2.000000   6   5  48114   0
  38   50048115    0.000000    2.000000   6   5  48115   0
  39   50048116    0.000000    2.000000   6   5  48116   0
  40   50049107    0.000000    2.000000   6   5  49107   0
  41   50049108    0.000000    2.000000   6   5  49108   0
  42   50049109    0.000000    2.000000   6   5  49109   0
  43   50049110    0.000000    2.000000   6   5  49110   0
  44   50049111    0.000000    2.000000   6   5  49111   0
  45   50049112    0.000000    2.000000   6   5  49112   0
  46   50049113    0.000000    2.000000   6   5  49113   0
  47   50049114    0.000000    2.000000   6   5  49114   0
  48   50049115    0.000000    2.000000   6   5  49115   0
  49   50049116    0.000000    2.000000   6   5  49116   0
  50   50049117    0.000000    2.000000   6   5  49117   0
  51   50050108    0.000000    2.000000   6   5  50108   0
  52   50050109    0.000000    2.000000   6   5  50109   0
  53   50050110    0.000000    2.000000   6   5  50110   0
  54   50050111    0.000000    2.000000   6   5  50111   0
  55   50050112    0.000000    2.000000   6   5  50112   0
  56   50050113    0.000000    2.000000   6   5  50113   0
  57   50050114    0.000000    2.000000   6   5  50114   0
  58   50050115    0.000000    2.000000   6   5  50115   0
  59   50050116    0.000000    2.000000   6   5  50116   0
  60   50050117    0.000000    2.000000   6   5  50117   0
 
   p   ZAP IP   NR    Tp [MeV]
   1     1  1    1    9.200000
   2     0  2    1    1.999000
   3  1001  9    1   11.900000
   4  1002 31    1   20.000000
   5  1003 32    1   22.250000
   6  2003 33    1   28.100000
   7  2004 34    1   10.100000
--------------------------------------------------------------------------------
 
