 
--------------------------------------------------------------------------------
 50-Sn-120   T= 0.00 K from IAEA/PD-2019       (ACEMAKER)
 ZAID= 50120.38u  MAT=5049  ZA= 50120
 AWR= 118.872200  STA=  0  ELIS=   0.000 MeV  LIS=  0  LISO=  0
--------------------------------------------------------------------------------
 NTOTR= 333 NTRAN=   1 NPROD= 332 NE=     129 EMAX= 200.000 MeV
   i     MT/MTD     Q [MeV]     T [MeV] LMF  MT    ZAP LFS
   1          5    0.000000    1.000000   3   5
   2   50035087    0.000000  160.000000   6   5  35087   0
   3   50035088    0.000000  160.000000   6   5  35088   0
   4   50035089    0.000000  160.000000   6   5  35089   0
   5   50035090    0.000000  160.000000   6   5  35090   0
   6   50035091    0.000000  160.000000   6   5  35091   0
   7   50035092    0.000000  180.000000   6   5  35092   0
   8   50035093    0.000000  180.000000   6   5  35093   0
   9   50036088    0.000000  140.000000   6   5  36088   0
  10   50036089    0.000000  140.000000   6   5  36089   0
  11   50036090    0.000000  130.000000   6   5  36090   0
  12   50036091    0.000000  130.000000   6   5  36091   0
  13   50036092    0.000000  130.000000   6   5  36092   0
  14   50036093    0.000000  150.000000   6   5  36093   0
  15   50036094    0.000000  150.000000   6   5  36094   0
  16   50036095    0.000000  170.000000   6   5  36095   0
  17   50036096    0.000000  170.000000   6   5  36096   0
  18   50037089    0.000000  140.000000   6   5  37089   0
  19   50037090    0.000000  140.000000   6   5  37090   0
  20   51037090    0.000000  140.000000   6   5  37090   1
  21   50037091    0.000000  130.000000   6   5  37091   0
  22   50037092    0.000000  130.000000   6   5  37092   0
  23   50037093    0.000000  130.000000   6   5  37093   0
  24   50037094    0.000000  130.000000   6   5  37094   0
  25   50037095    0.000000  130.000000   6   5  37095   0
  26   50037096    0.000000  150.000000   6   5  37096   0
  27   50037097    0.000000  150.000000   6   5  37097   0
  28   50037098    0.000000  170.000000   6   5  37098   0
  29   50037099    0.000000  180.000000   6   5  37099   0
  30   50038090    0.000000  140.000000   6   5  38090   0
  31   50038091    0.000000  130.000000   6   5  38091   0
  32   50038092    0.000000  120.000000   6   5  38092   0
  33   50038093    0.000000  110.000000   6   5  38093   0
  34   50038094    0.000000  110.000000   6   5  38094   0
  35   50038095    0.000000  110.000000   6   5  38095   0
  36   50038096    0.000000  110.000000   6   5  38096   0
  37   50038097    0.000000  120.000000   6   5  38097   0
  38   50038098    0.000000  120.000000   6   5  38098   0
  39   50038099    0.000000  150.000000   6   5  38099   0
  40   50038100    0.000000  150.000000   6   5  38100   0
  41   50038101    0.000000  180.000000   6   5  38101   0
  42   50038102    0.000000  180.000000   6   5  38102   0
  43   50039091    0.000000  140.000000   6   5  39091   0
  44   51039091    0.000000  140.000000   6   5  39091   1
  45   50039092    0.000000  130.000000   6   5  39092   0
  46   50039093    0.000000  120.000000   6   5  39093   0
  47   51039093    0.000000  120.000000   6   5  39093   1
  48   50039094    0.000000  110.000000   6   5  39094   0
  49   50039095    0.000000  110.000000   6   5  39095   0
  50   50039096    0.000000  110.000000   6   5  39096   0
  51   50039097    0.000000  110.000000   6   5  39097   0
  52   51039097    0.000000  110.000000   6   5  39097   1
  53   50039098    0.000000  100.000000   6   5  39098   0
  54   51039098    0.000000  100.000000   6   5  39098   1
  55   50039099    0.000000  100.000000   6   5  39099   0
  56   50039100    0.000000  120.000000   6   5  39100   0
  57   51039100    0.000000  120.000000   6   5  39100   1
  58   50039101    0.000000  120.000000   6   5  39101   0
  59   50039102    0.000000  150.000000   6   5  39102   0
  60   50039103    0.000000  150.000000   6   5  39103   0
  61   50039104    0.000000  180.000000   6   5  39104   0
  62   50039105    0.000000  190.000000   6   5  39105   0
  63   50040092    0.000000  140.000000   6   5  40092   0
  64   50040093    0.000000  130.000000   6   5  40093   0
  65   50040094    0.000000  120.000000   6   5  40094   0
  66   50040095    0.000000  110.000000   6   5  40095   0
  67   50040096    0.000000  100.000000   6   5  40096   0
  68   50040097    0.000000   90.000000   6   5  40097   0
  69   50040098    0.000000   85.000000   6   5  40098   0
  70   50040099    0.000000   80.000000   6   5  40099   0
  71   50040100    0.000000   80.000000   6   5  40100   0
  72   50040101    0.000000   80.000000   6   5  40101   0
  73   50040102    0.000000   95.000000   6   5  40102   0
  74   50040103    0.000000  110.000000   6   5  40103   0
  75   50040104    0.000000  120.000000   6   5  40104   0
  76   50040105    0.000000  150.000000   6   5  40105   0
  77   50040106    0.000000  150.000000   6   5  40106   0
  78   50040107    0.000000  190.000000   6   5  40107   0
  79   50040108    0.000000  190.000000   6   5  40108   0
  80   50041093    0.000000  140.000000   6   5  41093   0
  81   51041093    0.000000  140.000000   6   5  41093   1
  82   50041094    0.000000  130.000000   6   5  41094   0
  83   51041094    0.000000  130.000000   6   5  41094   1
  84   50041095    0.000000  120.000000   6   5  41095   0
  85   51041095    0.000000  120.000000   6   5  41095   1
  86   50041096    0.000000  110.000000   6   5  41096   0
  87   50041097    0.000000  100.000000   6   5  41097   0
  88   51041097    0.000000  100.000000   6   5  41097   1
  89   50041098    0.000000   90.000000   6   5  41098   0
  90   51041098    0.000000   90.000000   6   5  41098   1
  91   50041099    0.000000   85.000000   6   5  41099   0
  92   51041099    0.000000   85.000000   6   5  41099   1
  93   50041100    0.000000   80.000000   6   5  41100   0
  94   51041100    0.000000   80.000000   6   5  41100   1
  95   50041101    0.000000   78.000000   6   5  41101   0
  96   50041102    0.000000   76.000000   6   5  41102   0
  97   51041102    0.000000   76.000000   6   5  41102   1
  98   50041103    0.000000   78.000000   6   5  41103   0
  99   50041104    0.000000   80.000000   6   5  41104   0
 100   50041105    0.000000   90.000000   6   5  41105   0
 101   50041106    0.000000  110.000000   6   5  41106   0
 102   50041107    0.000000  120.000000   6   5  41107   0
 103   50041108    0.000000  150.000000   6   5  41108   0
 104   50041109    0.000000  160.000000   6   5  41109   0
 105   50041110    0.000000  190.000000   6   5  41110   0
 106   50042094    0.000000  140.000000   6   5  42094   0
 107   50042095    0.000000  130.000000   6   5  42095   0
 108   50042096    0.000000  120.000000   6   5  42096   0
 109   50042097    0.000000  110.000000   6   5  42097   0
 110   50042098    0.000000  100.000000   6   5  42098   0
 111   50042099    0.000000   90.000000   6   5  42099   0
 112   50042100    0.000000   80.000000   6   5  42100   0
 113   50042101    0.000000   70.000000   6   5  42101   0
 114   50042102    0.000000   62.000000   6   5  42102   0
 115   50042103    0.000000   56.000000   6   5  42103   0
 116   50042104    0.000000   50.000000   6   5  42104   0
 117   50042105    0.000000   62.000000   6   5  42105   0
 118   50042106    0.000000   72.000000   6   5  42106   0
 119   50042107    0.000000   80.000000   6   5  42107   0
 120   50042108    0.000000   90.000000   6   5  42108   0
 121   50042109    0.000000  110.000000   6   5  42109   0
 122   50042110    0.000000  120.000000   6   5  42110   0
 123   50042111    0.000000  160.000000   6   5  42111   0
 124   50043095    0.000000  140.000000   6   5  43095   0
 125   51043095    0.000000  140.000000   6   5  43095   1
 126   50043096    0.000000  130.000000   6   5  43096   0
 127   51043096    0.000000  130.000000   6   5  43096   1
 128   50043097    0.000000  120.000000   6   5  43097   0
 129   51043097    0.000000  120.000000   6   5  43097   1
 130   50043098    0.000000  110.000000   6   5  43098   0
 131   50043099    0.000000  100.000000   6   5  43099   0
 132   51043099    0.000000  100.000000   6   5  43099   1
 133   50043100    0.000000   90.000000   6   5  43100   0
 134   50043101    0.000000   80.000000   6   5  43101   0
 135   50043102    0.000000   76.000000   6   5  43102   0
 136   51043102    0.000000   76.000000   6   5  43102   1
 137   50043103    0.000000   66.000000   6   5  43103   0
 138   50043104    0.000000   60.000000   6   5  43104   0
 139   50043105    0.000000   52.000000   6   5  43105   0
 140   50043106    0.000000   52.000000   6   5  43106   0
 141   50043107    0.000000   48.000000   6   5  43107   0
 142   50043108    0.000000   62.000000   6   5  43108   0
 143   50043109    0.000000   74.000000   6   5  43109   0
 144   50043110    0.000000   80.000000   6   5  43110   0
 145   50043111    0.000000   95.000000   6   5  43111   0
 146   50043112    0.000000  120.000000   6   5  43112   0
 147   50044096    0.000000  150.000000   6   5  44096   0
 148   50044097    0.000000  140.000000   6   5  44097   0
 149   50044098    0.000000  130.000000   6   5  44098   0
 150   50044099    0.000000  120.000000   6   5  44099   0
 151   50044100    0.000000  110.000000   6   5  44100   0
 152   50044101    0.000000   90.000000   6   5  44101   0
 153   50044102    0.000000   80.000000   6   5  44102   0
 154   50044103    0.000000   72.000000   6   5  44103   0
 155   50044104    0.000000   62.000000   6   5  44104   0
 156   50044105    0.000000   52.000000   6   5  44105   0
 157   50044106    0.000000   44.000000   6   5  44106   0
 158   50044107    0.000000   36.000000   6   5  44107   0
 159   50044108    0.000000   28.000000   6   5  44108   0
 160   50044109    0.000000   44.000000   6   5  44109   0
 161   50044110    0.000000   46.000000   6   5  44110   0
 162   50044111    0.000000   62.000000   6   5  44111   0
 163   50044112    0.000000   72.000000   6   5  44112   0
 164   50044113    0.000000   80.000000   6   5  44113   0
 165   50044114    0.000000  120.000000   6   5  44114   0
 166   50045097    0.000000  150.000000   6   5  45097   0
 167   51045097    0.000000  150.000000   6   5  45097   1
 168   50045098    0.000000  140.000000   6   5  45098   0
 169   51045098    0.000000  140.000000   6   5  45098   1
 170   50045099    0.000000  130.000000   6   5  45099   0
 171   51045099    0.000000  130.000000   6   5  45099   1
 172   50045100    0.000000  120.000000   6   5  45100   0
 173   51045100    0.000000  120.000000   6   5  45100   1
 174   50045101    0.000000  110.000000   6   5  45101   0
 175   51045101    0.000000  110.000000   6   5  45101   1
 176   50045102    0.000000  100.000000   6   5  45102   0
 177   51045102    0.000000  100.000000   6   5  45102   1
 178   50045103    0.000000   90.000000   6   5  45103   0
 179   51045103    0.000000   90.000000   6   5  45103   1
 180   50045104    0.000000   78.000000   6   5  45104   0
 181   51045104    0.000000   78.000000   6   5  45104   1
 182   50045105    0.000000   68.000000   6   5  45105   0
 183   51045105    0.000000   68.000000   6   5  45105   1
 184   50045106    0.000000   62.000000   6   5  45106   0
 185   51045106    0.000000   62.000000   6   5  45106   1
 186   50045107    0.000000   52.000000   6   5  45107   0
 187   50045108    0.000000   44.000000   6   5  45108   0
 188   50045109    0.000000   36.000000   6   5  45109   0
 189   50045110    0.000000   36.000000   6   5  45110   0
 190   50045111    0.000000   30.000000   6   5  45111   0
 191   50045112    0.000000   46.000000   6   5  45112   0
 192   50045113    0.000000   46.000000   6   5  45113   0
 193   50045114    0.000000   64.000000   6   5  45114   0
 194   50045115    0.000000   74.000000   6   5  45115   0
 195   50046098    0.000000  170.000000   6   5  46098   0
 196   50046099    0.000000  150.000000   6   5  46099   0
 197   50046100    0.000000  140.000000   6   5  46100   0
 198   50046101    0.000000  130.000000   6   5  46101   0
 199   50046102    0.000000  110.000000   6   5  46102   0
 200   50046103    0.000000  100.000000   6   5  46103   0
 201   50046104    0.000000   90.000000   6   5  46104   0
 202   50046105    0.000000   76.000000   6   5  46105   0
 203   50046106    0.000000   66.000000   6   5  46106   0
 204   50046107    0.000000   56.000000   6   5  46107   0
 205   51046107    0.000000   56.000000   6   5  46107   1
 206   50046108    0.000000   46.000000   6   5  46108   0
 207   50046109    0.000000   40.000000   6   5  46109   0
 208   51046109    0.000000   40.000000   6   5  46109   1
 209   50046110    0.000000   30.000000   6   5  46110   0
 210   50046111    0.000000   24.000000   6   5  46111   0
 211   51046111    0.000000   25.000000   6   5  46111   1
 212   50046112    0.000000   15.500000   6   5  46112   0
 213   50046113    0.000000   30.000000   6   5  46113   0
 214   51046113    0.000000   30.000000   6   5  46113   1
 215   50046114    0.000000   30.000000   6   5  46114   0
 216   50046115    0.000000   46.000000   6   5  46115   0
 217   51046115    0.000000   46.000000   6   5  46115   1
 218   50046116    0.000000   46.000000   6   5  46116   0
 219   50047099    0.000000  170.000000   6   5  47099   0
 220   51047099    0.000000  170.000000   6   5  47099   1
 221   50047100    0.000000  160.000000   6   5  47100   0
 222   51047100    0.000000  160.000000   6   5  47100   1
 223   50047101    0.000000  140.000000   6   5  47101   0
 224   51047101    0.000000  150.000000   6   5  47101   1
 225   50047102    0.000000  130.000000   6   5  47102   0
 226   51047102    0.000000  130.000000   6   5  47102   1
 227   50047103    0.000000  120.000000   6   5  47103   0
 228   51047103    0.000000  120.000000   6   5  47103   1
 229   50047104    0.000000  110.000000   6   5  47104   0
 230   51047104    0.000000  110.000000   6   5  47104   1
 231   50047105    0.000000  100.000000   6   5  47105   0
 232   51047105    0.000000  100.000000   6   5  47105   1
 233   50047106    0.000000   90.000000   6   5  47106   0
 234   51047106    0.000000   90.000000   6   5  47106   1
 235   50047107    0.000000   76.000000   6   5  47107   0
 236   51047107    0.000000   76.000000   6   5  47107   1
 237   50047108    0.000000   68.000000   6   5  47108   0
 238   51047108    0.000000   68.000000   6   5  47108   1
 239   50047109    0.000000   58.000000   6   5  47109   0
 240   51047109    0.000000   58.000000   6   5  47109   1
 241   50047110    0.000000   50.000000   6   5  47110   0
 242   51047110    0.000000   50.000000   6   5  47110   1
 243   50047111    0.000000   42.000000   6   5  47111   0
 244   51047111    0.000000   42.000000   6   5  47111   1
 245   50047112    0.000000   34.000000   6   5  47112   0
 246   50047113    0.000000   25.000000   6   5  47113   0
 247   51047113    0.000000   25.000000   6   5  47113   1
 248   50047114    0.000000   25.000000   6   5  47114   0
 249   50047115    0.000000   19.000000   6   5  47115   0
 250   51047115    0.000000   19.000000   6   5  47115   1
 251   50047116    0.000000   34.000000   6   5  47116   0
 252   51047116    0.000000   34.000000   6   5  47116   1
 253   50047117    0.000000   34.000000   6   5  47117   0
 254   51047117    0.000000   34.000000   6   5  47117   1
 255   50048100    0.000000  190.000000   6   5  48100   0
 256   50048101    0.000000  170.000000   6   5  48101   0
 257   50048102    0.000000  150.000000   6   5  48102   0
 258   50048103    0.000000  140.000000   6   5  48103   0
 259   50048104    0.000000  130.000000   6   5  48104   0
 260   50048105    0.000000  110.000000   6   5  48105   0
 261   50048106    0.000000  100.000000   6   5  48106   0
 262   50048107    0.000000   90.000000   6   5  48107   0
 263   50048108    0.000000   76.000000   6   5  48108   0
 264   50048109    0.000000   66.000000   6   5  48109   0
 265   50048110    0.000000   56.000000   6   5  48110   0
 266   50048111    0.000000   48.000000   6   5  48111   0
 267   51048111    0.000000   48.000000   6   5  48111   1
 268   50048112    0.000000   38.000000   6   5  48112   0
 269   50048113    0.000000   32.000000   6   5  48113   0
 270   51048113    0.000000   32.000000   6   5  48113   1
 271   50048114    0.000000   21.000000   6   5  48114   0
 272   50048115    0.000000   15.000000   6   5  48115   0
 273   51048115    0.000000   15.000000   6   5  48115   1
 274   50048116    0.000000    6.000000   6   5  48116   0
 275   50048117    0.000000   21.000000   6   5  48117   0
 276   51048117    0.000000   21.000000   6   5  48117   1
 277   50048118    0.000000   20.000000   6   5  48118   0
 278   50049102    0.000000  180.000000   6   5  49102   0
 279   50049103    0.000000  170.000000   6   5  49103   0
 280   51049103    0.000000  170.000000   6   5  49103   1
 281   50049104    0.000000  150.000000   6   5  49104   0
 282   51049104    0.000000  150.000000   6   5  49104   1
 283   50049105    0.000000  140.000000   6   5  49105   0
 284   51049105    0.000000  140.000000   6   5  49105   1
 285   50049106    0.000000  130.000000   6   5  49106   0
 286   51049106    0.000000  130.000000   6   5  49106   1
 287   50049107    0.000000  120.000000   6   5  49107   0
 288   51049107    0.000000  120.000000   6   5  49107   1
 289   50049108    0.000000  110.000000   6   5  49108   0
 290   51049108    0.000000  110.000000   6   5  49108   1
 291   50049109    0.000000   90.000000   6   5  49109   0
 292   51049109    0.000000   90.000000   6   5  49109   1
 293   50049110    0.000000   80.000000   6   5  49110   0
 294   51049110    0.000000   80.000000   6   5  49110   1
 295   50049111    0.000000   70.000000   6   5  49111   0
 296   51049111    0.000000   70.000000   6   5  49111   1
 297   50049112    0.000000   62.000000   6   5  49112   0
 298   51049112    0.000000   62.000000   6   5  49112   1
 299   50049113    0.000000   52.000000   6   5  49113   0
 300   51049113    0.000000   52.000000   6   5  49113   1
 301   50049114    0.000000   44.000000   6   5  49114   0
 302   51049114    0.000000   44.000000   6   5  49114   1
 303   50049115    0.000000   34.000000   6   5  49115   0
 304   51049115    0.000000   34.000000   6   5  49115   1
 305   50049116    0.000000   27.000000   6   5  49116   0
 306   51049116    0.000000   27.000000   6   5  49116   1
 307   52049116    0.000000   27.000000   6   5  49116   2
 308   50049117    0.000000   17.500000   6   5  49117   0
 309   51049117    0.000000   18.000000   6   5  49117   1
 310   50049118    0.000000   17.500000   6   5  49118   0
 311   51049118    0.000000   17.500000   6   5  49118   1
 312   50049119    0.000000   11.000000   6   5  49119   0
 313   51049119    0.000000   11.500000   6   5  49119   1
 314   50050104    0.000000  180.000000   6   5  50104   0
 315   50050105    0.000000  160.000000   6   5  50105   0
 316   50050106    0.000000  140.000000   6   5  50106   0
 317   50050107    0.000000  130.000000   6   5  50107   0
 318   50050108    0.000000  120.000000   6   5  50108   0
 319   50050109    0.000000  110.000000   6   5  50109   0
 320   50050110    0.000000   95.000000   6   5  50110   0
 321   50050111    0.000000   85.000000   6   5  50111   0
 322   50050112    0.000000   70.000000   6   5  50112   0
 323   50050113    0.000000   62.000000   6   5  50113   0
 324   51050113    0.000000   62.000000   6   5  50113   1
 325   50050114    0.000000   52.000000   6   5  50114   0
 326   50050115    0.000000   44.000000   6   5  50115   0
 327   50050116    0.000000   34.000000   6   5  50116   0
 328   50050117    0.000000   26.000000   6   5  50117   0
 329   51050117    0.000000   26.000000   6   5  50117   1
 330   50050118    0.000000   16.000000   6   5  50118   0
 331   50050119    0.000000    9.500000   6   5  50119   0
 332   51050119    0.000000    9.500000   6   5  50119   1
 333   50050120    0.000000    1.000000   6   5  50120   0
 
   p   ZAP IP   NR    Tp [MeV]
   1     1  1    1    9.104664
   2     0  2    1    1.000000
   3  1001  9    1   10.688060
   4  1002 31    1   17.005880
   5  1003 32    1   17.500000
   6  2003 33    1   21.000000
   7  2004 34    1    6.000000
--------------------------------------------------------------------------------
 
