 
--------------------------------------------------------------------------------
 50-Sn-117   T= 0.00 K from IAEA/PD-2019       (ACEMAKER)
 ZAID= 50117.38u  MAT=5040  ZA= 50117
 AWR= 115.898700  STA=  0  ELIS=   0.000 MeV  LIS=  0  LISO=  0
--------------------------------------------------------------------------------
 NTOTR= 360 NTRAN=   1 NPROD= 359 NE=     132 EMAX= 200.000 MeV
   i     MT/MTD     Q [MeV]     T [MeV] LMF  MT    ZAP LFS
   1          5    0.000000    1.000000   3   5
   2   50035084    0.000000  140.000000   6   5  35084   0
   3   51035084    0.000000  140.000000   6   5  35084   1
   4   50035085    0.000000  130.000000   6   5  35085   0
   5   50035086    0.000000  130.000000   6   5  35086   0
   6   50035087    0.000000  130.000000   6   5  35087   0
   7   50035088    0.000000  130.000000   6   5  35088   0
   8   50035089    0.000000  130.000000   6   5  35089   0
   9   50035090    0.000000  150.000000   6   5  35090   0
  10   50035091    0.000000  150.000000   6   5  35091   0
  11   50035092    0.000000  180.000000   6   5  35092   0
  12   50035093    0.000000  180.000000   6   5  35093   0
  13   50036085    0.000000  130.000000   6   5  36085   0
  14   51036085    0.000000  130.000000   6   5  36085   1
  15   50036086    0.000000  120.000000   6   5  36086   0
  16   50036087    0.000000  120.000000   6   5  36087   0
  17   50036088    0.000000  110.000000   6   5  36088   0
  18   50036089    0.000000  110.000000   6   5  36089   0
  19   50036090    0.000000  110.000000   6   5  36090   0
  20   50036091    0.000000  130.000000   6   5  36091   0
  21   50036092    0.000000  130.000000   6   5  36092   0
  22   50036093    0.000000  150.000000   6   5  36093   0
  23   50036094    0.000000  150.000000   6   5  36094   0
  24   50036095    0.000000  180.000000   6   5  36095   0
  25   50036096    0.000000  190.000000   6   5  36096   0
  26   50037086    0.000000  130.000000   6   5  37086   0
  27   51037086    0.000000  130.000000   6   5  37086   1
  28   50037087    0.000000  120.000000   6   5  37087   0
  29   50037088    0.000000  120.000000   6   5  37088   0
  30   50037089    0.000000  110.000000   6   5  37089   0
  31   50037090    0.000000  110.000000   6   5  37090   0
  32   51037090    0.000000  110.000000   6   5  37090   1
  33   50037091    0.000000  110.000000   6   5  37091   0
  34   50037092    0.000000  110.000000   6   5  37092   0
  35   50037093    0.000000  110.000000   6   5  37093   0
  36   50037094    0.000000  130.000000   6   5  37094   0
  37   50037095    0.000000  130.000000   6   5  37095   0
  38   50037096    0.000000  150.000000   6   5  37096   0
  39   50037097    0.000000  160.000000   6   5  37097   0
  40   50037098    0.000000  190.000000   6   5  37098   0
  41   50037099    0.000000  190.000000   6   5  37099   0
  42   50038087    0.000000  130.000000   6   5  38087   0
  43   51038087    0.000000  130.000000   6   5  38087   1
  44   50038088    0.000000  120.000000   6   5  38088   0
  45   50038089    0.000000  110.000000   6   5  38089   0
  46   50038090    0.000000  100.000000   6   5  38090   0
  47   50038091    0.000000   95.000000   6   5  38091   0
  48   50038092    0.000000   85.000000   6   5  38092   0
  49   50038093    0.000000   80.000000   6   5  38093   0
  50   50038094    0.000000   80.000000   6   5  38094   0
  51   50038095    0.000000  110.000000   6   5  38095   0
  52   50038096    0.000000  110.000000   6   5  38096   0
  53   50038097    0.000000  130.000000   6   5  38097   0
  54   50038098    0.000000  130.000000   6   5  38098   0
  55   50038099    0.000000  160.000000   6   5  38099   0
  56   50038100    0.000000  160.000000   6   5  38100   0
  57   50038101    0.000000  190.000000   6   5  38101   0
  58   50039088    0.000000  130.000000   6   5  39088   0
  59   50039089    0.000000  120.000000   6   5  39089   0
  60   51039089    0.000000  120.000000   6   5  39089   1
  61   50039090    0.000000  110.000000   6   5  39090   0
  62   51039090    0.000000  110.000000   6   5  39090   1
  63   50039091    0.000000  100.000000   6   5  39091   0
  64   51039091    0.000000  100.000000   6   5  39091   1
  65   50039092    0.000000   95.000000   6   5  39092   0
  66   50039093    0.000000   85.000000   6   5  39093   0
  67   51039093    0.000000   85.000000   6   5  39093   1
  68   50039094    0.000000   80.000000   6   5  39094   0
  69   50039095    0.000000   80.000000   6   5  39095   0
  70   50039096    0.000000   80.000000   6   5  39096   0
  71   50039097    0.000000   85.000000   6   5  39097   0
  72   51039097    0.000000   85.000000   6   5  39097   1
  73   50039098    0.000000  110.000000   6   5  39098   0
  74   51039098    0.000000  110.000000   6   5  39098   1
  75   50039099    0.000000  110.000000   6   5  39099   0
  76   50039100    0.000000  130.000000   6   5  39100   0
  77   51039100    0.000000  130.000000   6   5  39100   1
  78   50039101    0.000000  130.000000   6   5  39101   0
  79   50039102    0.000000  160.000000   6   5  39102   0
  80   50039103    0.000000  160.000000   6   5  39103   0
  81   50040089    0.000000  140.000000   6   5  40089   0
  82   51040089    0.000000  140.000000   6   5  40089   1
  83   50040090    0.000000  130.000000   6   5  40090   0
  84   51040090    0.000000  130.000000   6   5  40090   1
  85   50040091    0.000000  110.000000   6   5  40091   0
  86   50040092    0.000000  100.000000   6   5  40092   0
  87   50040093    0.000000   95.000000   6   5  40093   0
  88   50040094    0.000000   85.000000   6   5  40094   0
  89   50040095    0.000000   76.000000   6   5  40095   0
  90   50040096    0.000000   68.000000   6   5  40096   0
  91   50040097    0.000000   62.000000   6   5  40097   0
  92   50040098    0.000000   68.000000   6   5  40098   0
  93   50040099    0.000000   80.000000   6   5  40099   0
  94   50040100    0.000000   85.000000   6   5  40100   0
  95   50040101    0.000000  100.000000   6   5  40101   0
  96   50040102    0.000000  100.000000   6   5  40102   0
  97   50040103    0.000000  130.000000   6   5  40103   0
  98   50040104    0.000000  130.000000   6   5  40104   0
  99   50040105    0.000000  160.000000   6   5  40105   0
 100   50040106    0.000000  170.000000   6   5  40106   0
 101   50041090    0.000000  140.000000   6   5  41090   0
 102   51041090    0.000000  140.000000   6   5  41090   1
 103   50041091    0.000000  130.000000   6   5  41091   0
 104   51041091    0.000000  130.000000   6   5  41091   1
 105   50041092    0.000000  110.000000   6   5  41092   0
 106   51041092    0.000000  110.000000   6   5  41092   1
 107   50041093    0.000000  100.000000   6   5  41093   0
 108   51041093    0.000000  100.000000   6   5  41093   1
 109   50041094    0.000000   95.000000   6   5  41094   0
 110   51041094    0.000000   95.000000   6   5  41094   1
 111   50041095    0.000000   85.000000   6   5  41095   0
 112   51041095    0.000000   85.000000   6   5  41095   1
 113   50041096    0.000000   76.000000   6   5  41096   0
 114   50041097    0.000000   68.000000   6   5  41097   0
 115   51041097    0.000000   68.000000   6   5  41097   1
 116   50041098    0.000000   62.000000   6   5  41098   0
 117   51041098    0.000000   62.000000   6   5  41098   1
 118   50041099    0.000000   62.000000   6   5  41099   0
 119   51041099    0.000000   62.000000   6   5  41099   1
 120   50041100    0.000000   62.000000   6   5  41100   0
 121   51041100    0.000000   62.000000   6   5  41100   1
 122   50041101    0.000000   70.000000   6   5  41101   0
 123   50041102    0.000000   80.000000   6   5  41102   0
 124   51041102    0.000000   80.000000   6   5  41102   1
 125   50041103    0.000000   85.000000   6   5  41103   0
 126   50041104    0.000000  100.000000   6   5  41104   0
 127   50041105    0.000000  110.000000   6   5  41105   0
 128   50041106    0.000000  130.000000   6   5  41106   0
 129   50041107    0.000000  140.000000   6   5  41107   0
 130   50041108    0.000000  170.000000   6   5  41108   0
 131   50042091    0.000000  150.000000   6   5  42091   0
 132   51042091    0.000000  150.000000   6   5  42091   1
 133   50042092    0.000000  130.000000   6   5  42092   0
 134   50042093    0.000000  120.000000   6   5  42093   0
 135   51042093    0.000000  120.000000   6   5  42093   1
 136   50042094    0.000000  110.000000   6   5  42094   0
 137   50042095    0.000000   95.000000   6   5  42095   0
 138   50042096    0.000000   85.000000   6   5  42096   0
 139   50042097    0.000000   74.000000   6   5  42097   0
 140   50042098    0.000000   66.000000   6   5  42098   0
 141   50042099    0.000000   58.000000   6   5  42099   0
 142   50042100    0.000000   50.000000   6   5  42100   0
 143   50042101    0.000000   42.000000   6   5  42101   0
 144   50042102    0.000000   52.000000   6   5  42102   0
 145   50042103    0.000000   58.000000   6   5  42103   0
 146   50042104    0.000000   68.000000   6   5  42104   0
 147   50042105    0.000000   78.000000   6   5  42105   0
 148   50042106    0.000000   85.000000   6   5  42106   0
 149   50042107    0.000000  110.000000   6   5  42107   0
 150   50042108    0.000000  110.000000   6   5  42108   0
 151   50042109    0.000000  140.000000   6   5  42109   0
 152   50043092    0.000000  150.000000   6   5  43092   0
 153   50043093    0.000000  130.000000   6   5  43093   0
 154   51043093    0.000000  130.000000   6   5  43093   1
 155   50043094    0.000000  120.000000   6   5  43094   0
 156   51043094    0.000000  120.000000   6   5  43094   1
 157   50043095    0.000000  110.000000   6   5  43095   0
 158   51043095    0.000000  110.000000   6   5  43095   1
 159   50043096    0.000000  100.000000   6   5  43096   0
 160   51043096    0.000000  100.000000   6   5  43096   1
 161   50043097    0.000000   90.000000   6   5  43097   0
 162   51043097    0.000000   90.000000   6   5  43097   1
 163   50043098    0.000000   80.000000   6   5  43098   0
 164   50043099    0.000000   72.000000   6   5  43099   0
 165   51043099    0.000000   72.000000   6   5  43099   1
 166   50043100    0.000000   64.000000   6   5  43100   0
 167   50043101    0.000000   54.000000   6   5  43101   0
 168   50043102    0.000000   48.000000   6   5  43102   0
 169   51043102    0.000000   48.000000   6   5  43102   1
 170   50043103    0.000000   46.000000   6   5  43103   0
 171   50043104    0.000000   40.000000   6   5  43104   0
 172   50043105    0.000000   54.000000   6   5  43105   0
 173   50043106    0.000000   58.000000   6   5  43106   0
 174   50043107    0.000000   70.000000   6   5  43107   0
 175   50043108    0.000000   78.000000   6   5  43108   0
 176   50043109    0.000000   85.000000   6   5  43109   0
 177   50043110    0.000000  110.000000   6   5  43110   0
 178   50044093    0.000000  160.000000   6   5  44093   0
 179   51044093    0.000000  160.000000   6   5  44093   1
 180   50044094    0.000000  150.000000   6   5  44094   0
 181   50044095    0.000000  130.000000   6   5  44095   0
 182   50044096    0.000000  120.000000   6   5  44096   0
 183   50044097    0.000000  110.000000   6   5  44097   0
 184   50044098    0.000000   95.000000   6   5  44098   0
 185   50044099    0.000000   80.000000   6   5  44099   0
 186   50044100    0.000000   70.000000   6   5  44100   0
 187   50044101    0.000000   60.000000   6   5  44101   0
 188   50044102    0.000000   50.000000   6   5  44102   0
 189   50044103    0.000000   42.000000   6   5  44103   0
 190   50044104    0.000000   32.000000   6   5  44104   0
 191   50044105    0.000000   25.000000   6   5  44105   0
 192   50044106    0.000000   38.000000   6   5  44106   0
 193   50044107    0.000000   40.000000   6   5  44107   0
 194   50044108    0.000000   52.000000   6   5  44108   0
 195   50044109    0.000000   58.000000   6   5  44109   0
 196   50044110    0.000000   68.000000   6   5  44110   0
 197   50044111    0.000000   80.000000   6   5  44111   0
 198   50045094    0.000000  160.000000   6   5  45094   0
 199   51045094    0.000000  160.000000   6   5  45094   1
 200   50045095    0.000000  150.000000   6   5  45095   0
 201   51045095    0.000000  150.000000   6   5  45095   1
 202   50045096    0.000000  140.000000   6   5  45096   0
 203   51045096    0.000000  140.000000   6   5  45096   1
 204   50045097    0.000000  120.000000   6   5  45097   0
 205   51045097    0.000000  120.000000   6   5  45097   1
 206   50045098    0.000000  110.000000   6   5  45098   0
 207   51045098    0.000000  110.000000   6   5  45098   1
 208   50045099    0.000000  100.000000   6   5  45099   0
 209   51045099    0.000000  100.000000   6   5  45099   1
 210   50045100    0.000000   90.000000   6   5  45100   0
 211   51045100    0.000000   90.000000   6   5  45100   1
 212   50045101    0.000000   78.000000   6   5  45101   0
 213   51045101    0.000000   78.000000   6   5  45101   1
 214   50045102    0.000000   68.000000   6   5  45102   0
 215   51045102    0.000000   68.000000   6   5  45102   1
 216   50045103    0.000000   58.000000   6   5  45103   0
 217   51045103    0.000000   58.000000   6   5  45103   1
 218   50045104    0.000000   50.000000   6   5  45104   0
 219   51045104    0.000000   50.000000   6   5  45104   1
 220   50045105    0.000000   42.000000   6   5  45105   0
 221   51045105    0.000000   42.000000   6   5  45105   1
 222   50045106    0.000000   34.000000   6   5  45106   0
 223   51045106    0.000000   34.000000   6   5  45106   1
 224   50045107    0.000000   32.000000   6   5  45107   0
 225   50045108    0.000000   27.000000   6   5  45108   0
 226   50045109    0.000000   38.000000   6   5  45109   0
 227   50045110    0.000000   40.000000   6   5  45110   0
 228   50045111    0.000000   54.000000   6   5  45111   0
 229   50045112    0.000000   58.000000   6   5  45112   0
 230   50046095    0.000000  170.000000   6   5  46095   0
 231   51046095    0.000000  170.000000   6   5  46095   1
 232   50046096    0.000000  160.000000   6   5  46096   0
 233   50046097    0.000000  150.000000   6   5  46097   0
 234   50046098    0.000000  130.000000   6   5  46098   0
 235   50046099    0.000000  120.000000   6   5  46099   0
 236   50046100    0.000000  100.000000   6   5  46100   0
 237   50046101    0.000000   90.000000   6   5  46101   0
 238   50046102    0.000000   76.000000   6   5  46102   0
 239   50046103    0.000000   66.000000   6   5  46103   0
 240   50046104    0.000000   56.000000   6   5  46104   0
 241   50046105    0.000000   46.000000   6   5  46105   0
 242   50046106    0.000000   36.000000   6   5  46106   0
 243   50046107    0.000000   29.000000   6   5  46107   0
 244   51046107    0.000000   30.000000   6   5  46107   1
 245   50046108    0.000000   20.000000   6   5  46108   0
 246   50046109    0.000000   13.500000   6   5  46109   0
 247   51046109    0.000000   14.000000   6   5  46109   1
 248   50046110    0.000000   25.000000   6   5  46110   0
 249   50046111    0.000000   27.000000   6   5  46111   0
 250   51046111    0.000000   27.000000   6   5  46111   1
 251   50046112    0.000000   40.000000   6   5  46112   0
 252   50046113    0.000000   42.000000   6   5  46113   0
 253   51046113    0.000000   42.000000   6   5  46113   1
 254   50047096    0.000000  180.000000   6   5  47096   0
 255   51047096    0.000000  180.000000   6   5  47096   1
 256   50047097    0.000000  170.000000   6   5  47097   0
 257   50047098    0.000000  150.000000   6   5  47098   0
 258   50047099    0.000000  140.000000   6   5  47099   0
 259   51047099    0.000000  140.000000   6   5  47099   1
 260   50047100    0.000000  130.000000   6   5  47100   0
 261   51047100    0.000000  130.000000   6   5  47100   1
 262   50047101    0.000000  110.000000   6   5  47101   0
 263   51047101    0.000000  120.000000   6   5  47101   1
 264   50047102    0.000000  100.000000   6   5  47102   0
 265   51047102    0.000000  100.000000   6   5  47102   1
 266   50047103    0.000000   90.000000   6   5  47103   0
 267   51047103    0.000000   90.000000   6   5  47103   1
 268   50047104    0.000000   78.000000   6   5  47104   0
 269   51047104    0.000000   78.000000   6   5  47104   1
 270   50047105    0.000000   68.000000   6   5  47105   0
 271   51047105    0.000000   68.000000   6   5  47105   1
 272   50047106    0.000000   60.000000   6   5  47106   0
 273   51047106    0.000000   60.000000   6   5  47106   1
 274   50047107    0.000000   48.000000   6   5  47107   0
 275   51047107    0.000000   48.000000   6   5  47107   1
 276   50047108    0.000000   42.000000   6   5  47108   0
 277   51047108    0.000000   42.000000   6   5  47108   1
 278   50047109    0.000000   32.000000   6   5  47109   0
 279   51047109    0.000000   32.000000   6   5  47109   1
 280   50047110    0.000000   24.000000   6   5  47110   0
 281   51047110    0.000000   24.000000   6   5  47110   1
 282   50047111    0.000000   21.000000   6   5  47111   0
 283   51047111    0.000000   21.000000   6   5  47111   1
 284   50047112    0.000000   16.500000   6   5  47112   0
 285   50047113    0.000000   29.000000   6   5  47113   0
 286   51047113    0.000000   29.000000   6   5  47113   1
 287   50047114    0.000000   30.000000   6   5  47114   0
 288   50048098    0.000000  180.000000   6   5  48098   0
 289   50048099    0.000000  160.000000   6   5  48099   0
 290   50048100    0.000000  150.000000   6   5  48100   0
 291   50048101    0.000000  130.000000   6   5  48101   0
 292   50048102    0.000000  120.000000   6   5  48102   0
 293   50048103    0.000000  110.000000   6   5  48103   0
 294   50048104    0.000000   90.000000   6   5  48104   0
 295   50048105    0.000000   80.000000   6   5  48105   0
 296   50048106    0.000000   68.000000   6   5  48106   0
 297   50048107    0.000000   58.000000   6   5  48107   0
 298   50048108    0.000000   48.000000   6   5  48108   0
 299   50048109    0.000000   40.000000   6   5  48109   0
 300   50048110    0.000000   29.000000   6   5  48110   0
 301   50048111    0.000000   22.000000   6   5  48111   0
 302   51048111    0.000000   22.000000   6   5  48111   1
 303   50048112    0.000000   11.500000   6   5  48112   0
 304   50048113    0.000000    5.000000   6   5  48113   0
 305   51048113    0.000000    5.500000   6   5  48113   1
 306   50048114    0.000000   16.500000   6   5  48114   0
 307   50048115    0.000000   18.000000   6   5  48115   0
 308   51048115    0.000000   18.000000   6   5  48115   1
 309   50049099    0.000000  190.000000   6   5  49099   0
 310   50049100    0.000000  180.000000   6   5  49100   0
 311   50049101    0.000000  160.000000   6   5  49101   0
 312   50049102    0.000000  150.000000   6   5  49102   0
 313   50049103    0.000000  130.000000   6   5  49103   0
 314   51049103    0.000000  140.000000   6   5  49103   1
 315   50049104    0.000000  120.000000   6   5  49104   0
 316   51049104    0.000000  120.000000   6   5  49104   1
 317   50049105    0.000000  110.000000   6   5  49105   0
 318   51049105    0.000000  110.000000   6   5  49105   1
 319   50049106    0.000000   95.000000   6   5  49106   0
 320   51049106    0.000000   95.000000   6   5  49106   1
 321   50049107    0.000000   85.000000   6   5  49107   0
 322   51049107    0.000000   85.000000   6   5  49107   1
 323   50049108    0.000000   74.000000   6   5  49108   0
 324   51049108    0.000000   74.000000   6   5  49108   1
 325   50049109    0.000000   62.000000   6   5  49109   0
 326   51049109    0.000000   64.000000   6   5  49109   1
 327   50049110    0.000000   54.000000   6   5  49110   0
 328   51049110    0.000000   54.000000   6   5  49110   1
 329   50049111    0.000000   44.000000   6   5  49111   0
 330   51049111    0.000000   44.000000   6   5  49111   1
 331   50049112    0.000000   36.000000   6   5  49112   0
 332   51049112    0.000000   36.000000   6   5  49112   1
 333   50049113    0.000000   25.000000   6   5  49113   0
 334   51049113    0.000000   25.000000   6   5  49113   1
 335   50049114    0.000000   17.500000   6   5  49114   0
 336   51049114    0.000000   17.500000   6   5  49114   1
 337   50049115    0.000000   14.500000   6   5  49115   0
 338   51049115    0.000000   15.000000   6   5  49115   1
 339   50049116    0.000000   10.000000   6   5  49116   0
 340   51049116    0.000000   10.000000   6   5  49116   1
 341   52049116    0.000000   10.000000   6   5  49116   2
 342   50050101    0.000000  180.000000   6   5  50101   0
 343   50050102    0.000000  170.000000   6   5  50102   0
 344   50050103    0.000000  150.000000   6   5  50103   0
 345   50050104    0.000000  140.000000   6   5  50104   0
 346   50050105    0.000000  130.000000   6   5  50105   0
 347   50050106    0.000000  110.000000   6   5  50106   0
 348   50050107    0.000000  100.000000   6   5  50107   0
 349   50050108    0.000000   90.000000   6   5  50108   0
 350   50050109    0.000000   76.000000   6   5  50109   0
 351   50050110    0.000000   64.000000   6   5  50110   0
 352   50050111    0.000000   56.000000   6   5  50111   0
 353   50050112    0.000000   44.000000   6   5  50112   0
 354   50050113    0.000000   36.000000   6   5  50113   0
 355   51050113    0.000000   36.000000   6   5  50113   1
 356   50050114    0.000000   25.000000   6   5  50114   0
 357   50050115    0.000000   17.000000   6   5  50115   0
 358   50050116    0.000000    7.000000   6   5  50116   0
 359   50050117    0.000000    1.000000   6   5  50117   0
 360   51050117    0.000000    1.000000   6   5  50117   1
 
   p   ZAP IP   NR    Tp [MeV]
   1     1  1    1    6.943098
   2     0  2    1    1.000000
   3  1001  9    1    9.436973
   4  1002 31    1   13.997130
   5  1003 32    1   17.000000
   6  2003 33    1   16.500000
   7  2004 34    1    5.000000
--------------------------------------------------------------------------------
 
