 
--------------------------------------------------------------------------------
 50-Sn-116   T= 0.00 K from IAEA/PD-2019       (ACEMAKER)
 ZAID= 50116.38u  MAT=5037  ZA= 50116
 AWR= 114.906100  STA=  0  ELIS=   0.000 MeV  LIS=  0  LISO=  0
--------------------------------------------------------------------------------
 NTOTR= 155 NTRAN=   1 NPROD= 154 NE=      87 EMAX= 200.000 MeV
   i     MT/MTD     Q [MeV]     T [MeV] LMF  MT    ZAP LFS
   1          5    0.000000    1.500000   3   5
   2   50040086    0.000000  130.000000   6   5  40086   0
   3   50040087    0.000000  130.000000   6   5  40087   0
   4   52040087    0.000000  130.000000   6   5  40087   2
   5   50040088    0.000000  130.000000   6   5  40088   0
   6   50040089    0.000000  130.000000   6   5  40089   0
   7   51040089    0.000000  130.000000   6   5  40089   1
   8   50041087    0.000000  130.000000   6   5  41087   0
   9   51041087    0.000000  130.000000   6   5  41087   1
  10   50041088    0.000000  130.000000   6   5  41088   0
  11   51041088    0.000000  130.000000   6   5  41088   1
  12   50041089    0.000000  120.000000   6   5  41089   0
  13   51041089    0.000000  120.000000   6   5  41089   1
  14   50041090    0.000000  120.000000   6   5  41090   0
  15   52041090    0.000000  120.000000   6   5  41090   2
  16   50041091    0.000000  120.000000   6   5  41091   0
  17   51041091    0.000000  120.000000   6   5  41091   1
  18   50042088    0.000000  130.000000   6   5  42088   0
  19   50042089    0.000000  130.000000   6   5  42089   0
  20   50042090    0.000000  120.000000   6   5  42090   0
  21   50042091    0.000000  120.000000   6   5  42091   0
  22   51042091    0.000000  120.000000   6   5  42091   1
  23   50042092    0.000000  110.000000   6   5  42092   0
  24   50042093    0.000000  120.000000   6   5  42093   0
  25   66042093    0.000000  120.000000   6   5  42093  16
  26   50043090    0.000000  130.000000   6   5  43090   0
  27   54043090    0.000000  130.000000   6   5  43090   4
  28   56043090    0.000000  130.000000   6   5  43090   6
  29   50043091    0.000000  120.000000   6   5  43091   0
  30   51043091    0.000000  120.000000   6   5  43091   1
  31   50043092    0.000000  110.000000   6   5  43092   0
  32   50043093    0.000000  110.000000   6   5  43093   0
  33   51043093    0.000000  110.000000   6   5  43093   1
  34   50043094    0.000000  110.000000   6   5  43094   0
  35   51043094    0.000000  110.000000   6   5  43094   1
  36   50043095    0.000000  110.000000   6   5  43095   0
  37   51043095    0.000000  110.000000   6   5  43095   1
  38   50043096    0.000000  110.000000   6   5  43096   0
  39   51043096    0.000000  110.000000   6   5  43096   1
  40   50044092    0.000000  130.000000   6   5  44092   0
  41   50044093    0.000000  120.000000   6   5  44093   0
  42   51044093    0.000000  120.000000   6   5  44093   1
  43   50044094    0.000000  110.000000   6   5  44094   0
  44   50044095    0.000000  110.000000   6   5  44095   0
  45   50044096    0.000000  110.000000   6   5  44096   0
  46   50044097    0.000000  110.000000   6   5  44097   0
  47   50044098    0.000000  110.000000   6   5  44098   0
  48   50045094    0.000000  130.000000   6   5  45094   0
  49   52045094    0.000000  130.000000   6   5  45094   2
  50   50045095    0.000000  110.000000   6   5  45095   0
  51   51045095    0.000000  110.000000   6   5  45095   1
  52   50045096    0.000000  110.000000   6   5  45096   0
  53   51045096    0.000000  110.000000   6   5  45096   1
  54   50045097    0.000000  100.000000   6   5  45097   0
  55   51045097    0.000000  100.000000   6   5  45097   1
  56   50045098    0.000000  100.000000   6   5  45098   0
  57   53045098    0.000000  100.000000   6   5  45098   3
  58   50045099    0.000000  100.000000   6   5  45099   0
  59   51045099    0.000000  100.000000   6   5  45099   1
  60   50045100    0.000000  100.000000   6   5  45100   0
  61   54045100    0.000000  100.000000   6   5  45100   4
  62   50045101    0.000000  100.000000   6   5  45101   0
  63   51045101    0.000000  100.000000   6   5  45101   1
  64   50046096    0.000000  140.000000   6   5  46096   0
  65   50046097    0.000000  110.000000   6   5  46097   0
  66   50046098    0.000000  110.000000   6   5  46098   0
  67   50046099    0.000000  100.000000   6   5  46099   0
  68   50046100    0.000000   95.000000   6   5  46100   0
  69   50046101    0.000000   90.000000   6   5  46101   0
  70   50046102    0.000000   85.000000   6   5  46102   0
  71   50046103    0.000000   78.000000   6   5  46103   0
  72   50046104    0.000000   76.000000   6   5  46104   0
  73   50046105    0.000000   76.000000   6   5  46105   0
  74   50046106    0.000000   85.000000   6   5  46106   0
  75   50047098    0.000000  130.000000   6   5  47098   0
  76   50047099    0.000000  110.000000   6   5  47099   0
  77   52047099    0.000000  110.000000   6   5  47099   2
  78   50047100    0.000000  100.000000   6   5  47100   0
  79   51047100    0.000000  100.000000   6   5  47100   1
  80   50047101    0.000000   95.000000   6   5  47101   0
  81   52047101    0.000000   95.000000   6   5  47101   2
  82   50047102    0.000000   90.000000   6   5  47102   0
  83   51047102    0.000000   90.000000   6   5  47102   1
  84   50047103    0.000000   85.000000   6   5  47103   0
  85   52047103    0.000000   85.000000   6   5  47103   2
  86   50047104    0.000000   80.000000   6   5  47104   0
  87   51047104    0.000000   80.000000   6   5  47104   1
  88   50047105    0.000000   74.000000   6   5  47105   0
  89   51047105    0.000000   74.000000   6   5  47105   1
  90   50047106    0.000000   70.000000   6   5  47106   0
  91   51047106    0.000000   70.000000   6   5  47106   1
  92   50047107    0.000000   62.000000   6   5  47107   0
  93   51047107    0.000000   62.000000   6   5  47107   1
  94   50047108    0.000000   56.000000   6   5  47108   0
  95   52047108    0.000000   56.000000   6   5  47108   2
  96   50047109    0.000000   48.000000   6   5  47109   0
  97   51047109    0.000000   48.000000   6   5  47109   1
  98   50047110    0.000000   42.000000   6   5  47110   0
  99   52047110    0.000000   42.000000   6   5  47110   2
 100   50047111    0.000000   42.000000   6   5  47111   0
 101   51047111    0.000000   42.000000   6   5  47111   1
 102   50048101    0.000000  110.000000   6   5  48101   0
 103   50048102    0.000000   95.000000   6   5  48102   0
 104   50048103    0.000000   85.000000   6   5  48103   0
 105   50048104    0.000000   80.000000   6   5  48104   0
 106   50048105    0.000000   72.000000   6   5  48105   0
 107   50048106    0.000000   64.000000   6   5  48106   0
 108   50048107    0.000000   58.000000   6   5  48107   0
 109   50048108    0.000000   48.000000   6   5  48108   0
 110   50048109    0.000000   40.000000   6   5  48109   0
 111   50048110    0.000000   30.000000   6   5  48110   0
 112   50048111    0.000000   22.000000   6   5  48111   0
 113   53048111    0.000000   22.000000   6   5  48111   3
 114   50048112    0.000000   12.000000   6   5  48112   0
 115   50048113    0.000000   36.000000   6   5  48113   0
 116   51048113    0.000000   36.000000   6   5  48113   1
 117   50048114    0.000000   34.000000   6   5  48114   0
 118   50049103    0.000000  120.000000   6   5  49103   0
 119   51049103    0.000000  120.000000   6   5  49103   1
 120   50049104    0.000000  100.000000   6   5  49104   0
 121   53049104    0.000000  100.000000   6   5  49104   3
 122   50049105    0.000000   95.000000   6   5  49105   0
 123   51049105    0.000000   95.000000   6   5  49105   1
 124   50049106    0.000000   85.000000   6   5  49106   0
 125   51049106    0.000000   85.000000   6   5  49106   1
 126   50049107    0.000000   80.000000   6   5  49107   0
 127   51049107    0.000000   80.000000   6   5  49107   1
 128   50049108    0.000000   72.000000   6   5  49108   0
 129   51049108    0.000000   72.000000   6   5  49108   1
 130   50049109    0.000000   62.000000   6   5  49109   0
 131   51049109    0.000000   62.000000   6   5  49109   1
 132   50049110    0.000000   54.000000   6   5  49110   0
 133   51049110    0.000000   54.000000   6   5  49110   1
 134   50049111    0.000000   46.000000   6   5  49111   0
 135   51049111    0.000000   46.000000   6   5  49111   1
 136   50049112    0.000000   38.000000   6   5  49112   0
 137   51049112    0.000000   38.000000   6   5  49112   1
 138   50049113    0.000000   29.000000   6   5  49113   0
 139   51049113    0.000000   29.000000   6   5  49113   1
 140   50049114    0.000000   21.000000   6   5  49114   0
 141   51049114    0.000000   21.000000   6   5  49114   1
 142   50049115    0.000000   12.500000   6   5  49115   0
 143   51049115    0.000000   12.500000   6   5  49115   1
 144   50050106    0.000000   95.000000   6   5  50106   0
 145   50050107    0.000000   85.000000   6   5  50107   0
 146   50050108    0.000000   74.000000   6   5  50108   0
 147   50050109    0.000000   64.000000   6   5  50109   0
 148   50050110    0.000000   54.000000   6   5  50110   0
 149   50050111    0.000000   44.000000   6   5  50111   0
 150   50050112    0.000000   34.000000   6   5  50112   0
 151   50050113    0.000000   27.000000   6   5  50113   0
 152   51050113    0.000000   27.000000   6   5  50113   1
 153   50050114    0.000000   17.000000   6   5  50114   0
 154   50050115    0.000000    9.500000   6   5  50115   0
 155   50050116    0.000000    1.500000   6   5  50116   0
 
   p   ZAP IP   NR    Tp [MeV]
   1     1  1    1    9.500000
   2     0  2    1    1.500000
   3  1001  9    1   11.000000
   4  1002 31    1   17.500000
   5  1003 32    1   19.500000
   6  2003 33    1   23.000000
   7  2004 34    1    9.000000
--------------------------------------------------------------------------------
 
