 
--------------------------------------------------------------------------------
 50-Sn-124   T= 0.00 K from IAEA/PD-2019       (ACEMAKER)
 ZAID= 50124.38u  MAT=5061  ZA= 50124
 AWR= 122.840900  STA=  0  ELIS=   0.000 MeV  LIS=  0  LISO=  0
--------------------------------------------------------------------------------
 NTOTR= 314 NTRAN=   1 NPROD= 313 NE=     136 EMAX= 200.000 MeV
   i     MT/MTD     Q [MeV]     T [MeV] LMF  MT    ZAP LFS
   1          5    0.000000    1.000000   3   5
   2   50035091    0.000000  180.000000   6   5  35091   0
   3   50035092    0.000000  180.000000   6   5  35092   0
   4   50035093    0.000000  180.000000   6   5  35093   0
   5   50035094    0.000000  180.000000   6   5  35094   0
   6   50035095    0.000000  180.000000   6   5  35095   0
   7   50036092    0.000000  150.000000   6   5  36092   0
   8   50036093    0.000000  150.000000   6   5  36093   0
   9   50036094    0.000000  150.000000   6   5  36094   0
  10   50036095    0.000000  150.000000   6   5  36095   0
  11   50036096    0.000000  150.000000   6   5  36096   0
  12   50036097    0.000000  170.000000   6   5  36097   0
  13   50036098    0.000000  170.000000   6   5  36098   0
  14   50037093    0.000000  150.000000   6   5  37093   0
  15   50037094    0.000000  150.000000   6   5  37094   0
  16   50037095    0.000000  150.000000   6   5  37095   0
  17   50037096    0.000000  150.000000   6   5  37096   0
  18   50037097    0.000000  150.000000   6   5  37097   0
  19   50037098    0.000000  150.000000   6   5  37098   0
  20   50037099    0.000000  150.000000   6   5  37099   0
  21   50037100    0.000000  170.000000   6   5  37100   0
  22   50037101    0.000000  170.000000   6   5  37101   0
  23   50038094    0.000000  140.000000   6   5  38094   0
  24   50038095    0.000000  140.000000   6   5  38095   0
  25   50038096    0.000000  130.000000   6   5  38096   0
  26   50038097    0.000000  120.000000   6   5  38097   0
  27   50038098    0.000000  120.000000   6   5  38098   0
  28   50038099    0.000000  120.000000   6   5  38099   0
  29   50038100    0.000000  120.000000   6   5  38100   0
  30   50038101    0.000000  140.000000   6   5  38101   0
  31   50038102    0.000000  140.000000   6   5  38102   0
  32   50038103    0.000000  170.000000   6   5  38103   0
  33   50038104    0.000000  170.000000   6   5  38104   0
  34   50039095    0.000000  140.000000   6   5  39095   0
  35   50039096    0.000000  140.000000   6   5  39096   0
  36   50039097    0.000000  130.000000   6   5  39097   0
  37   51039097    0.000000  130.000000   6   5  39097   1
  38   50039098    0.000000  120.000000   6   5  39098   0
  39   51039098    0.000000  120.000000   6   5  39098   1
  40   50039099    0.000000  120.000000   6   5  39099   0
  41   50039100    0.000000  120.000000   6   5  39100   0
  42   51039100    0.000000  120.000000   6   5  39100   1
  43   50039101    0.000000  120.000000   6   5  39101   0
  44   50039102    0.000000  120.000000   6   5  39102   0
  45   50039103    0.000000  120.000000   6   5  39103   0
  46   50039104    0.000000  140.000000   6   5  39104   0
  47   50039105    0.000000  140.000000   6   5  39105   0
  48   50039106    0.000000  170.000000   6   5  39106   0
  49   50039107    0.000000  170.000000   6   5  39107   0
  50   50040096    0.000000  140.000000   6   5  40096   0
  51   50040097    0.000000  130.000000   6   5  40097   0
  52   50040098    0.000000  120.000000   6   5  40098   0
  53   50040099    0.000000  110.000000   6   5  40099   0
  54   50040100    0.000000  110.000000   6   5  40100   0
  55   50040101    0.000000   95.000000   6   5  40101   0
  56   50040102    0.000000   90.000000   6   5  40102   0
  57   50040103    0.000000   90.000000   6   5  40103   0
  58   50040104    0.000000   90.000000   6   5  40104   0
  59   50040105    0.000000   95.000000   6   5  40105   0
  60   50040106    0.000000  110.000000   6   5  40106   0
  61   50040107    0.000000  140.000000   6   5  40107   0
  62   50040108    0.000000  140.000000   6   5  40108   0
  63   50040109    0.000000  170.000000   6   5  40109   0
  64   50040110    0.000000  170.000000   6   5  40110   0
  65   50041097    0.000000  140.000000   6   5  41097   0
  66   51041097    0.000000  140.000000   6   5  41097   1
  67   50041098    0.000000  130.000000   6   5  41098   0
  68   51041098    0.000000  130.000000   6   5  41098   1
  69   50041099    0.000000  120.000000   6   5  41099   0
  70   51041099    0.000000  120.000000   6   5  41099   1
  71   50041100    0.000000  110.000000   6   5  41100   0
  72   51041100    0.000000  110.000000   6   5  41100   1
  73   50041101    0.000000  110.000000   6   5  41101   0
  74   50041102    0.000000   95.000000   6   5  41102   0
  75   51041102    0.000000   95.000000   6   5  41102   1
  76   50041103    0.000000   90.000000   6   5  41103   0
  77   50041104    0.000000   90.000000   6   5  41104   0
  78   50041105    0.000000   90.000000   6   5  41105   0
  79   50041106    0.000000   85.000000   6   5  41106   0
  80   50041107    0.000000   90.000000   6   5  41107   0
  81   50041108    0.000000   90.000000   6   5  41108   0
  82   50041109    0.000000  110.000000   6   5  41109   0
  83   50041110    0.000000  140.000000   6   5  41110   0
  84   50041111    0.000000  140.000000   6   5  41111   0
  85   50041112    0.000000  170.000000   6   5  41112   0
  86   50041113    0.000000  180.000000   6   5  41113   0
  87   50042098    0.000000  140.000000   6   5  42098   0
  88   50042099    0.000000  130.000000   6   5  42099   0
  89   50042100    0.000000  120.000000   6   5  42100   0
  90   50042101    0.000000  110.000000   6   5  42101   0
  91   50042102    0.000000  100.000000   6   5  42102   0
  92   50042103    0.000000   90.000000   6   5  42103   0
  93   50042104    0.000000   80.000000   6   5  42104   0
  94   50042105    0.000000   74.000000   6   5  42105   0
  95   50042106    0.000000   68.000000   6   5  42106   0
  96   50042107    0.000000   62.000000   6   5  42107   0
  97   50042108    0.000000   60.000000   6   5  42108   0
  98   50042109    0.000000   72.000000   6   5  42109   0
  99   50042110    0.000000   85.000000   6   5  42110   0
 100   50042111    0.000000   90.000000   6   5  42111   0
 101   50042112    0.000000  110.000000   6   5  42112   0
 102   50042113    0.000000  140.000000   6   5  42113   0
 103   50042114    0.000000  140.000000   6   5  42114   0
 104   50042115    0.000000  180.000000   6   5  42115   0
 105   50043099    0.000000  140.000000   6   5  43099   0
 106   51043099    0.000000  140.000000   6   5  43099   1
 107   50043100    0.000000  130.000000   6   5  43100   0
 108   50043101    0.000000  120.000000   6   5  43101   0
 109   50043102    0.000000  110.000000   6   5  43102   0
 110   51043102    0.000000  110.000000   6   5  43102   1
 111   50043103    0.000000  100.000000   6   5  43103   0
 112   50043104    0.000000   95.000000   6   5  43104   0
 113   50043105    0.000000   85.000000   6   5  43105   0
 114   50043106    0.000000   78.000000   6   5  43106   0
 115   50043107    0.000000   70.000000   6   5  43107   0
 116   50043108    0.000000   64.000000   6   5  43108   0
 117   50043109    0.000000   60.000000   6   5  43109   0
 118   50043110    0.000000   60.000000   6   5  43110   0
 119   50043111    0.000000   58.000000   6   5  43111   0
 120   50043112    0.000000   72.000000   6   5  43112   0
 121   50043113    0.000000   85.000000   6   5  43113   0
 122   50043114    0.000000   90.000000   6   5  43114   0
 123   50043115    0.000000  110.000000   6   5  43115   0
 124   50043116    0.000000  140.000000   6   5  43116   0
 125   50044100    0.000000  140.000000   6   5  44100   0
 126   50044101    0.000000  130.000000   6   5  44101   0
 127   50044102    0.000000  120.000000   6   5  44102   0
 128   50044103    0.000000  110.000000   6   5  44103   0
 129   50044104    0.000000  100.000000   6   5  44104   0
 130   50044105    0.000000   90.000000   6   5  44105   0
 131   50044106    0.000000   78.000000   6   5  44106   0
 132   50044107    0.000000   70.000000   6   5  44107   0
 133   50044108    0.000000   60.000000   6   5  44108   0
 134   50044109    0.000000   54.000000   6   5  44109   0
 135   50044110    0.000000   46.000000   6   5  44110   0
 136   50044111    0.000000   40.000000   6   5  44111   0
 137   50044112    0.000000   34.000000   6   5  44112   0
 138   50044113    0.000000   50.000000   6   5  44113   0
 139   50044114    0.000000   56.000000   6   5  44114   0
 140   50044115    0.000000   70.000000   6   5  44115   0
 141   50044116    0.000000   85.000000   6   5  44116   0
 142   50044117    0.000000   90.000000   6   5  44117   0
 143   50044118    0.000000  160.000000   6   5  44118   0
 144   50045101    0.000000  150.000000   6   5  45101   0
 145   51045101    0.000000  150.000000   6   5  45101   1
 146   50045102    0.000000  140.000000   6   5  45102   0
 147   51045102    0.000000  140.000000   6   5  45102   1
 148   50045103    0.000000  130.000000   6   5  45103   0
 149   51045103    0.000000  130.000000   6   5  45103   1
 150   50045104    0.000000  120.000000   6   5  45104   0
 151   51045104    0.000000  120.000000   6   5  45104   1
 152   50045105    0.000000  110.000000   6   5  45105   0
 153   51045105    0.000000  110.000000   6   5  45105   1
 154   50045106    0.000000   95.000000   6   5  45106   0
 155   51045106    0.000000   95.000000   6   5  45106   1
 156   50045107    0.000000   85.000000   6   5  45107   0
 157   50045108    0.000000   78.000000   6   5  45108   0
 158   50045109    0.000000   68.000000   6   5  45109   0
 159   50045110    0.000000   62.000000   6   5  45110   0
 160   50045111    0.000000   52.000000   6   5  45111   0
 161   50045112    0.000000   48.000000   6   5  45112   0
 162   50045113    0.000000   40.000000   6   5  45113   0
 163   50045114    0.000000   40.000000   6   5  45114   0
 164   50045115    0.000000   36.000000   6   5  45115   0
 165   50045116    0.000000   52.000000   6   5  45116   0
 166   51045116    0.000000   52.000000   6   5  45116   1
 167   50045117    0.000000   56.000000   6   5  45117   0
 168   50045118    0.000000   72.000000   6   5  45118   0
 169   50045119    0.000000   90.000000   6   5  45119   0
 170   50046102    0.000000  150.000000   6   5  46102   0
 171   50046103    0.000000  140.000000   6   5  46103   0
 172   50046104    0.000000  130.000000   6   5  46104   0
 173   50046105    0.000000  120.000000   6   5  46105   0
 174   50046106    0.000000  110.000000   6   5  46106   0
 175   50046107    0.000000   95.000000   6   5  46107   0
 176   51046107    0.000000   95.000000   6   5  46107   1
 177   50046108    0.000000   85.000000   6   5  46108   0
 178   50046109    0.000000   72.000000   6   5  46109   0
 179   51046109    0.000000   72.000000   6   5  46109   1
 180   50046110    0.000000   62.000000   6   5  46110   0
 181   50046111    0.000000   56.000000   6   5  46111   0
 182   51046111    0.000000   56.000000   6   5  46111   1
 183   50046112    0.000000   46.000000   6   5  46112   0
 184   50046113    0.000000   42.000000   6   5  46113   0
 185   51046113    0.000000   42.000000   6   5  46113   1
 186   50046114    0.000000   32.000000   6   5  46114   0
 187   50046115    0.000000   27.000000   6   5  46115   0
 188   51046115    0.000000   28.000000   6   5  46115   1
 189   50046116    0.000000   20.000000   6   5  46116   0
 190   50046117    0.000000   36.000000   6   5  46117   0
 191   50046118    0.000000   36.000000   6   5  46118   0
 192   50046119    0.000000   52.000000   6   5  46119   0
 193   50046120    0.000000   56.000000   6   5  46120   0
 194   50047103    0.000000  160.000000   6   5  47103   0
 195   51047103    0.000000  160.000000   6   5  47103   1
 196   50047104    0.000000  150.000000   6   5  47104   0
 197   51047104    0.000000  150.000000   6   5  47104   1
 198   50047105    0.000000  140.000000   6   5  47105   0
 199   51047105    0.000000  140.000000   6   5  47105   1
 200   50047106    0.000000  130.000000   6   5  47106   0
 201   51047106    0.000000  130.000000   6   5  47106   1
 202   50047107    0.000000  120.000000   6   5  47107   0
 203   51047107    0.000000  120.000000   6   5  47107   1
 204   50047108    0.000000  110.000000   6   5  47108   0
 205   51047108    0.000000  110.000000   6   5  47108   1
 206   50047109    0.000000   95.000000   6   5  47109   0
 207   51047109    0.000000   95.000000   6   5  47109   1
 208   50047110    0.000000   85.000000   6   5  47110   0
 209   51047110    0.000000   85.000000   6   5  47110   1
 210   50047111    0.000000   74.000000   6   5  47111   0
 211   51047111    0.000000   74.000000   6   5  47111   1
 212   50047112    0.000000   66.000000   6   5  47112   0
 213   50047113    0.000000   56.000000   6   5  47113   0
 214   51047113    0.000000   56.000000   6   5  47113   1
 215   50047114    0.000000   50.000000   6   5  47114   0
 216   50047115    0.000000   42.000000   6   5  47115   0
 217   51047115    0.000000   42.000000   6   5  47115   1
 218   50047116    0.000000   36.000000   6   5  47116   0
 219   51047116    0.000000   36.000000   6   5  47116   1
 220   50047117    0.000000   27.000000   6   5  47117   0
 221   51047117    0.000000   27.000000   6   5  47117   1
 222   50047118    0.000000   28.000000   6   5  47118   0
 223   50047119    0.000000   22.000000   6   5  47119   0
 224   51047119    0.000000   23.000000   6   5  47119   1
 225   50047120    0.000000   38.000000   6   5  47120   0
 226   50047121    0.000000   40.000000   6   5  47121   0
 227   50048104    0.000000  170.000000   6   5  48104   0
 228   50048105    0.000000  150.000000   6   5  48105   0
 229   50048106    0.000000  140.000000   6   5  48106   0
 230   50048107    0.000000  130.000000   6   5  48107   0
 231   50048108    0.000000  110.000000   6   5  48108   0
 232   50048109    0.000000  100.000000   6   5  48109   0
 233   50048110    0.000000   90.000000   6   5  48110   0
 234   50048111    0.000000   85.000000   6   5  48111   0
 235   51048111    0.000000   85.000000   6   5  48111   1
 236   50048112    0.000000   70.000000   6   5  48112   0
 237   50048113    0.000000   64.000000   6   5  48113   0
 238   51048113    0.000000   64.000000   6   5  48113   1
 239   50048114    0.000000   54.000000   6   5  48114   0
 240   50048115    0.000000   46.000000   6   5  48115   0
 241   51048115    0.000000   46.000000   6   5  48115   1
 242   50048116    0.000000   38.000000   6   5  48116   0
 243   50048117    0.000000   32.000000   6   5  48117   0
 244   51048117    0.000000   32.000000   6   5  48117   1
 245   50048118    0.000000   22.000000   6   5  48118   0
 246   50048119    0.000000   16.500000   6   5  48119   0
 247   51048119    0.000000   16.500000   6   5  48119   1
 248   50048120    0.000000    8.000000   6   5  48120   0
 249   50048121    0.000000   24.000000   6   5  48121   0
 250   51048121    0.000000   24.000000   6   5  48121   1
 251   50048122    0.000000   24.000000   6   5  48122   0
 252   50049105    0.000000  180.000000   6   5  49105   0
 253   51049105    0.000000  180.000000   6   5  49105   1
 254   50049106    0.000000  170.000000   6   5  49106   0
 255   51049106    0.000000  170.000000   6   5  49106   1
 256   50049107    0.000000  150.000000   6   5  49107   0
 257   51049107    0.000000  150.000000   6   5  49107   1
 258   50049108    0.000000  140.000000   6   5  49108   0
 259   51049108    0.000000  140.000000   6   5  49108   1
 260   50049109    0.000000  130.000000   6   5  49109   0
 261   51049109    0.000000  130.000000   6   5  49109   1
 262   50049110    0.000000  120.000000   6   5  49110   0
 263   51049110    0.000000  120.000000   6   5  49110   1
 264   50049111    0.000000  110.000000   6   5  49111   0
 265   51049111    0.000000  110.000000   6   5  49111   1
 266   50049112    0.000000   95.000000   6   5  49112   0
 267   51049112    0.000000   95.000000   6   5  49112   1
 268   50049113    0.000000   85.000000   6   5  49113   0
 269   51049113    0.000000   85.000000   6   5  49113   1
 270   50049114    0.000000   76.000000   6   5  49114   0
 271   51049114    0.000000   76.000000   6   5  49114   1
 272   50049115    0.000000   66.000000   6   5  49115   0
 273   51049115    0.000000   66.000000   6   5  49115   1
 274   50049116    0.000000   58.000000   6   5  49116   0
 275   51049116    0.000000   58.000000   6   5  49116   1
 276   52049116    0.000000   58.000000   6   5  49116   2
 277   50049117    0.000000   50.000000   6   5  49117   0
 278   51049117    0.000000   50.000000   6   5  49117   1
 279   50049118    0.000000   42.000000   6   5  49118   0
 280   51049118    0.000000   42.000000   6   5  49118   1
 281   50049119    0.000000   34.000000   6   5  49119   0
 282   51049119    0.000000   34.000000   6   5  49119   1
 283   50049120    0.000000   26.000000   6   5  49120   0
 284   51049120    0.000000   27.000000   6   5  49120   1
 285   50049121    0.000000   18.000000   6   5  49121   0
 286   51049121    0.000000   18.500000   6   5  49121   1
 287   50049122    0.000000   18.500000   6   5  49122   0
 288   51049122    0.000000   18.500000   6   5  49122   1
 289   50049123    0.000000   12.500000   6   5  49123   0
 290   51049123    0.000000   13.000000   6   5  49123   1
 291   50050106    0.000000  180.000000   6   5  50106   0
 292   50050107    0.000000  170.000000   6   5  50107   0
 293   50050108    0.000000  160.000000   6   5  50108   0
 294   50050109    0.000000  140.000000   6   5  50109   0
 295   50050110    0.000000  130.000000   6   5  50110   0
 296   50050111    0.000000  120.000000   6   5  50111   0
 297   50050112    0.000000  110.000000   6   5  50112   0
 298   50050113    0.000000  100.000000   6   5  50113   0
 299   51050113    0.000000  100.000000   6   5  50113   1
 300   50050114    0.000000   85.000000   6   5  50114   0
 301   50050115    0.000000   76.000000   6   5  50115   0
 302   50050116    0.000000   64.000000   6   5  50116   0
 303   50050117    0.000000   58.000000   6   5  50117   0
 304   51050117    0.000000   58.000000   6   5  50117   1
 305   50050118    0.000000   48.000000   6   5  50118   0
 306   50050119    0.000000   40.000000   6   5  50119   0
 307   51050119    0.000000   40.000000   6   5  50119   1
 308   50050120    0.000000   32.000000   6   5  50120   0
 309   50050121    0.000000   24.000000   6   5  50121   0
 310   51050121    0.000000   24.000000   6   5  50121   1
 311   50050122    0.000000   15.000000   6   5  50122   0
 312   50050123    0.000000    8.500000   6   5  50123   0
 313   51050123    0.000000    9.000000   6   5  50123   1
 314   50050124    0.000000    1.000000   6   5  50124   0
 
   p   ZAP IP   NR    Tp [MeV]
   1     1  1    1    8.489329
   2     0  2    1    1.000000
   3  1001  9    1   12.092810
   4  1002 31    1   17.797170
   5  1003 32    1   17.348030
   6  2003 33    1   23.000000
   7  2004 34    1    8.000000
--------------------------------------------------------------------------------
 
