 
--------------------------------------------------------------------------------
 50-Sn-115   T= 0.00 K from IAEA/PD-2019       (ACEMAKER)
 ZAID= 50115.38u  MAT=5034  ZA= 50115
 AWR= 113.916300  STA=  0  ELIS=   0.000 MeV  LIS=  0  LISO=  0
--------------------------------------------------------------------------------
 NTOTR= 368 NTRAN=   1 NPROD= 367 NE=     135 EMAX= 200.000 MeV
   i     MT/MTD     Q [MeV]     T [MeV] LMF  MT    ZAP LFS
   1          5    0.000000    1.000000   3   5
   2   50035082    0.000000  130.000000   6   5  35082   0
   3   51035082    0.000000  130.000000   6   5  35082   1
   4   50035083    0.000000  120.000000   6   5  35083   0
   5   50035084    0.000000  120.000000   6   5  35084   0
   6   51035084    0.000000  120.000000   6   5  35084   1
   7   50035085    0.000000  120.000000   6   5  35085   0
   8   50035086    0.000000  120.000000   6   5  35086   0
   9   50035087    0.000000  120.000000   6   5  35087   0
  10   50035088    0.000000  140.000000   6   5  35088   0
  11   50035089    0.000000  140.000000   6   5  35089   0
  12   50035090    0.000000  160.000000   6   5  35090   0
  13   50035091    0.000000  170.000000   6   5  35091   0
  14   50036083    0.000000  130.000000   6   5  36083   0
  15   51036083    0.000000  130.000000   6   5  36083   1
  16   50036084    0.000000  120.000000   6   5  36084   0
  17   50036085    0.000000  110.000000   6   5  36085   0
  18   51036085    0.000000  110.000000   6   5  36085   1
  19   50036086    0.000000  100.000000   6   5  36086   0
  20   50036087    0.000000   95.000000   6   5  36087   0
  21   50036088    0.000000   95.000000   6   5  36088   0
  22   50036089    0.000000  120.000000   6   5  36089   0
  23   50036090    0.000000  120.000000   6   5  36090   0
  24   50036091    0.000000  140.000000   6   5  36091   0
  25   50036092    0.000000  140.000000   6   5  36092   0
  26   50036093    0.000000  170.000000   6   5  36093   0
  27   50036094    0.000000  170.000000   6   5  36094   0
  28   50037084    0.000000  130.000000   6   5  37084   0
  29   51037084    0.000000  130.000000   6   5  37084   1
  30   50037085    0.000000  120.000000   6   5  37085   0
  31   50037086    0.000000  110.000000   6   5  37086   0
  32   51037086    0.000000  110.000000   6   5  37086   1
  33   50037087    0.000000  100.000000   6   5  37087   0
  34   50037088    0.000000   95.000000   6   5  37088   0
  35   50037089    0.000000   95.000000   6   5  37089   0
  36   50037090    0.000000   95.000000   6   5  37090   0
  37   51037090    0.000000   95.000000   6   5  37090   1
  38   50037091    0.000000   95.000000   6   5  37091   0
  39   50037092    0.000000  120.000000   6   5  37092   0
  40   50037093    0.000000  120.000000   6   5  37093   0
  41   50037094    0.000000  140.000000   6   5  37094   0
  42   50037095    0.000000  140.000000   6   5  37095   0
  43   50037096    0.000000  170.000000   6   5  37096   0
  44   50037097    0.000000  170.000000   6   5  37097   0
  45   50038085    0.000000  130.000000   6   5  38085   0
  46   51038085    0.000000  130.000000   6   5  38085   1
  47   50038086    0.000000  120.000000   6   5  38086   0
  48   50038087    0.000000  110.000000   6   5  38087   0
  49   51038087    0.000000  110.000000   6   5  38087   1
  50   50038088    0.000000  100.000000   6   5  38088   0
  51   50038089    0.000000   90.000000   6   5  38089   0
  52   50038090    0.000000   85.000000   6   5  38090   0
  53   50038091    0.000000   76.000000   6   5  38091   0
  54   50038092    0.000000   78.000000   6   5  38092   0
  55   50038093    0.000000   95.000000   6   5  38093   0
  56   50038094    0.000000   95.000000   6   5  38094   0
  57   50038095    0.000000  120.000000   6   5  38095   0
  58   50038096    0.000000  120.000000   6   5  38096   0
  59   50038097    0.000000  140.000000   6   5  38097   0
  60   50038098    0.000000  140.000000   6   5  38098   0
  61   50038099    0.000000  170.000000   6   5  38099   0
  62   50038100    0.000000  180.000000   6   5  38100   0
  63   50039086    0.000000  130.000000   6   5  39086   0
  64   51039086    0.000000  130.000000   6   5  39086   1
  65   50039087    0.000000  120.000000   6   5  39087   0
  66   51039087    0.000000  120.000000   6   5  39087   1
  67   50039088    0.000000  110.000000   6   5  39088   0
  68   50039089    0.000000  100.000000   6   5  39089   0
  69   51039089    0.000000  100.000000   6   5  39089   1
  70   50039090    0.000000   90.000000   6   5  39090   0
  71   51039090    0.000000   90.000000   6   5  39090   1
  72   50039091    0.000000   85.000000   6   5  39091   0
  73   51039091    0.000000   85.000000   6   5  39091   1
  74   50039092    0.000000   76.000000   6   5  39092   0
  75   50039093    0.000000   76.000000   6   5  39093   0
  76   51039093    0.000000   76.000000   6   5  39093   1
  77   50039094    0.000000   74.000000   6   5  39094   0
  78   50039095    0.000000   80.000000   6   5  39095   0
  79   50039096    0.000000   95.000000   6   5  39096   0
  80   50039097    0.000000   95.000000   6   5  39097   0
  81   51039097    0.000000   95.000000   6   5  39097   1
  82   50039098    0.000000  120.000000   6   5  39098   0
  83   51039098    0.000000  120.000000   6   5  39098   1
  84   50039099    0.000000  120.000000   6   5  39099   0
  85   50039100    0.000000  140.000000   6   5  39100   0
  86   51039100    0.000000  140.000000   6   5  39100   1
  87   50039101    0.000000  150.000000   6   5  39101   0
  88   50039102    0.000000  180.000000   6   5  39102   0
  89   50039103    0.000000  190.000000   6   5  39103   0
  90   50040087    0.000000  140.000000   6   5  40087   0
  91   51040087    0.000000  140.000000   6   5  40087   1
  92   50040088    0.000000  130.000000   6   5  40088   0
  93   50040089    0.000000  120.000000   6   5  40089   0
  94   51040089    0.000000  120.000000   6   5  40089   1
  95   50040090    0.000000  100.000000   6   5  40090   0
  96   51040090    0.000000  100.000000   6   5  40090   1
  97   50040091    0.000000   90.000000   6   5  40091   0
  98   50040092    0.000000   85.000000   6   5  40092   0
  99   50040093    0.000000   72.000000   6   5  40093   0
 100   50040094    0.000000   64.000000   6   5  40094   0
 101   50040095    0.000000   58.000000   6   5  40095   0
 102   50040096    0.000000   62.000000   6   5  40096   0
 103   50040097    0.000000   74.000000   6   5  40097   0
 104   50040098    0.000000   80.000000   6   5  40098   0
 105   50040099    0.000000   95.000000   6   5  40099   0
 106   50040100    0.000000   95.000000   6   5  40100   0
 107   50040101    0.000000  120.000000   6   5  40101   0
 108   50040102    0.000000  120.000000   6   5  40102   0
 109   50040103    0.000000  150.000000   6   5  40103   0
 110   50040104    0.000000  150.000000   6   5  40104   0
 111   50040105    0.000000  190.000000   6   5  40105   0
 112   50041088    0.000000  140.000000   6   5  41088   0
 113   51041088    0.000000  140.000000   6   5  41088   1
 114   50041089    0.000000  130.000000   6   5  41089   0
 115   51041089    0.000000  130.000000   6   5  41089   1
 116   50041090    0.000000  120.000000   6   5  41090   0
 117   51041090    0.000000  120.000000   6   5  41090   1
 118   50041091    0.000000  100.000000   6   5  41091   0
 119   51041091    0.000000  100.000000   6   5  41091   1
 120   50041092    0.000000   90.000000   6   5  41092   0
 121   51041092    0.000000   90.000000   6   5  41092   1
 122   50041093    0.000000   85.000000   6   5  41093   0
 123   51041093    0.000000   85.000000   6   5  41093   1
 124   50041094    0.000000   74.000000   6   5  41094   0
 125   51041094    0.000000   74.000000   6   5  41094   1
 126   50041095    0.000000   66.000000   6   5  41095   0
 127   51041095    0.000000   66.000000   6   5  41095   1
 128   50041096    0.000000   58.000000   6   5  41096   0
 129   50041097    0.000000   58.000000   6   5  41097   0
 130   51041097    0.000000   58.000000   6   5  41097   1
 131   50041098    0.000000   58.000000   6   5  41098   0
 132   51041098    0.000000   58.000000   6   5  41098   1
 133   50041099    0.000000   66.000000   6   5  41099   0
 134   51041099    0.000000   66.000000   6   5  41099   1
 135   50041100    0.000000   74.000000   6   5  41100   0
 136   51041100    0.000000   74.000000   6   5  41100   1
 137   50041101    0.000000   80.000000   6   5  41101   0
 138   50041102    0.000000   95.000000   6   5  41102   0
 139   51041102    0.000000   95.000000   6   5  41102   1
 140   50041103    0.000000   95.000000   6   5  41103   0
 141   50041104    0.000000  120.000000   6   5  41104   0
 142   50041105    0.000000  120.000000   6   5  41105   0
 143   50041106    0.000000  150.000000   6   5  41106   0
 144   50042089    0.000000  160.000000   6   5  42089   0
 145   51042089    0.000000  160.000000   6   5  42089   1
 146   50042090    0.000000  140.000000   6   5  42090   0
 147   50042091    0.000000  120.000000   6   5  42091   0
 148   51042091    0.000000  120.000000   6   5  42091   1
 149   50042092    0.000000  110.000000   6   5  42092   0
 150   50042093    0.000000  100.000000   6   5  42093   0
 151   51042093    0.000000  100.000000   6   5  42093   1
 152   50042094    0.000000   85.000000   6   5  42094   0
 153   50042095    0.000000   76.000000   6   5  42095   0
 154   50042096    0.000000   66.000000   6   5  42096   0
 155   50042097    0.000000   56.000000   6   5  42097   0
 156   50042098    0.000000   48.000000   6   5  42098   0
 157   50042099    0.000000   40.000000   6   5  42099   0
 158   50042100    0.000000   48.000000   6   5  42100   0
 159   50042101    0.000000   54.000000   6   5  42101   0
 160   50042102    0.000000   64.000000   6   5  42102   0
 161   50042103    0.000000   72.000000   6   5  42103   0
 162   50042104    0.000000   80.000000   6   5  42104   0
 163   50042105    0.000000   95.000000   6   5  42105   0
 164   50042106    0.000000   95.000000   6   5  42106   0
 165   50042107    0.000000  120.000000   6   5  42107   0
 166   50043090    0.000000  160.000000   6   5  43090   0
 167   51043090    0.000000  160.000000   6   5  43090   1
 168   52043090    0.000000  160.000000   6   5  43090   2
 169   50043091    0.000000  140.000000   6   5  43091   0
 170   51043091    0.000000  140.000000   6   5  43091   1
 171   50043092    0.000000  130.000000   6   5  43092   0
 172   50043093    0.000000  110.000000   6   5  43093   0
 173   51043093    0.000000  110.000000   6   5  43093   1
 174   50043094    0.000000  100.000000   6   5  43094   0
 175   51043094    0.000000  100.000000   6   5  43094   1
 176   50043095    0.000000   90.000000   6   5  43095   0
 177   51043095    0.000000   90.000000   6   5  43095   1
 178   50043096    0.000000   80.000000   6   5  43096   0
 179   51043096    0.000000   80.000000   6   5  43096   1
 180   50043097    0.000000   70.000000   6   5  43097   0
 181   51043097    0.000000   72.000000   6   5  43097   1
 182   50043098    0.000000   62.000000   6   5  43098   0
 183   50043099    0.000000   54.000000   6   5  43099   0
 184   51043099    0.000000   54.000000   6   5  43099   1
 185   50043100    0.000000   46.000000   6   5  43100   0
 186   50043101    0.000000   42.000000   6   5  43101   0
 187   50043102    0.000000   40.000000   6   5  43102   0
 188   51043102    0.000000   40.000000   6   5  43102   1
 189   50043103    0.000000   50.000000   6   5  43103   0
 190   50043104    0.000000   52.000000   6   5  43104   0
 191   50043105    0.000000   64.000000   6   5  43105   0
 192   50043106    0.000000   72.000000   6   5  43106   0
 193   50043107    0.000000   80.000000   6   5  43107   0
 194   50043108    0.000000   95.000000   6   5  43108   0
 195   50044091    0.000000  170.000000   6   5  44091   0
 196   50044092    0.000000  150.000000   6   5  44092   0
 197   50044093    0.000000  140.000000   6   5  44093   0
 198   51044093    0.000000  140.000000   6   5  44093   1
 199   50044094    0.000000  120.000000   6   5  44094   0
 200   50044095    0.000000  110.000000   6   5  44095   0
 201   50044096    0.000000   95.000000   6   5  44096   0
 202   50044097    0.000000   85.000000   6   5  44097   0
 203   50044098    0.000000   70.000000   6   5  44098   0
 204   50044099    0.000000   60.000000   6   5  44099   0
 205   50044100    0.000000   50.000000   6   5  44100   0
 206   50044101    0.000000   40.000000   6   5  44101   0
 207   50044102    0.000000   32.000000   6   5  44102   0
 208   50044103    0.000000   23.000000   6   5  44103   0
 209   50044104    0.000000   36.000000   6   5  44104   0
 210   50044105    0.000000   36.000000   6   5  44105   0
 211   50044106    0.000000   48.000000   6   5  44106   0
 212   50044107    0.000000   52.000000   6   5  44107   0
 213   50044108    0.000000   64.000000   6   5  44108   0
 214   50044109    0.000000   72.000000   6   5  44109   0
 215   50045092    0.000000  170.000000   6   5  45092   0
 216   51045092    0.000000  170.000000   6   5  45092   1
 217   50045093    0.000000  160.000000   6   5  45093   0
 218   50045094    0.000000  140.000000   6   5  45094   0
 219   51045094    0.000000  140.000000   6   5  45094   1
 220   50045095    0.000000  130.000000   6   5  45095   0
 221   51045095    0.000000  130.000000   6   5  45095   1
 222   50045096    0.000000  120.000000   6   5  45096   0
 223   51045096    0.000000  120.000000   6   5  45096   1
 224   50045097    0.000000  100.000000   6   5  45097   0
 225   51045097    0.000000  100.000000   6   5  45097   1
 226   50045098    0.000000   90.000000   6   5  45098   0
 227   51045098    0.000000   90.000000   6   5  45098   1
 228   50045099    0.000000   80.000000   6   5  45099   0
 229   51045099    0.000000   80.000000   6   5  45099   1
 230   50045100    0.000000   70.000000   6   5  45100   0
 231   51045100    0.000000   70.000000   6   5  45100   1
 232   50045101    0.000000   58.000000   6   5  45101   0
 233   51045101    0.000000   58.000000   6   5  45101   1
 234   50045102    0.000000   50.000000   6   5  45102   0
 235   51045102    0.000000   50.000000   6   5  45102   1
 236   50045103    0.000000   40.000000   6   5  45103   0
 237   51045103    0.000000   40.000000   6   5  45103   1
 238   50045104    0.000000   32.000000   6   5  45104   0
 239   51045104    0.000000   32.000000   6   5  45104   1
 240   50045105    0.000000   30.000000   6   5  45105   0
 241   51045105    0.000000   30.000000   6   5  45105   1
 242   50045106    0.000000   25.000000   6   5  45106   0
 243   51045106    0.000000   25.000000   6   5  45106   1
 244   50045107    0.000000   36.000000   6   5  45107   0
 245   50045108    0.000000   38.000000   6   5  45108   0
 246   50045109    0.000000   50.000000   6   5  45109   0
 247   50045110    0.000000   52.000000   6   5  45110   0
 248   50046093    0.000000  190.000000   6   5  46093   0
 249   50046094    0.000000  170.000000   6   5  46094   0
 250   50046095    0.000000  150.000000   6   5  46095   0
 251   51046095    0.000000  150.000000   6   5  46095   1
 252   50046096    0.000000  140.000000   6   5  46096   0
 253   50046097    0.000000  120.000000   6   5  46097   0
 254   50046098    0.000000  110.000000   6   5  46098   0
 255   50046099    0.000000   95.000000   6   5  46099   0
 256   50046100    0.000000   80.000000   6   5  46100   0
 257   50046101    0.000000   68.000000   6   5  46101   0
 258   50046102    0.000000   58.000000   6   5  46102   0
 259   50046103    0.000000   46.000000   6   5  46103   0
 260   50046104    0.000000   38.000000   6   5  46104   0
 261   50046105    0.000000   29.000000   6   5  46105   0
 262   50046106    0.000000   19.000000   6   5  46106   0
 263   50046107    0.000000   12.500000   6   5  46107   0
 264   51046107    0.000000   12.500000   6   5  46107   1
 265   50046108    0.000000   23.000000   6   5  46108   0
 266   50046109    0.000000   25.000000   6   5  46109   0
 267   51046109    0.000000   25.000000   6   5  46109   1
 268   50046110    0.000000   36.000000   6   5  46110   0
 269   50046111    0.000000   38.000000   6   5  46111   0
 270   51046111    0.000000   38.000000   6   5  46111   1
 271   50047095    0.000000  180.000000   6   5  47095   0
 272   50047096    0.000000  160.000000   6   5  47096   0
 273   51047096    0.000000  160.000000   6   5  47096   1
 274   50047097    0.000000  150.000000   6   5  47097   0
 275   50047098    0.000000  130.000000   6   5  47098   0
 276   50047099    0.000000  120.000000   6   5  47099   0
 277   51047099    0.000000  120.000000   6   5  47099   1
 278   50047100    0.000000  110.000000   6   5  47100   0
 279   51047100    0.000000  110.000000   6   5  47100   1
 280   50047101    0.000000   95.000000   6   5  47101   0
 281   51047101    0.000000   95.000000   6   5  47101   1
 282   50047102    0.000000   85.000000   6   5  47102   0
 283   51047102    0.000000   85.000000   6   5  47102   1
 284   50047103    0.000000   70.000000   6   5  47103   0
 285   51047103    0.000000   70.000000   6   5  47103   1
 286   50047104    0.000000   60.000000   6   5  47104   0
 287   51047104    0.000000   60.000000   6   5  47104   1
 288   50047105    0.000000   50.000000   6   5  47105   0
 289   51047105    0.000000   50.000000   6   5  47105   1
 290   50047106    0.000000   42.000000   6   5  47106   0
 291   51047106    0.000000   42.000000   6   5  47106   1
 292   50047107    0.000000   32.000000   6   5  47107   0
 293   51047107    0.000000   32.000000   6   5  47107   1
 294   50047108    0.000000   24.000000   6   5  47108   0
 295   51047108    0.000000   24.000000   6   5  47108   1
 296   50047109    0.000000   20.000000   6   5  47109   0
 297   51047109    0.000000   20.000000   6   5  47109   1
 298   50047110    0.000000   15.000000   6   5  47110   0
 299   51047110    0.000000   15.500000   6   5  47110   1
 300   50047111    0.000000   27.000000   6   5  47111   0
 301   51047111    0.000000   27.000000   6   5  47111   1
 302   50047112    0.000000   28.000000   6   5  47112   0
 303   50048097    0.000000  170.000000   6   5  48097   0
 304   50048098    0.000000  150.000000   6   5  48098   0
 305   50048099    0.000000  140.000000   6   5  48099   0
 306   50048100    0.000000  130.000000   6   5  48100   0
 307   50048101    0.000000  110.000000   6   5  48101   0
 308   50048102    0.000000   95.000000   6   5  48102   0
 309   50048103    0.000000   85.000000   6   5  48103   0
 310   50048104    0.000000   70.000000   6   5  48104   0
 311   50048105    0.000000   60.000000   6   5  48105   0
 312   50048106    0.000000   50.000000   6   5  48106   0
 313   50048107    0.000000   40.000000   6   5  48107   0
 314   50048108    0.000000   30.000000   6   5  48108   0
 315   50048109    0.000000   22.000000   6   5  48109   0
 316   50048110    0.000000   11.500000   6   5  48110   0
 317   50048111    0.000000    4.500000   6   5  48111   0
 318   51048111    0.000000    5.500000   6   5  48111   1
 319   50048112    0.000000   15.500000   6   5  48112   0
 320   50048113    0.000000   16.500000   6   5  48113   0
 321   51048113    0.000000   17.000000   6   5  48113   1
 322   50049098    0.000000  190.000000   6   5  49098   0
 323   51049098    0.000000  190.000000   6   5  49098   1
 324   50049099    0.000000  170.000000   6   5  49099   0
 325   50049100    0.000000  160.000000   6   5  49100   0
 326   50049101    0.000000  140.000000   6   5  49101   0
 327   50049102    0.000000  130.000000   6   5  49102   0
 328   50049103    0.000000  120.000000   6   5  49103   0
 329   51049103    0.000000  120.000000   6   5  49103   1
 330   50049104    0.000000  100.000000   6   5  49104   0
 331   51049104    0.000000  100.000000   6   5  49104   1
 332   50049105    0.000000   90.000000   6   5  49105   0
 333   51049105    0.000000   90.000000   6   5  49105   1
 334   50049106    0.000000   76.000000   6   5  49106   0
 335   51049106    0.000000   76.000000   6   5  49106   1
 336   50049107    0.000000   64.000000   6   5  49107   0
 337   51049107    0.000000   66.000000   6   5  49107   1
 338   50049108    0.000000   56.000000   6   5  49108   0
 339   51049108    0.000000   56.000000   6   5  49108   1
 340   50049109    0.000000   44.000000   6   5  49109   0
 341   51049109    0.000000   46.000000   6   5  49109   1
 342   50049110    0.000000   36.000000   6   5  49110   0
 343   51049110    0.000000   36.000000   6   5  49110   1
 344   50049111    0.000000   26.000000   6   5  49111   0
 345   51049111    0.000000   26.000000   6   5  49111   1
 346   50049112    0.000000   17.500000   6   5  49112   0
 347   51049112    0.000000   17.500000   6   5  49112   1
 348   50049113    0.000000   14.500000   6   5  49113   0
 349   51049113    0.000000   14.500000   6   5  49113   1
 350   50049114    0.000000    9.000000   6   5  49114   0
 351   51049114    0.000000    9.500000   6   5  49114   1
 352   50050100    0.000000  190.000000   6   5  50100   0
 353   50050101    0.000000  160.000000   6   5  50101   0
 354   50050102    0.000000  150.000000   6   5  50102   0
 355   50050103    0.000000  130.000000   6   5  50103   0
 356   50050104    0.000000  120.000000   6   5  50104   0
 357   50050105    0.000000  110.000000   6   5  50105   0
 358   50050106    0.000000   95.000000   6   5  50106   0
 359   50050107    0.000000   80.000000   6   5  50107   0
 360   50050108    0.000000   68.000000   6   5  50108   0
 361   50050109    0.000000   58.000000   6   5  50109   0
 362   50050110    0.000000   46.000000   6   5  50110   0
 363   50050111    0.000000   38.000000   6   5  50111   0
 364   50050112    0.000000   26.000000   6   5  50112   0
 365   50050113    0.000000   18.000000   6   5  50113   0
 366   51050113    0.000000   18.500000   6   5  50113   1
 367   50050114    0.000000    8.000000   6   5  50114   0
 368   50050115    0.000000    1.000000   6   5  50115   0
 
   p   ZAP IP   NR    Tp [MeV]
   1     1  1    1    7.545429
   2     0  2    1    1.000000
   3  1001  9    1    8.753005
   4  1002 31    1   13.802440
   5  1003 32    1   17.500000
   6  2003 33    1   15.500000
   7  2004 34    1    4.500000
--------------------------------------------------------------------------------
 
