 
--------------------------------------------------------------------------------
 50-Sn-119   T= 0.00 K from IAEA/PD-2019       (ACEMAKER)
 ZAID= 50119.38u  MAT=5046  ZA= 50119
 AWR= 117.881900  STA=  0  ELIS=   0.000 MeV  LIS=  0  LISO=  0
--------------------------------------------------------------------------------
 NTOTR= 346 NTRAN=   1 NPROD= 345 NE=     132 EMAX= 200.000 MeV
   i     MT/MTD     Q [MeV]     T [MeV] LMF  MT    ZAP LFS
   1          5    0.000000    1.000000   3   5
   2   50035086    0.000000  140.000000   6   5  35086   0
   3   50035087    0.000000  140.000000   6   5  35087   0
   4   50035088    0.000000  140.000000   6   5  35088   0
   5   50035089    0.000000  140.000000   6   5  35089   0
   6   50035090    0.000000  140.000000   6   5  35090   0
   7   50035091    0.000000  140.000000   6   5  35091   0
   8   50035092    0.000000  160.000000   6   5  35092   0
   9   50035093    0.000000  170.000000   6   5  35093   0
  10   50036087    0.000000  140.000000   6   5  36087   0
  11   50036088    0.000000  130.000000   6   5  36088   0
  12   50036089    0.000000  120.000000   6   5  36089   0
  13   50036090    0.000000  120.000000   6   5  36090   0
  14   50036091    0.000000  110.000000   6   5  36091   0
  15   50036092    0.000000  110.000000   6   5  36092   0
  16   50036093    0.000000  140.000000   6   5  36093   0
  17   50036094    0.000000  140.000000   6   5  36094   0
  18   50036095    0.000000  170.000000   6   5  36095   0
  19   50036096    0.000000  170.000000   6   5  36096   0
  20   50037088    0.000000  140.000000   6   5  37088   0
  21   50037089    0.000000  130.000000   6   5  37089   0
  22   50037090    0.000000  120.000000   6   5  37090   0
  23   51037090    0.000000  120.000000   6   5  37090   1
  24   50037091    0.000000  120.000000   6   5  37091   0
  25   50037092    0.000000  110.000000   6   5  37092   0
  26   50037093    0.000000  110.000000   6   5  37093   0
  27   50037094    0.000000  110.000000   6   5  37094   0
  28   50037095    0.000000  120.000000   6   5  37095   0
  29   50037096    0.000000  140.000000   6   5  37096   0
  30   50037097    0.000000  140.000000   6   5  37097   0
  31   50037098    0.000000  170.000000   6   5  37098   0
  32   50037099    0.000000  170.000000   6   5  37099   0
  33   50038089    0.000000  130.000000   6   5  38089   0
  34   50038090    0.000000  120.000000   6   5  38090   0
  35   50038091    0.000000  120.000000   6   5  38091   0
  36   50038092    0.000000  110.000000   6   5  38092   0
  37   50038093    0.000000  100.000000   6   5  38093   0
  38   50038094    0.000000   95.000000   6   5  38094   0
  39   50038095    0.000000   90.000000   6   5  38095   0
  40   50038096    0.000000   90.000000   6   5  38096   0
  41   50038097    0.000000  110.000000   6   5  38097   0
  42   50038098    0.000000  110.000000   6   5  38098   0
  43   50038099    0.000000  140.000000   6   5  38099   0
  44   50038100    0.000000  140.000000   6   5  38100   0
  45   50038101    0.000000  170.000000   6   5  38101   0
  46   50038102    0.000000  170.000000   6   5  38102   0
  47   50039090    0.000000  130.000000   6   5  39090   0
  48   51039090    0.000000  130.000000   6   5  39090   1
  49   50039091    0.000000  120.000000   6   5  39091   0
  50   51039091    0.000000  120.000000   6   5  39091   1
  51   50039092    0.000000  120.000000   6   5  39092   0
  52   50039093    0.000000  110.000000   6   5  39093   0
  53   51039093    0.000000  110.000000   6   5  39093   1
  54   50039094    0.000000  100.000000   6   5  39094   0
  55   50039095    0.000000   95.000000   6   5  39095   0
  56   50039096    0.000000   90.000000   6   5  39096   0
  57   50039097    0.000000   90.000000   6   5  39097   0
  58   51039097    0.000000   90.000000   6   5  39097   1
  59   50039098    0.000000   90.000000   6   5  39098   0
  60   51039098    0.000000   90.000000   6   5  39098   1
  61   50039099    0.000000   90.000000   6   5  39099   0
  62   50039100    0.000000  110.000000   6   5  39100   0
  63   51039100    0.000000  110.000000   6   5  39100   1
  64   50039101    0.000000  110.000000   6   5  39101   0
  65   50039102    0.000000  140.000000   6   5  39102   0
  66   50039103    0.000000  140.000000   6   5  39103   0
  67   50039104    0.000000  170.000000   6   5  39104   0
  68   50039105    0.000000  180.000000   6   5  39105   0
  69   50040091    0.000000  140.000000   6   5  40091   0
  70   50040092    0.000000  130.000000   6   5  40092   0
  71   50040093    0.000000  120.000000   6   5  40093   0
  72   50040094    0.000000  110.000000   6   5  40094   0
  73   50040095    0.000000   95.000000   6   5  40095   0
  74   50040096    0.000000   85.000000   6   5  40096   0
  75   50040097    0.000000   78.000000   6   5  40097   0
  76   50040098    0.000000   70.000000   6   5  40098   0
  77   50040099    0.000000   68.000000   6   5  40099   0
  78   50040100    0.000000   74.000000   6   5  40100   0
  79   50040101    0.000000   90.000000   6   5  40101   0
  80   50040102    0.000000   90.000000   6   5  40102   0
  81   50040103    0.000000  110.000000   6   5  40103   0
  82   50040104    0.000000  110.000000   6   5  40104   0
  83   50040105    0.000000  140.000000   6   5  40105   0
  84   50040106    0.000000  140.000000   6   5  40106   0
  85   50040107    0.000000  180.000000   6   5  40107   0
  86   50040108    0.000000  190.000000   6   5  40108   0
  87   50041092    0.000000  140.000000   6   5  41092   0
  88   51041092    0.000000  140.000000   6   5  41092   1
  89   50041093    0.000000  130.000000   6   5  41093   0
  90   51041093    0.000000  130.000000   6   5  41093   1
  91   50041094    0.000000  120.000000   6   5  41094   0
  92   51041094    0.000000  120.000000   6   5  41094   1
  93   50041095    0.000000  110.000000   6   5  41095   0
  94   51041095    0.000000  110.000000   6   5  41095   1
  95   50041096    0.000000   95.000000   6   5  41096   0
  96   50041097    0.000000   85.000000   6   5  41097   0
  97   51041097    0.000000   85.000000   6   5  41097   1
  98   50041098    0.000000   78.000000   6   5  41098   0
  99   51041098    0.000000   80.000000   6   5  41098   1
 100   50041099    0.000000   72.000000   6   5  41099   0
 101   51041099    0.000000   72.000000   6   5  41099   1
 102   50041100    0.000000   68.000000   6   5  41100   0
 103   51041100    0.000000   68.000000   6   5  41100   1
 104   50041101    0.000000   68.000000   6   5  41101   0
 105   50041102    0.000000   66.000000   6   5  41102   0
 106   51041102    0.000000   66.000000   6   5  41102   1
 107   50041103    0.000000   74.000000   6   5  41103   0
 108   50041104    0.000000   90.000000   6   5  41104   0
 109   50041105    0.000000   90.000000   6   5  41105   0
 110   50041106    0.000000  110.000000   6   5  41106   0
 111   50041107    0.000000  120.000000   6   5  41107   0
 112   50041108    0.000000  140.000000   6   5  41108   0
 113   50041109    0.000000  150.000000   6   5  41109   0
 114   50041110    0.000000  190.000000   6   5  41110   0
 115   50042093    0.000000  140.000000   6   5  42093   0
 116   51042093    0.000000  140.000000   6   5  42093   1
 117   50042094    0.000000  130.000000   6   5  42094   0
 118   50042095    0.000000  120.000000   6   5  42095   0
 119   50042096    0.000000  110.000000   6   5  42096   0
 120   50042097    0.000000   95.000000   6   5  42097   0
 121   50042098    0.000000   85.000000   6   5  42098   0
 122   50042099    0.000000   76.000000   6   5  42099   0
 123   50042100    0.000000   68.000000   6   5  42100   0
 124   50042101    0.000000   60.000000   6   5  42101   0
 125   50042102    0.000000   52.000000   6   5  42102   0
 126   50042103    0.000000   46.000000   6   5  42103   0
 127   50042104    0.000000   56.000000   6   5  42104   0
 128   50042105    0.000000   64.000000   6   5  42105   0
 129   50042106    0.000000   72.000000   6   5  42106   0
 130   50042107    0.000000   85.000000   6   5  42107   0
 131   50042108    0.000000   90.000000   6   5  42108   0
 132   50042109    0.000000  120.000000   6   5  42109   0
 133   50042110    0.000000  120.000000   6   5  42110   0
 134   50042111    0.000000  150.000000   6   5  42111   0
 135   50043094    0.000000  140.000000   6   5  43094   0
 136   51043094    0.000000  140.000000   6   5  43094   1
 137   50043095    0.000000  130.000000   6   5  43095   0
 138   51043095    0.000000  130.000000   6   5  43095   1
 139   50043096    0.000000  120.000000   6   5  43096   0
 140   51043096    0.000000  120.000000   6   5  43096   1
 141   50043097    0.000000  110.000000   6   5  43097   0
 142   51043097    0.000000  110.000000   6   5  43097   1
 143   50043098    0.000000  100.000000   6   5  43098   0
 144   50043099    0.000000   90.000000   6   5  43099   0
 145   51043099    0.000000   90.000000   6   5  43099   1
 146   50043100    0.000000   80.000000   6   5  43100   0
 147   50043101    0.000000   72.000000   6   5  43101   0
 148   50043102    0.000000   66.000000   6   5  43102   0
 149   51043102    0.000000   66.000000   6   5  43102   1
 150   50043103    0.000000   56.000000   6   5  43103   0
 151   50043104    0.000000   50.000000   6   5  43104   0
 152   50043105    0.000000   48.000000   6   5  43105   0
 153   50043106    0.000000   46.000000   6   5  43106   0
 154   50043107    0.000000   58.000000   6   5  43107   0
 155   50043108    0.000000   64.000000   6   5  43108   0
 156   50043109    0.000000   74.000000   6   5  43109   0
 157   50043110    0.000000   85.000000   6   5  43110   0
 158   50043111    0.000000   90.000000   6   5  43111   0
 159   50043112    0.000000  120.000000   6   5  43112   0
 160   50044095    0.000000  150.000000   6   5  44095   0
 161   50044096    0.000000  140.000000   6   5  44096   0
 162   50044097    0.000000  130.000000   6   5  44097   0
 163   50044098    0.000000  120.000000   6   5  44098   0
 164   50044099    0.000000  100.000000   6   5  44099   0
 165   50044100    0.000000   90.000000   6   5  44100   0
 166   50044101    0.000000   78.000000   6   5  44101   0
 167   50044102    0.000000   70.000000   6   5  44102   0
 168   50044103    0.000000   60.000000   6   5  44103   0
 169   50044104    0.000000   50.000000   6   5  44104   0
 170   50044105    0.000000   42.000000   6   5  44105   0
 171   50044106    0.000000   34.000000   6   5  44106   0
 172   50044107    0.000000   27.000000   6   5  44107   0
 173   50044108    0.000000   40.000000   6   5  44108   0
 174   50044109    0.000000   44.000000   6   5  44109   0
 175   50044110    0.000000   56.000000   6   5  44110   0
 176   50044111    0.000000   64.000000   6   5  44111   0
 177   50044112    0.000000   74.000000   6   5  44112   0
 178   50044113    0.000000   90.000000   6   5  44113   0
 179   50045096    0.000000  160.000000   6   5  45096   0
 180   51045096    0.000000  160.000000   6   5  45096   1
 181   50045097    0.000000  140.000000   6   5  45097   0
 182   51045097    0.000000  140.000000   6   5  45097   1
 183   50045098    0.000000  130.000000   6   5  45098   0
 184   51045098    0.000000  130.000000   6   5  45098   1
 185   50045099    0.000000  120.000000   6   5  45099   0
 186   51045099    0.000000  120.000000   6   5  45099   1
 187   50045100    0.000000  110.000000   6   5  45100   0
 188   51045100    0.000000  110.000000   6   5  45100   1
 189   50045101    0.000000   95.000000   6   5  45101   0
 190   51045101    0.000000   95.000000   6   5  45101   1
 191   50045102    0.000000   90.000000   6   5  45102   0
 192   51045102    0.000000   90.000000   6   5  45102   1
 193   50045103    0.000000   76.000000   6   5  45103   0
 194   51045103    0.000000   76.000000   6   5  45103   1
 195   50045104    0.000000   68.000000   6   5  45104   0
 196   51045104    0.000000   68.000000   6   5  45104   1
 197   50045105    0.000000   58.000000   6   5  45105   0
 198   51045105    0.000000   58.000000   6   5  45105   1
 199   50045106    0.000000   50.000000   6   5  45106   0
 200   51045106    0.000000   50.000000   6   5  45106   1
 201   50045107    0.000000   42.000000   6   5  45107   0
 202   50045108    0.000000   36.000000   6   5  45108   0
 203   50045109    0.000000   32.000000   6   5  45109   0
 204   50045110    0.000000   29.000000   6   5  45110   0
 205   50045111    0.000000   42.000000   6   5  45111   0
 206   50045112    0.000000   44.000000   6   5  45112   0
 207   50045113    0.000000   58.000000   6   5  45113   0
 208   50045114    0.000000   64.000000   6   5  45114   0
 209   50046097    0.000000  170.000000   6   5  46097   0
 210   50046098    0.000000  150.000000   6   5  46098   0
 211   50046099    0.000000  140.000000   6   5  46099   0
 212   50046100    0.000000  120.000000   6   5  46100   0
 213   50046101    0.000000  110.000000   6   5  46101   0
 214   50046102    0.000000  100.000000   6   5  46102   0
 215   50046103    0.000000   85.000000   6   5  46103   0
 216   50046104    0.000000   74.000000   6   5  46104   0
 217   50046105    0.000000   64.000000   6   5  46105   0
 218   50046106    0.000000   54.000000   6   5  46106   0
 219   50046107    0.000000   46.000000   6   5  46107   0
 220   51046107    0.000000   46.000000   6   5  46107   1
 221   50046108    0.000000   36.000000   6   5  46108   0
 222   50046109    0.000000   30.000000   6   5  46109   0
 223   51046109    0.000000   30.000000   6   5  46109   1
 224   50046110    0.000000   21.000000   6   5  46110   0
 225   50046111    0.000000   15.500000   6   5  46111   0
 226   51046111    0.000000   16.000000   6   5  46111   1
 227   50046112    0.000000   27.000000   6   5  46112   0
 228   50046113    0.000000   29.000000   6   5  46113   0
 229   51046113    0.000000   30.000000   6   5  46113   1
 230   50046114    0.000000   42.000000   6   5  46114   0
 231   50046115    0.000000   44.000000   6   5  46115   0
 232   51046115    0.000000   44.000000   6   5  46115   1
 233   50047098    0.000000  170.000000   6   5  47098   0
 234   50047099    0.000000  160.000000   6   5  47099   0
 235   51047099    0.000000  160.000000   6   5  47099   1
 236   50047100    0.000000  150.000000   6   5  47100   0
 237   51047100    0.000000  150.000000   6   5  47100   1
 238   50047101    0.000000  130.000000   6   5  47101   0
 239   51047101    0.000000  130.000000   6   5  47101   1
 240   50047102    0.000000  120.000000   6   5  47102   0
 241   51047102    0.000000  120.000000   6   5  47102   1
 242   50047103    0.000000  110.000000   6   5  47103   0
 243   51047103    0.000000  110.000000   6   5  47103   1
 244   50047104    0.000000  100.000000   6   5  47104   0
 245   51047104    0.000000  100.000000   6   5  47104   1
 246   50047105    0.000000   90.000000   6   5  47105   0
 247   51047105    0.000000   90.000000   6   5  47105   1
 248   50047106    0.000000   76.000000   6   5  47106   0
 249   51047106    0.000000   76.000000   6   5  47106   1
 250   50047107    0.000000   66.000000   6   5  47107   0
 251   51047107    0.000000   66.000000   6   5  47107   1
 252   50047108    0.000000   58.000000   6   5  47108   0
 253   51047108    0.000000   58.000000   6   5  47108   1
 254   50047109    0.000000   48.000000   6   5  47109   0
 255   51047109    0.000000   48.000000   6   5  47109   1
 256   50047110    0.000000   40.000000   6   5  47110   0
 257   51047110    0.000000   42.000000   6   5  47110   1
 258   50047111    0.000000   32.000000   6   5  47111   0
 259   51047111    0.000000   32.000000   6   5  47111   1
 260   50047112    0.000000   25.000000   6   5  47112   0
 261   50047113    0.000000   22.000000   6   5  47113   0
 262   51047113    0.000000   22.000000   6   5  47113   1
 263   50047114    0.000000   18.000000   6   5  47114   0
 264   50047115    0.000000   30.000000   6   5  47115   0
 265   51047115    0.000000   30.000000   6   5  47115   1
 266   50047116    0.000000   32.000000   6   5  47116   0
 267   51047116    0.000000   32.000000   6   5  47116   1
 268   50048099    0.000000  190.000000   6   5  48099   0
 269   50048100    0.000000  170.000000   6   5  48100   0
 270   50048101    0.000000  150.000000   6   5  48101   0
 271   50048102    0.000000  140.000000   6   5  48102   0
 272   50048103    0.000000  120.000000   6   5  48103   0
 273   50048104    0.000000  110.000000   6   5  48104   0
 274   50048105    0.000000  100.000000   6   5  48105   0
 275   50048106    0.000000   85.000000   6   5  48106   0
 276   50048107    0.000000   76.000000   6   5  48107   0
 277   50048108    0.000000   64.000000   6   5  48108   0
 278   50048109    0.000000   56.000000   6   5  48109   0
 279   50048110    0.000000   46.000000   6   5  48110   0
 280   50048111    0.000000   38.000000   6   5  48111   0
 281   51048111    0.000000   40.000000   6   5  48111   1
 282   50048112    0.000000   28.000000   6   5  48112   0
 283   50048113    0.000000   21.000000   6   5  48113   0
 284   51048113    0.000000   22.000000   6   5  48113   1
 285   50048114    0.000000   12.000000   6   5  48114   0
 286   50048115    0.000000    6.000000   6   5  48115   0
 287   51048115    0.000000    6.000000   6   5  48115   1
 288   50048116    0.000000   17.500000   6   5  48116   0
 289   50048117    0.000000   19.500000   6   5  48117   0
 290   51048117    0.000000   19.500000   6   5  48117   1
 291   50049101    0.000000  180.000000   6   5  49101   0
 292   50049102    0.000000  170.000000   6   5  49102   0
 293   50049103    0.000000  150.000000   6   5  49103   0
 294   51049103    0.000000  150.000000   6   5  49103   1
 295   50049104    0.000000  140.000000   6   5  49104   0
 296   51049104    0.000000  140.000000   6   5  49104   1
 297   50049105    0.000000  130.000000   6   5  49105   0
 298   51049105    0.000000  130.000000   6   5  49105   1
 299   50049106    0.000000  120.000000   6   5  49106   0
 300   51049106    0.000000  120.000000   6   5  49106   1
 301   50049107    0.000000  110.000000   6   5  49107   0
 302   51049107    0.000000  110.000000   6   5  49107   1
 303   50049108    0.000000   95.000000   6   5  49108   0
 304   51049108    0.000000   95.000000   6   5  49108   1
 305   50049109    0.000000   80.000000   6   5  49109   0
 306   51049109    0.000000   80.000000   6   5  49109   1
 307   50049110    0.000000   70.000000   6   5  49110   0
 308   51049110    0.000000   72.000000   6   5  49110   1
 309   50049111    0.000000   60.000000   6   5  49111   0
 310   51049111    0.000000   60.000000   6   5  49111   1
 311   50049112    0.000000   52.000000   6   5  49112   0
 312   51049112    0.000000   52.000000   6   5  49112   1
 313   50049113    0.000000   42.000000   6   5  49113   0
 314   51049113    0.000000   42.000000   6   5  49113   1
 315   50049114    0.000000   34.000000   6   5  49114   0
 316   51049114    0.000000   34.000000   6   5  49114   1
 317   50049115    0.000000   24.000000   6   5  49115   0
 318   51049115    0.000000   25.000000   6   5  49115   1
 319   50049116    0.000000   17.500000   6   5  49116   0
 320   51049116    0.000000   17.500000   6   5  49116   1
 321   52049116    0.000000   17.500000   6   5  49116   2
 322   50049117    0.000000   15.000000   6   5  49117   0
 323   51049117    0.000000   15.000000   6   5  49117   1
 324   50049118    0.000000   10.500000   6   5  49118   0
 325   51049118    0.000000   10.500000   6   5  49118   1
 326   50050102    0.000000  190.000000   6   5  50102   0
 327   50050103    0.000000  180.000000   6   5  50103   0
 328   50050104    0.000000  160.000000   6   5  50104   0
 329   50050105    0.000000  150.000000   6   5  50105   0
 330   50050106    0.000000  130.000000   6   5  50106   0
 331   50050107    0.000000  120.000000   6   5  50107   0
 332   50050108    0.000000  110.000000   6   5  50108   0
 333   50050109    0.000000   95.000000   6   5  50109   0
 334   50050110    0.000000   85.000000   6   5  50110   0
 335   50050111    0.000000   74.000000   6   5  50111   0
 336   50050112    0.000000   62.000000   6   5  50112   0
 337   50050113    0.000000   52.000000   6   5  50113   0
 338   51050113    0.000000   52.000000   6   5  50113   1
 339   50050114    0.000000   42.000000   6   5  50114   0
 340   50050115    0.000000   34.000000   6   5  50115   0
 341   50050116    0.000000   24.000000   6   5  50116   0
 342   50050117    0.000000   16.000000   6   5  50117   0
 343   51050117    0.000000   16.500000   6   5  50117   1
 344   50050118    0.000000    6.500000   6   5  50118   0
 345   50050119    0.000000    1.000000   6   5  50119   0
 346   51050119    0.000000    1.000000   6   5  50119   1
 
   p   ZAP IP   NR    Tp [MeV]
   1     1  1    1    6.483486
   2     0  2    1    1.000000
   3  1001  9    1   10.125780
   4  1002 31    1   14.500000
   5  1003 32    1   17.000000
   6  2003 33    1   17.500000
   7  2004 34    1    5.500000
--------------------------------------------------------------------------------
 
