 
--------------------------------------------------------------------------------
 50-Sn-122   T= 0.00 K from IAEA/PD-2019       (ACEMAKER)
 ZAID= 50122.38u  MAT=5055  ZA= 50122
 AWR= 120.856200  STA=  0  ELIS=   0.000 MeV  LIS=  0  LISO=  0
--------------------------------------------------------------------------------
 NTOTR= 327 NTRAN=   1 NPROD= 326 NE=     130 EMAX= 200.000 MeV
   i     MT/MTD     Q [MeV]     T [MeV] LMF  MT    ZAP LFS
   1          5    0.000000    1.000000   3   5
   2   50035089    0.000000  170.000000   6   5  35089   0
   3   50035090    0.000000  170.000000   6   5  35090   0
   4   50035091    0.000000  170.000000   6   5  35091   0
   5   50035092    0.000000  170.000000   6   5  35092   0
   6   50035093    0.000000  170.000000   6   5  35093   0
   7   50035094    0.000000  190.000000   6   5  35094   0
   8   50035095    0.000000  190.000000   6   5  35095   0
   9   50036090    0.000000  150.000000   6   5  36090   0
  10   50036091    0.000000  140.000000   6   5  36091   0
  11   50036092    0.000000  140.000000   6   5  36092   0
  12   50036093    0.000000  140.000000   6   5  36093   0
  13   50036094    0.000000  140.000000   6   5  36094   0
  14   50036095    0.000000  160.000000   6   5  36095   0
  15   50036096    0.000000  160.000000   6   5  36096   0
  16   50036097    0.000000  190.000000   6   5  36097   0
  17   50036098    0.000000  190.000000   6   5  36098   0
  18   50037091    0.000000  150.000000   6   5  37091   0
  19   50037092    0.000000  140.000000   6   5  37092   0
  20   50037093    0.000000  140.000000   6   5  37093   0
  21   50037094    0.000000  140.000000   6   5  37094   0
  22   50037095    0.000000  140.000000   6   5  37095   0
  23   50037096    0.000000  140.000000   6   5  37096   0
  24   50037097    0.000000  140.000000   6   5  37097   0
  25   50037098    0.000000  160.000000   6   5  37098   0
  26   50037099    0.000000  160.000000   6   5  37099   0
  27   50037100    0.000000  190.000000   6   5  37100   0
  28   50037101    0.000000  190.000000   6   5  37101   0
  29   50038092    0.000000  140.000000   6   5  38092   0
  30   50038093    0.000000  130.000000   6   5  38093   0
  31   50038094    0.000000  120.000000   6   5  38094   0
  32   50038095    0.000000  120.000000   6   5  38095   0
  33   50038096    0.000000  120.000000   6   5  38096   0
  34   50038097    0.000000  110.000000   6   5  38097   0
  35   50038098    0.000000  110.000000   6   5  38098   0
  36   50038099    0.000000  130.000000   6   5  38099   0
  37   50038100    0.000000  130.000000   6   5  38100   0
  38   50038101    0.000000  160.000000   6   5  38101   0
  39   50038102    0.000000  160.000000   6   5  38102   0
  40   50038103    0.000000  190.000000   6   5  38103   0
  41   50038104    0.000000  190.000000   6   5  38104   0
  42   50039093    0.000000  140.000000   6   5  39093   0
  43   51039093    0.000000  140.000000   6   5  39093   1
  44   50039094    0.000000  130.000000   6   5  39094   0
  45   50039095    0.000000  120.000000   6   5  39095   0
  46   50039096    0.000000  120.000000   6   5  39096   0
  47   50039097    0.000000  120.000000   6   5  39097   0
  48   51039097    0.000000  120.000000   6   5  39097   1
  49   50039098    0.000000  110.000000   6   5  39098   0
  50   51039098    0.000000  110.000000   6   5  39098   1
  51   50039099    0.000000  110.000000   6   5  39099   0
  52   50039100    0.000000  110.000000   6   5  39100   0
  53   51039100    0.000000  110.000000   6   5  39100   1
  54   50039101    0.000000  110.000000   6   5  39101   0
  55   50039102    0.000000  130.000000   6   5  39102   0
  56   50039103    0.000000  130.000000   6   5  39103   0
  57   50039104    0.000000  160.000000   6   5  39104   0
  58   50039105    0.000000  160.000000   6   5  39105   0
  59   50039106    0.000000  190.000000   6   5  39106   0
  60   50040094    0.000000  140.000000   6   5  40094   0
  61   50040095    0.000000  130.000000   6   5  40095   0
  62   50040096    0.000000  120.000000   6   5  40096   0
  63   50040097    0.000000  110.000000   6   5  40097   0
  64   50040098    0.000000  100.000000   6   5  40098   0
  65   50040099    0.000000   95.000000   6   5  40099   0
  66   50040100    0.000000   90.000000   6   5  40100   0
  67   50040101    0.000000   85.000000   6   5  40101   0
  68   50040102    0.000000   85.000000   6   5  40102   0
  69   50040103    0.000000   90.000000   6   5  40103   0
  70   50040104    0.000000  100.000000   6   5  40104   0
  71   50040105    0.000000  120.000000   6   5  40105   0
  72   50040106    0.000000  130.000000   6   5  40106   0
  73   50040107    0.000000  160.000000   6   5  40107   0
  74   50040108    0.000000  160.000000   6   5  40108   0
  75   50041095    0.000000  140.000000   6   5  41095   0
  76   51041095    0.000000  140.000000   6   5  41095   1
  77   50041096    0.000000  130.000000   6   5  41096   0
  78   50041097    0.000000  120.000000   6   5  41097   0
  79   51041097    0.000000  120.000000   6   5  41097   1
  80   50041098    0.000000  110.000000   6   5  41098   0
  81   51041098    0.000000  110.000000   6   5  41098   1
  82   50041099    0.000000  100.000000   6   5  41099   0
  83   51041099    0.000000  100.000000   6   5  41099   1
  84   50041100    0.000000   95.000000   6   5  41100   0
  85   51041100    0.000000   95.000000   6   5  41100   1
  86   50041101    0.000000   90.000000   6   5  41101   0
  87   50041102    0.000000   85.000000   6   5  41102   0
  88   51041102    0.000000   85.000000   6   5  41102   1
  89   50041103    0.000000   85.000000   6   5  41103   0
  90   50041104    0.000000   80.000000   6   5  41104   0
  91   50041105    0.000000   85.000000   6   5  41105   0
  92   50041106    0.000000   85.000000   6   5  41106   0
  93   50041107    0.000000  100.000000   6   5  41107   0
  94   50041108    0.000000  130.000000   6   5  41108   0
  95   50041109    0.000000  130.000000   6   5  41109   0
  96   50041110    0.000000  160.000000   6   5  41110   0
  97   50041111    0.000000  170.000000   6   5  41111   0
  98   50042096    0.000000  140.000000   6   5  42096   0
  99   50042097    0.000000  130.000000   6   5  42097   0
 100   50042098    0.000000  120.000000   6   5  42098   0
 101   50042099    0.000000  110.000000   6   5  42099   0
 102   50042100    0.000000  100.000000   6   5  42100   0
 103   50042101    0.000000   90.000000   6   5  42101   0
 104   50042102    0.000000   80.000000   6   5  42102   0
 105   50042103    0.000000   72.000000   6   5  42103   0
 106   50042104    0.000000   64.000000   6   5  42104   0
 107   50042105    0.000000   60.000000   6   5  42105   0
 108   50042106    0.000000   56.000000   6   5  42106   0
 109   50042107    0.000000   66.000000   6   5  42107   0
 110   50042108    0.000000   80.000000   6   5  42108   0
 111   50042109    0.000000   85.000000   6   5  42109   0
 112   50042110    0.000000  100.000000   6   5  42110   0
 113   50042111    0.000000  130.000000   6   5  42111   0
 114   50042112    0.000000  130.000000   6   5  42112   0
 115   50042113    0.000000  170.000000   6   5  42113   0
 116   50043097    0.000000  140.000000   6   5  43097   0
 117   51043097    0.000000  140.000000   6   5  43097   1
 118   50043098    0.000000  130.000000   6   5  43098   0
 119   50043099    0.000000  120.000000   6   5  43099   0
 120   51043099    0.000000  120.000000   6   5  43099   1
 121   50043100    0.000000  110.000000   6   5  43100   0
 122   50043101    0.000000  100.000000   6   5  43101   0
 123   50043102    0.000000   95.000000   6   5  43102   0
 124   51043102    0.000000   95.000000   6   5  43102   1
 125   50043103    0.000000   85.000000   6   5  43103   0
 126   50043104    0.000000   76.000000   6   5  43104   0
 127   50043105    0.000000   68.000000   6   5  43105   0
 128   50043106    0.000000   62.000000   6   5  43106   0
 129   50043107    0.000000   56.000000   6   5  43107   0
 130   50043108    0.000000   56.000000   6   5  43108   0
 131   50043109    0.000000   54.000000   6   5  43109   0
 132   50043110    0.000000   68.000000   6   5  43110   0
 133   50043111    0.000000   80.000000   6   5  43111   0
 134   50043112    0.000000   85.000000   6   5  43112   0
 135   50043113    0.000000  100.000000   6   5  43113   0
 136   50043114    0.000000  130.000000   6   5  43114   0
 137   50044098    0.000000  150.000000   6   5  44098   0
 138   50044099    0.000000  140.000000   6   5  44099   0
 139   50044100    0.000000  130.000000   6   5  44100   0
 140   50044101    0.000000  110.000000   6   5  44101   0
 141   50044102    0.000000  100.000000   6   5  44102   0
 142   50044103    0.000000   90.000000   6   5  44103   0
 143   50044104    0.000000   80.000000   6   5  44104   0
 144   50044105    0.000000   70.000000   6   5  44105   0
 145   50044106    0.000000   60.000000   6   5  44106   0
 146   50044107    0.000000   54.000000   6   5  44107   0
 147   50044108    0.000000   44.000000   6   5  44108   0
 148   50044109    0.000000   38.000000   6   5  44109   0
 149   50044110    0.000000   32.000000   6   5  44110   0
 150   50044111    0.000000   48.000000   6   5  44111   0
 151   50044112    0.000000   52.000000   6   5  44112   0
 152   50044113    0.000000   66.000000   6   5  44113   0
 153   50044114    0.000000   80.000000   6   5  44114   0
 154   50044115    0.000000   85.000000   6   5  44115   0
 155   50044116    0.000000  140.000000   6   5  44116   0
 156   50045099    0.000000  150.000000   6   5  45099   0
 157   51045099    0.000000  150.000000   6   5  45099   1
 158   50045100    0.000000  140.000000   6   5  45100   0
 159   51045100    0.000000  140.000000   6   5  45100   1
 160   50045101    0.000000  130.000000   6   5  45101   0
 161   51045101    0.000000  130.000000   6   5  45101   1
 162   50045102    0.000000  120.000000   6   5  45102   0
 163   51045102    0.000000  120.000000   6   5  45102   1
 164   50045103    0.000000  110.000000   6   5  45103   0
 165   51045103    0.000000  110.000000   6   5  45103   1
 166   50045104    0.000000   95.000000   6   5  45104   0
 167   51045104    0.000000  100.000000   6   5  45104   1
 168   50045105    0.000000   85.000000   6   5  45105   0
 169   51045105    0.000000   90.000000   6   5  45105   1
 170   50045106    0.000000   78.000000   6   5  45106   0
 171   51045106    0.000000   78.000000   6   5  45106   1
 172   50045107    0.000000   68.000000   6   5  45107   0
 173   50045108    0.000000   62.000000   6   5  45108   0
 174   50045109    0.000000   52.000000   6   5  45109   0
 175   50045110    0.000000   46.000000   6   5  45110   0
 176   50045111    0.000000   38.000000   6   5  45111   0
 177   50045112    0.000000   38.000000   6   5  45112   0
 178   50045113    0.000000   32.000000   6   5  45113   0
 179   50045114    0.000000   48.000000   6   5  45114   0
 180   50045115    0.000000   50.000000   6   5  45115   0
 181   50045116    0.000000   66.000000   6   5  45116   0
 182   51045116    0.000000   66.000000   6   5  45116   1
 183   50045117    0.000000   85.000000   6   5  45117   0
 184   50046100    0.000000  160.000000   6   5  46100   0
 185   50046101    0.000000  150.000000   6   5  46101   0
 186   50046102    0.000000  130.000000   6   5  46102   0
 187   50046103    0.000000  120.000000   6   5  46103   0
 188   50046104    0.000000  110.000000   6   5  46104   0
 189   50046105    0.000000   95.000000   6   5  46105   0
 190   50046106    0.000000   85.000000   6   5  46106   0
 191   50046107    0.000000   74.000000   6   5  46107   0
 192   51046107    0.000000   74.000000   6   5  46107   1
 193   50046108    0.000000   64.000000   6   5  46108   0
 194   50046109    0.000000   56.000000   6   5  46109   0
 195   51046109    0.000000   56.000000   6   5  46109   1
 196   50046110    0.000000   46.000000   6   5  46110   0
 197   50046111    0.000000   40.000000   6   5  46111   0
 198   51046111    0.000000   40.000000   6   5  46111   1
 199   50046112    0.000000   32.000000   6   5  46112   0
 200   50046113    0.000000   26.000000   6   5  46113   0
 201   51046113    0.000000   26.000000   6   5  46113   1
 202   50046114    0.000000   17.500000   6   5  46114   0
 203   50046115    0.000000   32.000000   6   5  46115   0
 204   51046115    0.000000   32.000000   6   5  46115   1
 205   50046116    0.000000   34.000000   6   5  46116   0
 206   50046117    0.000000   48.000000   6   5  46117   0
 207   50046118    0.000000   50.000000   6   5  46118   0
 208   50047101    0.000000  160.000000   6   5  47101   0
 209   51047101    0.000000  160.000000   6   5  47101   1
 210   50047102    0.000000  150.000000   6   5  47102   0
 211   51047102    0.000000  150.000000   6   5  47102   1
 212   50047103    0.000000  140.000000   6   5  47103   0
 213   51047103    0.000000  140.000000   6   5  47103   1
 214   50047104    0.000000  130.000000   6   5  47104   0
 215   51047104    0.000000  130.000000   6   5  47104   1
 216   50047105    0.000000  120.000000   6   5  47105   0
 217   51047105    0.000000  120.000000   6   5  47105   1
 218   50047106    0.000000  110.000000   6   5  47106   0
 219   51047106    0.000000  110.000000   6   5  47106   1
 220   50047107    0.000000   95.000000   6   5  47107   0
 221   51047107    0.000000   95.000000   6   5  47107   1
 222   50047108    0.000000   85.000000   6   5  47108   0
 223   51047108    0.000000   85.000000   6   5  47108   1
 224   50047109    0.000000   74.000000   6   5  47109   0
 225   51047109    0.000000   74.000000   6   5  47109   1
 226   50047110    0.000000   68.000000   6   5  47110   0
 227   51047110    0.000000   68.000000   6   5  47110   1
 228   50047111    0.000000   58.000000   6   5  47111   0
 229   51047111    0.000000   58.000000   6   5  47111   1
 230   50047112    0.000000   50.000000   6   5  47112   0
 231   50047113    0.000000   42.000000   6   5  47113   0
 232   51047113    0.000000   42.000000   6   5  47113   1
 233   50047114    0.000000   34.000000   6   5  47114   0
 234   50047115    0.000000   26.000000   6   5  47115   0
 235   51047115    0.000000   26.000000   6   5  47115   1
 236   50047116    0.000000   27.000000   6   5  47116   0
 237   51047116    0.000000   27.000000   6   5  47116   1
 238   50047117    0.000000   21.000000   6   5  47117   0
 239   51047117    0.000000   21.000000   6   5  47117   1
 240   50047118    0.000000   36.000000   6   5  47118   0
 241   50047119    0.000000   36.000000   6   5  47119   0
 242   51047119    0.000000   36.000000   6   5  47119   1
 243   50048102    0.000000  170.000000   6   5  48102   0
 244   50048103    0.000000  160.000000   6   5  48103   0
 245   50048104    0.000000  150.000000   6   5  48104   0
 246   50048105    0.000000  130.000000   6   5  48105   0
 247   50048106    0.000000  120.000000   6   5  48106   0
 248   50048107    0.000000  110.000000   6   5  48107   0
 249   50048108    0.000000   95.000000   6   5  48108   0
 250   50048109    0.000000   85.000000   6   5  48109   0
 251   50048110    0.000000   72.000000   6   5  48110   0
 252   50048111    0.000000   64.000000   6   5  48111   0
 253   51048111    0.000000   66.000000   6   5  48111   1
 254   50048112    0.000000   54.000000   6   5  48112   0
 255   50048113    0.000000   48.000000   6   5  48113   0
 256   51048113    0.000000   48.000000   6   5  48113   1
 257   50048114    0.000000   38.000000   6   5  48114   0
 258   50048115    0.000000   32.000000   6   5  48115   0
 259   51048115    0.000000   32.000000   6   5  48115   1
 260   50048116    0.000000   22.000000   6   5  48116   0
 261   50048117    0.000000   15.500000   6   5  48117   0
 262   51048117    0.000000   15.500000   6   5  48117   1
 263   50048118    0.000000    7.000000   6   5  48118   0
 264   50048119    0.000000   22.000000   6   5  48119   0
 265   51048119    0.000000   23.000000   6   5  48119   1
 266   50048120    0.000000   22.000000   6   5  48120   0
 267   50049103    0.000000  180.000000   6   5  49103   0
 268   51049103    0.000000  180.000000   6   5  49103   1
 269   50049104    0.000000  170.000000   6   5  49104   0
 270   51049104    0.000000  170.000000   6   5  49104   1
 271   50049105    0.000000  160.000000   6   5  49105   0
 272   51049105    0.000000  160.000000   6   5  49105   1
 273   50049106    0.000000  150.000000   6   5  49106   0
 274   51049106    0.000000  150.000000   6   5  49106   1
 275   50049107    0.000000  130.000000   6   5  49107   0
 276   51049107    0.000000  130.000000   6   5  49107   1
 277   50049108    0.000000  120.000000   6   5  49108   0
 278   51049108    0.000000  120.000000   6   5  49108   1
 279   50049109    0.000000  110.000000   6   5  49109   0
 280   51049109    0.000000  110.000000   6   5  49109   1
 281   50049110    0.000000  100.000000   6   5  49110   0
 282   51049110    0.000000  100.000000   6   5  49110   1
 283   50049111    0.000000   90.000000   6   5  49111   0
 284   51049111    0.000000   90.000000   6   5  49111   1
 285   50049112    0.000000   78.000000   6   5  49112   0
 286   51049112    0.000000   78.000000   6   5  49112   1
 287   50049113    0.000000   68.000000   6   5  49113   0
 288   51049113    0.000000   68.000000   6   5  49113   1
 289   50049114    0.000000   60.000000   6   5  49114   0
 290   51049114    0.000000   60.000000   6   5  49114   1
 291   50049115    0.000000   50.000000   6   5  49115   0
 292   51049115    0.000000   50.000000   6   5  49115   1
 293   50049116    0.000000   42.000000   6   5  49116   0
 294   51049116    0.000000   44.000000   6   5  49116   1
 295   52049116    0.000000   44.000000   6   5  49116   2
 296   50049117    0.000000   34.000000   6   5  49117   0
 297   51049117    0.000000   34.000000   6   5  49117   1
 298   50049118    0.000000   27.000000   6   5  49118   0
 299   51049118    0.000000   27.000000   6   5  49118   1
 300   50049119    0.000000   18.000000   6   5  49119   0
 301   51049119    0.000000   18.000000   6   5  49119   1
 302   50049120    0.000000   18.000000   6   5  49120   0
 303   51049120    0.000000   18.000000   6   5  49120   1
 304   50049121    0.000000   12.000000   6   5  49121   0
 305   51049121    0.000000   12.000000   6   5  49121   1
 306   50050105    0.000000  180.000000   6   5  50105   0
 307   50050106    0.000000  160.000000   6   5  50106   0
 308   50050107    0.000000  150.000000   6   5  50107   0
 309   50050108    0.000000  140.000000   6   5  50108   0
 310   50050109    0.000000  130.000000   6   5  50109   0
 311   50050110    0.000000  110.000000   6   5  50110   0
 312   50050111    0.000000  100.000000   6   5  50111   0
 313   50050112    0.000000   90.000000   6   5  50112   0
 314   50050113    0.000000   80.000000   6   5  50113   0
 315   51050113    0.000000   80.000000   6   5  50113   1
 316   50050114    0.000000   68.000000   6   5  50114   0
 317   50050115    0.000000   60.000000   6   5  50115   0
 318   50050116    0.000000   50.000000   6   5  50116   0
 319   50050117    0.000000   42.000000   6   5  50117   0
 320   51050117    0.000000   42.000000   6   5  50117   1
 321   50050118    0.000000   32.000000   6   5  50118   0
 322   50050119    0.000000   25.000000   6   5  50119   0
 323   51050119    0.000000   25.000000   6   5  50119   1
 324   50050120    0.000000   15.500000   6   5  50120   0
 325   50050121    0.000000    9.000000   6   5  50121   0
 326   51050121    0.000000    9.000000   6   5  50121   1
 327   50050122    0.000000    1.000000   6   5  50122   0
 
   p   ZAP IP   NR    Tp [MeV]
   1     1  1    1    8.815385
   2     0  2    1    1.000000
   3  1001  9    1   11.394330
   4  1002 31    1   17.348690
   5  1003 32    1   17.500000
   6  2003 33    1   22.000000
   7  2004 34    1    7.000000
--------------------------------------------------------------------------------
 
