 
--------------------------------------------------------------------------------
 50-Sn-112   T= 0.00 K from IAEA/PD-2019       (ACEMAKER)
 ZAID= 50112.38u  MAT=5025  ZA= 50112
 AWR= 110.943500  STA=  0  ELIS=   0.000 MeV  LIS=  0  LISO=  0
--------------------------------------------------------------------------------
 NTOTR= 365 NTRAN=   1 NPROD= 364 NE=     139 EMAX= 200.000 MeV
   i     MT/MTD     Q [MeV]     T [MeV] LMF  MT    ZAP LFS
   1          5    0.000000    1.000000   3   5
   2   50035079    0.000000  130.000000   6   5  35079   0
   3   51035079    0.000000  130.000000   6   5  35079   1
   4   50035080    0.000000  120.000000   6   5  35080   0
   5   51035080    0.000000  120.000000   6   5  35080   1
   6   50035081    0.000000  120.000000   6   5  35081   0
   7   50035082    0.000000  120.000000   6   5  35082   0
   8   51035082    0.000000  120.000000   6   5  35082   1
   9   50035083    0.000000  120.000000   6   5  35083   0
  10   50035084    0.000000  130.000000   6   5  35084   0
  11   51035084    0.000000  130.000000   6   5  35084   1
  12   50035085    0.000000  130.000000   6   5  35085   0
  13   50035086    0.000000  150.000000   6   5  35086   0
  14   50035087    0.000000  150.000000   6   5  35087   0
  15   50035088    0.000000  170.000000   6   5  35088   0
  16   50035089    0.000000  170.000000   6   5  35089   0
  17   50036080    0.000000  130.000000   6   5  36080   0
  18   50036081    0.000000  120.000000   6   5  36081   0
  19   51036081    0.000000  120.000000   6   5  36081   1
  20   50036082    0.000000  110.000000   6   5  36082   0
  21   50036083    0.000000  100.000000   6   5  36083   0
  22   51036083    0.000000  100.000000   6   5  36083   1
  23   50036084    0.000000  100.000000   6   5  36084   0
  24   50036085    0.000000  110.000000   6   5  36085   0
  25   51036085    0.000000  110.000000   6   5  36085   1
  26   50036086    0.000000  110.000000   6   5  36086   0
  27   50036087    0.000000  120.000000   6   5  36087   0
  28   50036088    0.000000  120.000000   6   5  36088   0
  29   50036089    0.000000  150.000000   6   5  36089   0
  30   50036090    0.000000  150.000000   6   5  36090   0
  31   50036091    0.000000  170.000000   6   5  36091   0
  32   50036092    0.000000  170.000000   6   5  36092   0
  33   50037081    0.000000  130.000000   6   5  37081   0
  34   51037081    0.000000  130.000000   6   5  37081   1
  35   50037082    0.000000  120.000000   6   5  37082   0
  36   51037082    0.000000  120.000000   6   5  37082   1
  37   50037083    0.000000  110.000000   6   5  37083   0
  38   50037084    0.000000  100.000000   6   5  37084   0
  39   51037084    0.000000  100.000000   6   5  37084   1
  40   50037085    0.000000  100.000000   6   5  37085   0
  41   50037086    0.000000   95.000000   6   5  37086   0
  42   51037086    0.000000   95.000000   6   5  37086   1
  43   50037087    0.000000   95.000000   6   5  37087   0
  44   50037088    0.000000  100.000000   6   5  37088   0
  45   50037089    0.000000  110.000000   6   5  37089   0
  46   50037090    0.000000  120.000000   6   5  37090   0
  47   51037090    0.000000  120.000000   6   5  37090   1
  48   50037091    0.000000  130.000000   6   5  37091   0
  49   50037092    0.000000  150.000000   6   5  37092   0
  50   50037093    0.000000  150.000000   6   5  37093   0
  51   50037094    0.000000  170.000000   6   5  37094   0
  52   50037095    0.000000  180.000000   6   5  37095   0
  53   50038082    0.000000  140.000000   6   5  38082   0
  54   50038083    0.000000  130.000000   6   5  38083   0
  55   51038083    0.000000  130.000000   6   5  38083   1
  56   50038084    0.000000  110.000000   6   5  38084   0
  57   50038085    0.000000  100.000000   6   5  38085   0
  58   51038085    0.000000  100.000000   6   5  38085   1
  59   50038086    0.000000   90.000000   6   5  38086   0
  60   50038087    0.000000   78.000000   6   5  38087   0
  61   51038087    0.000000   78.000000   6   5  38087   1
  62   50038088    0.000000   76.000000   6   5  38088   0
  63   50038089    0.000000   76.000000   6   5  38089   0
  64   50038090    0.000000   85.000000   6   5  38090   0
  65   50038091    0.000000   95.000000   6   5  38091   0
  66   50038092    0.000000  100.000000   6   5  38092   0
  67   50038093    0.000000  120.000000   6   5  38093   0
  68   50038094    0.000000  120.000000   6   5  38094   0
  69   50038095    0.000000  150.000000   6   5  38095   0
  70   50038096    0.000000  150.000000   6   5  38096   0
  71   50038097    0.000000  180.000000   6   5  38097   0
  72   50038098    0.000000  190.000000   6   5  38098   0
  73   50039083    0.000000  140.000000   6   5  39083   0
  74   51039083    0.000000  140.000000   6   5  39083   1
  75   50039084    0.000000  130.000000   6   5  39084   0
  76   51039084    0.000000  130.000000   6   5  39084   1
  77   50039085    0.000000  110.000000   6   5  39085   0
  78   51039085    0.000000  110.000000   6   5  39085   1
  79   50039086    0.000000  100.000000   6   5  39086   0
  80   51039086    0.000000  100.000000   6   5  39086   1
  81   50039087    0.000000   90.000000   6   5  39087   0
  82   51039087    0.000000   90.000000   6   5  39087   1
  83   50039088    0.000000   78.000000   6   5  39088   0
  84   50039089    0.000000   76.000000   6   5  39089   0
  85   51039089    0.000000   76.000000   6   5  39089   1
  86   50039090    0.000000   76.000000   6   5  39090   0
  87   51039090    0.000000   76.000000   6   5  39090   1
  88   50039091    0.000000   74.000000   6   5  39091   0
  89   51039091    0.000000   74.000000   6   5  39091   1
  90   50039092    0.000000   76.000000   6   5  39092   0
  91   50039093    0.000000   85.000000   6   5  39093   0
  92   51039093    0.000000   85.000000   6   5  39093   1
  93   50039094    0.000000   95.000000   6   5  39094   0
  94   50039095    0.000000  100.000000   6   5  39095   0
  95   50039096    0.000000  120.000000   6   5  39096   0
  96   50039097    0.000000  130.000000   6   5  39097   0
  97   51039097    0.000000  130.000000   6   5  39097   1
  98   50039098    0.000000  150.000000   6   5  39098   0
  99   51039098    0.000000  150.000000   6   5  39098   1
 100   50039099    0.000000  160.000000   6   5  39099   0
 101   50039100    0.000000  190.000000   6   5  39100   0
 102   51039100    0.000000  190.000000   6   5  39100   1
 103   50040084    0.000000  150.000000   6   5  40084   0
 104   50040085    0.000000  140.000000   6   5  40085   0
 105   50040086    0.000000  120.000000   6   5  40086   0
 106   50040087    0.000000  110.000000   6   5  40087   0
 107   51040087    0.000000  110.000000   6   5  40087   1
 108   50040088    0.000000   95.000000   6   5  40088   0
 109   50040089    0.000000   80.000000   6   5  40089   0
 110   51040089    0.000000   80.000000   6   5  40089   1
 111   50040090    0.000000   70.000000   6   5  40090   0
 112   51040090    0.000000   70.000000   6   5  40090   1
 113   50040091    0.000000   62.000000   6   5  40091   0
 114   50040092    0.000000   56.000000   6   5  40092   0
 115   50040093    0.000000   60.000000   6   5  40093   0
 116   50040094    0.000000   68.000000   6   5  40094   0
 117   50040095    0.000000   74.000000   6   5  40095   0
 118   50040096    0.000000   85.000000   6   5  40096   0
 119   50040097    0.000000   95.000000   6   5  40097   0
 120   50040098    0.000000  110.000000   6   5  40098   0
 121   50040099    0.000000  130.000000   6   5  40099   0
 122   50040100    0.000000  130.000000   6   5  40100   0
 123   50040101    0.000000  160.000000   6   5  40101   0
 124   50041085    0.000000  160.000000   6   5  41085   0
 125   50041086    0.000000  140.000000   6   5  41086   0
 126   51041086    0.000000  140.000000   6   5  41086   1
 127   50041087    0.000000  130.000000   6   5  41087   0
 128   51041087    0.000000  130.000000   6   5  41087   1
 129   50041088    0.000000  110.000000   6   5  41088   0
 130   51041088    0.000000  110.000000   6   5  41088   1
 131   50041089    0.000000   95.000000   6   5  41089   0
 132   51041089    0.000000   95.000000   6   5  41089   1
 133   50041090    0.000000   85.000000   6   5  41090   0
 134   51041090    0.000000   85.000000   6   5  41090   1
 135   50041091    0.000000   72.000000   6   5  41091   0
 136   51041091    0.000000   72.000000   6   5  41091   1
 137   50041092    0.000000   64.000000   6   5  41092   0
 138   51041092    0.000000   64.000000   6   5  41092   1
 139   50041093    0.000000   56.000000   6   5  41093   0
 140   51041093    0.000000   56.000000   6   5  41093   1
 141   50041094    0.000000   56.000000   6   5  41094   0
 142   51041094    0.000000   56.000000   6   5  41094   1
 143   50041095    0.000000   54.000000   6   5  41095   0
 144   51041095    0.000000   54.000000   6   5  41095   1
 145   50041096    0.000000   60.000000   6   5  41096   0
 146   50041097    0.000000   68.000000   6   5  41097   0
 147   51041097    0.000000   70.000000   6   5  41097   1
 148   50041098    0.000000   76.000000   6   5  41098   0
 149   51041098    0.000000   76.000000   6   5  41098   1
 150   50041099    0.000000   85.000000   6   5  41099   0
 151   51041099    0.000000   85.000000   6   5  41099   1
 152   50041100    0.000000   95.000000   6   5  41100   0
 153   51041100    0.000000   95.000000   6   5  41100   1
 154   50041101    0.000000  110.000000   6   5  41101   0
 155   50041102    0.000000  130.000000   6   5  41102   0
 156   51041102    0.000000  130.000000   6   5  41102   1
 157   50042086    0.000000  170.000000   6   5  42086   0
 158   50042087    0.000000  160.000000   6   5  42087   0
 159   50042088    0.000000  140.000000   6   5  42088   0
 160   50042089    0.000000  120.000000   6   5  42089   0
 161   51042089    0.000000  120.000000   6   5  42089   1
 162   50042090    0.000000  110.000000   6   5  42090   0
 163   50042091    0.000000   90.000000   6   5  42091   0
 164   51042091    0.000000   90.000000   6   5  42091   1
 165   50042092    0.000000   76.000000   6   5  42092   0
 166   50042093    0.000000   66.000000   6   5  42093   0
 167   51042093    0.000000   66.000000   6   5  42093   1
 168   50042094    0.000000   54.000000   6   5  42094   0
 169   50042095    0.000000   46.000000   6   5  42095   0
 170   50042096    0.000000   38.000000   6   5  42096   0
 171   50042097    0.000000   46.000000   6   5  42097   0
 172   50042098    0.000000   52.000000   6   5  42098   0
 173   50042099    0.000000   60.000000   6   5  42099   0
 174   50042100    0.000000   68.000000   6   5  42100   0
 175   50042101    0.000000   76.000000   6   5  42101   0
 176   50042102    0.000000   85.000000   6   5  42102   0
 177   50042103    0.000000   95.000000   6   5  42103   0
 178   50042104    0.000000  150.000000   6   5  42104   0
 179   50043087    0.000000  170.000000   6   5  43087   0
 180   50043088    0.000000  160.000000   6   5  43088   0
 181   51043088    0.000000  160.000000   6   5  43088   1
 182   50043089    0.000000  140.000000   6   5  43089   0
 183   51043089    0.000000  140.000000   6   5  43089   1
 184   50043090    0.000000  130.000000   6   5  43090   0
 185   51043090    0.000000  130.000000   6   5  43090   1
 186   52043090    0.000000  130.000000   6   5  43090   2
 187   50043091    0.000000  110.000000   6   5  43091   0
 188   51043091    0.000000  110.000000   6   5  43091   1
 189   50043092    0.000000   95.000000   6   5  43092   0
 190   50043093    0.000000   80.000000   6   5  43093   0
 191   51043093    0.000000   80.000000   6   5  43093   1
 192   50043094    0.000000   72.000000   6   5  43094   0
 193   51043094    0.000000   72.000000   6   5  43094   1
 194   50043095    0.000000   60.000000   6   5  43095   0
 195   51043095    0.000000   62.000000   6   5  43095   1
 196   50043096    0.000000   52.000000   6   5  43096   0
 197   51043096    0.000000   52.000000   6   5  43096   1
 198   50043097    0.000000   44.000000   6   5  43097   0
 199   51043097    0.000000   44.000000   6   5  43097   1
 200   50043098    0.000000   40.000000   6   5  43098   0
 201   50043099    0.000000   36.000000   6   5  43099   0
 202   51043099    0.000000   36.000000   6   5  43099   1
 203   50043100    0.000000   48.000000   6   5  43100   0
 204   50043101    0.000000   50.000000   6   5  43101   0
 205   50043102    0.000000   62.000000   6   5  43102   0
 206   51043102    0.000000   62.000000   6   5  43102   1
 207   50043103    0.000000   68.000000   6   5  43103   0
 208   50043104    0.000000   78.000000   6   5  43104   0
 209   50043105    0.000000   95.000000   6   5  43105   0
 210   50044089    0.000000  170.000000   6   5  44089   0
 211   50044090    0.000000  150.000000   6   5  44090   0
 212   50044091    0.000000  140.000000   6   5  44091   0
 213   50044092    0.000000  120.000000   6   5  44092   0
 214   50044093    0.000000  100.000000   6   5  44093   0
 215   51044093    0.000000  100.000000   6   5  44093   1
 216   50044094    0.000000   90.000000   6   5  44094   0
 217   50044095    0.000000   74.000000   6   5  44095   0
 218   50044096    0.000000   62.000000   6   5  44096   0
 219   50044097    0.000000   52.000000   6   5  44097   0
 220   50044098    0.000000   40.000000   6   5  44098   0
 221   50044099    0.000000   29.000000   6   5  44099   0
 222   50044100    0.000000   20.000000   6   5  44100   0
 223   50044101    0.000000   32.000000   6   5  44101   0
 224   50044102    0.000000   34.000000   6   5  44102   0
 225   50044103    0.000000   46.000000   6   5  44103   0
 226   50044104    0.000000   48.000000   6   5  44104   0
 227   50044105    0.000000   60.000000   6   5  44105   0
 228   50044106    0.000000   68.000000   6   5  44106   0
 229   50045090    0.000000  180.000000   6   5  45090   0
 230   50045091    0.000000  160.000000   6   5  45091   0
 231   51045091    0.000000  160.000000   6   5  45091   1
 232   50045092    0.000000  140.000000   6   5  45092   0
 233   51045092    0.000000  140.000000   6   5  45092   1
 234   50045093    0.000000  130.000000   6   5  45093   0
 235   50045094    0.000000  110.000000   6   5  45094   0
 236   51045094    0.000000  110.000000   6   5  45094   1
 237   50045095    0.000000   95.000000   6   5  45095   0
 238   51045095    0.000000   95.000000   6   5  45095   1
 239   50045096    0.000000   85.000000   6   5  45096   0
 240   51045096    0.000000   85.000000   6   5  45096   1
 241   50045097    0.000000   72.000000   6   5  45097   0
 242   51045097    0.000000   72.000000   6   5  45097   1
 243   50045098    0.000000   62.000000   6   5  45098   0
 244   51045098    0.000000   62.000000   6   5  45098   1
 245   50045099    0.000000   50.000000   6   5  45099   0
 246   51045099    0.000000   50.000000   6   5  45099   1
 247   50045100    0.000000   42.000000   6   5  45100   0
 248   51045100    0.000000   42.000000   6   5  45100   1
 249   50045101    0.000000   32.000000   6   5  45101   0
 250   51045101    0.000000   32.000000   6   5  45101   1
 251   50045102    0.000000   29.000000   6   5  45102   0
 252   51045102    0.000000   29.000000   6   5  45102   1
 253   50045103    0.000000   21.000000   6   5  45103   0
 254   51045103    0.000000   21.000000   6   5  45103   1
 255   50045104    0.000000   34.000000   6   5  45104   0
 256   51045104    0.000000   34.000000   6   5  45104   1
 257   50045105    0.000000   32.000000   6   5  45105   0
 258   51045105    0.000000   32.000000   6   5  45105   1
 259   50045106    0.000000   48.000000   6   5  45106   0
 260   51045106    0.000000   48.000000   6   5  45106   1
 261   50045107    0.000000   48.000000   6   5  45107   0
 262   50046092    0.000000  180.000000   6   5  46092   0
 263   50046093    0.000000  150.000000   6   5  46093   0
 264   50046094    0.000000  130.000000   6   5  46094   0
 265   50046095    0.000000  120.000000   6   5  46095   0
 266   51046095    0.000000  120.000000   6   5  46095   1
 267   50046096    0.000000  100.000000   6   5  46096   0
 268   50046097    0.000000   90.000000   6   5  46097   0
 269   50046098    0.000000   74.000000   6   5  46098   0
 270   50046099    0.000000   62.000000   6   5  46099   0
 271   50046100    0.000000   50.000000   6   5  46100   0
 272   50046101    0.000000   40.000000   6   5  46101   0
 273   50046102    0.000000   28.000000   6   5  46102   0
 274   50046103    0.000000   20.000000   6   5  46103   0
 275   50046104    0.000000    9.500000   6   5  46104   0
 276   50046105    0.000000   23.000000   6   5  46105   0
 277   50046106    0.000000   20.000000   6   5  46106   0
 278   50046107    0.000000   34.000000   6   5  46107   0
 279   51046107    0.000000   36.000000   6   5  46107   1
 280   50046108    0.000000   34.000000   6   5  46108   0
 281   50047093    0.000000  190.000000   6   5  47093   0
 282   50047094    0.000000  160.000000   6   5  47094   0
 283   51047094    0.000000  170.000000   6   5  47094   1
 284   50047095    0.000000  150.000000   6   5  47095   0
 285   50047096    0.000000  130.000000   6   5  47096   0
 286   51047096    0.000000  130.000000   6   5  47096   1
 287   50047097    0.000000  110.000000   6   5  47097   0
 288   50047098    0.000000  100.000000   6   5  47098   0
 289   50047099    0.000000   90.000000   6   5  47099   0
 290   51047099    0.000000   90.000000   6   5  47099   1
 291   50047100    0.000000   76.000000   6   5  47100   0
 292   51047100    0.000000   76.000000   6   5  47100   1
 293   50047101    0.000000   64.000000   6   5  47101   0
 294   51047101    0.000000   64.000000   6   5  47101   1
 295   50047102    0.000000   54.000000   6   5  47102   0
 296   51047102    0.000000   54.000000   6   5  47102   1
 297   50047103    0.000000   42.000000   6   5  47103   0
 298   51047103    0.000000   42.000000   6   5  47103   1
 299   50047104    0.000000   34.000000   6   5  47104   0
 300   51047104    0.000000   34.000000   6   5  47104   1
 301   50047105    0.000000   23.000000   6   5  47105   0
 302   51047105    0.000000   23.000000   6   5  47105   1
 303   50047106    0.000000   20.000000   6   5  47106   0
 304   51047106    0.000000   21.000000   6   5  47106   1
 305   50047107    0.000000   12.500000   6   5  47107   0
 306   51047107    0.000000   13.000000   6   5  47107   1
 307   50047108    0.000000   26.000000   6   5  47108   0
 308   51047108    0.000000   26.000000   6   5  47108   1
 309   50047109    0.000000   24.000000   6   5  47109   0
 310   51047109    0.000000   24.000000   6   5  47109   1
 311   50048095    0.000000  190.000000   6   5  48095   0
 312   50048096    0.000000  160.000000   6   5  48096   0
 313   50048097    0.000000  140.000000   6   5  48097   0
 314   50048098    0.000000  120.000000   6   5  48098   0
 315   50048099    0.000000  110.000000   6   5  48099   0
 316   50048100    0.000000   90.000000   6   5  48100   0
 317   50048101    0.000000   78.000000   6   5  48101   0
 318   50048102    0.000000   64.000000   6   5  48102   0
 319   50048103    0.000000   54.000000   6   5  48103   0
 320   50048104    0.000000   42.000000   6   5  48104   0
 321   50048105    0.000000   34.000000   6   5  48105   0
 322   50048106    0.000000   22.000000   6   5  48106   0
 323   50048107    0.000000   13.500000   6   5  48107   0
 324   50048108    0.000000    3.000000   6   5  48108   0
 325   50048109    0.000000   16.500000   6   5  48109   0
 326   50048110    0.000000   14.000000   6   5  48110   0
 327   50049097    0.000000  170.000000   6   5  49097   0
 328   50049098    0.000000  160.000000   6   5  49098   0
 329   51049098    0.000000  160.000000   6   5  49098   1
 330   50049099    0.000000  140.000000   6   5  49099   0
 331   50049100    0.000000  120.000000   6   5  49100   0
 332   50049101    0.000000  110.000000   6   5  49101   0
 333   50049102    0.000000   95.000000   6   5  49102   0
 334   50049103    0.000000   85.000000   6   5  49103   0
 335   51049103    0.000000   85.000000   6   5  49103   1
 336   50049104    0.000000   72.000000   6   5  49104   0
 337   51049104    0.000000   72.000000   6   5  49104   1
 338   50049105    0.000000   58.000000   6   5  49105   0
 339   51049105    0.000000   60.000000   6   5  49105   1
 340   50049106    0.000000   50.000000   6   5  49106   0
 341   51049106    0.000000   50.000000   6   5  49106   1
 342   50049107    0.000000   38.000000   6   5  49107   0
 343   51049107    0.000000   38.000000   6   5  49107   1
 344   50049108    0.000000   29.000000   6   5  49108   0
 345   51049108    0.000000   28.000000   6   5  49108   1
 346   50049109    0.000000   17.500000   6   5  49109   0
 347   51049109    0.000000   18.500000   6   5  49109   1
 348   50049110    0.000000   16.000000   6   5  49110   0
 349   51049110    0.000000   16.000000   6   5  49110   1
 350   50049111    0.000000    8.000000   6   5  49111   0
 351   51049111    0.000000    8.500000   6   5  49111   1
 352   50050099    0.000000  170.000000   6   5  50099   0
 353   50050100    0.000000  140.000000   6   5  50100   0
 354   50050101    0.000000  130.000000   6   5  50101   0
 355   50050102    0.000000  120.000000   6   5  50102   0
 356   50050103    0.000000  100.000000   6   5  50103   0
 357   50050104    0.000000   90.000000   6   5  50104   0
 358   50050105    0.000000   76.000000   6   5  50105   0
 359   50050106    0.000000   62.000000   6   5  50106   0
 360   50050107    0.000000   52.000000   6   5  50107   0
 361   50050108    0.000000   40.000000   6   5  50108   0
 362   50050109    0.000000   32.000000   6   5  50109   0
 363   50050110    0.000000   19.500000   6   5  50110   0
 364   50050111    0.000000   11.000000   6   5  50111   0
 365   50050112    0.000000    1.000000   6   5  50112   0
 
   p   ZAP IP   NR    Tp [MeV]
   1     1  1    1   10.787790
   2     0  2    1    1.000000
   3  1001  9    1    7.551984
   4  1002 31    1   15.320810
   5  1003 32    1   17.500000
   6  2003 33    1   16.000000
   7  2004 34    1    1.827558
--------------------------------------------------------------------------------
 
