 
--------------------------------------------------------------------------------
 51-Sb-121   T= 0.00 K from IAEA/PD-2019       (ACEMAKER)
 ZAID= 51121.38u  MAT=5125  ZA= 51121
 AWR= 119.865200  STA=  0  ELIS=   0.000 MeV  LIS=  0  LISO=  0
--------------------------------------------------------------------------------
 NTOTR= 333 NTRAN=   1 NPROD= 332 NE=     133 EMAX= 200.000 MeV
   i     MT/MTD     Q [MeV]     T [MeV] LMF  MT    ZAP LFS
   1          5    0.000000    1.000000   3   5
   2   50036088    0.000000  150.000000   6   5  36088   0
   3   50036089    0.000000  150.000000   6   5  36089   0
   4   50036090    0.000000  150.000000   6   5  36090   0
   5   50036091    0.000000  150.000000   6   5  36091   0
   6   50036092    0.000000  150.000000   6   5  36092   0
   7   50036093    0.000000  170.000000   6   5  36093   0
   8   50036094    0.000000  170.000000   6   5  36094   0
   9   50037089    0.000000  150.000000   6   5  37089   0
  10   50037090    0.000000  140.000000   6   5  37090   0
  11   51037090    0.000000  140.000000   6   5  37090   1
  12   50037091    0.000000  130.000000   6   5  37091   0
  13   50037092    0.000000  130.000000   6   5  37092   0
  14   50037093    0.000000  130.000000   6   5  37093   0
  15   50037094    0.000000  150.000000   6   5  37094   0
  16   50037095    0.000000  150.000000   6   5  37095   0
  17   50037096    0.000000  170.000000   6   5  37096   0
  18   50037097    0.000000  170.000000   6   5  37097   0
  19   50038090    0.000000  140.000000   6   5  38090   0
  20   50038091    0.000000  130.000000   6   5  38091   0
  21   50038092    0.000000  130.000000   6   5  38092   0
  22   50038093    0.000000  130.000000   6   5  38093   0
  23   50038094    0.000000  120.000000   6   5  38094   0
  24   50038095    0.000000  120.000000   6   5  38095   0
  25   50038096    0.000000  120.000000   6   5  38096   0
  26   50038097    0.000000  140.000000   6   5  38097   0
  27   50038098    0.000000  140.000000   6   5  38098   0
  28   50038099    0.000000  160.000000   6   5  38099   0
  29   50038100    0.000000  160.000000   6   5  38100   0
  30   50039091    0.000000  140.000000   6   5  39091   0
  31   51039091    0.000000  140.000000   6   5  39091   1
  32   50039092    0.000000  130.000000   6   5  39092   0
  33   50039093    0.000000  120.000000   6   5  39093   0
  34   51039093    0.000000  120.000000   6   5  39093   1
  35   50039094    0.000000  110.000000   6   5  39094   0
  36   50039095    0.000000  110.000000   6   5  39095   0
  37   50039096    0.000000  110.000000   6   5  39096   0
  38   50039097    0.000000  110.000000   6   5  39097   0
  39   51039097    0.000000  110.000000   6   5  39097   1
  40   50039098    0.000000  120.000000   6   5  39098   0
  41   51039098    0.000000  120.000000   6   5  39098   1
  42   50039099    0.000000  120.000000   6   5  39099   0
  43   50039100    0.000000  140.000000   6   5  39100   0
  44   51039100    0.000000  140.000000   6   5  39100   1
  45   50039101    0.000000  140.000000   6   5  39101   0
  46   50039102    0.000000  160.000000   6   5  39102   0
  47   50039103    0.000000  170.000000   6   5  39103   0
  48   50040092    0.000000  140.000000   6   5  40092   0
  49   50040093    0.000000  130.000000   6   5  40093   0
  50   50040094    0.000000  120.000000   6   5  40094   0
  51   50040095    0.000000  110.000000   6   5  40095   0
  52   50040096    0.000000  110.000000   6   5  40096   0
  53   50040097    0.000000  110.000000   6   5  40097   0
  54   50040098    0.000000  100.000000   6   5  40098   0
  55   50040099    0.000000   95.000000   6   5  40099   0
  56   50040100    0.000000   95.000000   6   5  40100   0
  57   50040101    0.000000  110.000000   6   5  40101   0
  58   50040102    0.000000  110.000000   6   5  40102   0
  59   50040103    0.000000  140.000000   6   5  40103   0
  60   50040104    0.000000  140.000000   6   5  40104   0
  61   50040105    0.000000  170.000000   6   5  40105   0
  62   50040106    0.000000  170.000000   6   5  40106   0
  63   50041093    0.000000  140.000000   6   5  41093   0
  64   51041093    0.000000  140.000000   6   5  41093   1
  65   50041094    0.000000  130.000000   6   5  41094   0
  66   51041094    0.000000  130.000000   6   5  41094   1
  67   50041095    0.000000  120.000000   6   5  41095   0
  68   51041095    0.000000  120.000000   6   5  41095   1
  69   50041096    0.000000  110.000000   6   5  41096   0
  70   50041097    0.000000  100.000000   6   5  41097   0
  71   51041097    0.000000  100.000000   6   5  41097   1
  72   50041098    0.000000   90.000000   6   5  41098   0
  73   51041098    0.000000   90.000000   6   5  41098   1
  74   50041099    0.000000   85.000000   6   5  41099   0
  75   51041099    0.000000   85.000000   6   5  41099   1
  76   50041100    0.000000   78.000000   6   5  41100   0
  77   51041100    0.000000   78.000000   6   5  41100   1
  78   50041101    0.000000   76.000000   6   5  41101   0
  79   50041102    0.000000   78.000000   6   5  41102   0
  80   51041102    0.000000   80.000000   6   5  41102   1
  81   50041103    0.000000   90.000000   6   5  41103   0
  82   50041104    0.000000  110.000000   6   5  41104   0
  83   50041105    0.000000  110.000000   6   5  41105   0
  84   50041106    0.000000  140.000000   6   5  41106   0
  85   50041107    0.000000  140.000000   6   5  41107   0
  86   50041108    0.000000  170.000000   6   5  41108   0
  87   50041109    0.000000  180.000000   6   5  41109   0
  88   50042094    0.000000  140.000000   6   5  42094   0
  89   50042095    0.000000  130.000000   6   5  42095   0
  90   50042096    0.000000  120.000000   6   5  42096   0
  91   50042097    0.000000  110.000000   6   5  42097   0
  92   50042098    0.000000  100.000000   6   5  42098   0
  93   50042099    0.000000   90.000000   6   5  42099   0
  94   50042100    0.000000   85.000000   6   5  42100   0
  95   50042101    0.000000   78.000000   6   5  42101   0
  96   50042102    0.000000   76.000000   6   5  42102   0
  97   50042103    0.000000   72.000000   6   5  42103   0
  98   50042104    0.000000   72.000000   6   5  42104   0
  99   50042105    0.000000   76.000000   6   5  42105   0
 100   50042106    0.000000   85.000000   6   5  42106   0
 101   50042107    0.000000  100.000000   6   5  42107   0
 102   50042108    0.000000  110.000000   6   5  42108   0
 103   50042109    0.000000  140.000000   6   5  42109   0
 104   50042110    0.000000  140.000000   6   5  42110   0
 105   50042111    0.000000  180.000000   6   5  42111   0
 106   50043095    0.000000  150.000000   6   5  43095   0
 107   51043095    0.000000  150.000000   6   5  43095   1
 108   50043096    0.000000  140.000000   6   5  43096   0
 109   51043096    0.000000  140.000000   6   5  43096   1
 110   50043097    0.000000  120.000000   6   5  43097   0
 111   51043097    0.000000  120.000000   6   5  43097   1
 112   50043098    0.000000  110.000000   6   5  43098   0
 113   50043099    0.000000  100.000000   6   5  43099   0
 114   51043099    0.000000  100.000000   6   5  43099   1
 115   50043100    0.000000   90.000000   6   5  43100   0
 116   50043101    0.000000   78.000000   6   5  43101   0
 117   50043102    0.000000   70.000000   6   5  43102   0
 118   51043102    0.000000   70.000000   6   5  43102   1
 119   50043103    0.000000   62.000000   6   5  43103   0
 120   50043104    0.000000   54.000000   6   5  43104   0
 121   50043105    0.000000   50.000000   6   5  43105   0
 122   50043106    0.000000   60.000000   6   5  43106   0
 123   50043107    0.000000   68.000000   6   5  43107   0
 124   50043108    0.000000   76.000000   6   5  43108   0
 125   50043109    0.000000   85.000000   6   5  43109   0
 126   50043110    0.000000  100.000000   6   5  43110   0
 127   50043111    0.000000  110.000000   6   5  43111   0
 128   50043112    0.000000  140.000000   6   5  43112   0
 129   50044096    0.000000  150.000000   6   5  44096   0
 130   50044097    0.000000  140.000000   6   5  44097   0
 131   50044098    0.000000  130.000000   6   5  44098   0
 132   50044099    0.000000  110.000000   6   5  44099   0
 133   50044100    0.000000  100.000000   6   5  44100   0
 134   50044101    0.000000   90.000000   6   5  44101   0
 135   50044102    0.000000   80.000000   6   5  44102   0
 136   50044103    0.000000   72.000000   6   5  44103   0
 137   50044104    0.000000   62.000000   6   5  44104   0
 138   50044105    0.000000   56.000000   6   5  44105   0
 139   50044106    0.000000   50.000000   6   5  44106   0
 140   50044107    0.000000   50.000000   6   5  44107   0
 141   50044108    0.000000   44.000000   6   5  44108   0
 142   50044109    0.000000   58.000000   6   5  44109   0
 143   50044110    0.000000   66.000000   6   5  44110   0
 144   50044111    0.000000   74.000000   6   5  44111   0
 145   50044112    0.000000   85.000000   6   5  44112   0
 146   50044113    0.000000  110.000000   6   5  44113   0
 147   50044114    0.000000  170.000000   6   5  44114   0
 148   50045097    0.000000  150.000000   6   5  45097   0
 149   51045097    0.000000  150.000000   6   5  45097   1
 150   50045098    0.000000  140.000000   6   5  45098   0
 151   51045098    0.000000  140.000000   6   5  45098   1
 152   50045099    0.000000  130.000000   6   5  45099   0
 153   51045099    0.000000  130.000000   6   5  45099   1
 154   50045100    0.000000  120.000000   6   5  45100   0
 155   51045100    0.000000  120.000000   6   5  45100   1
 156   50045101    0.000000  110.000000   6   5  45101   0
 157   51045101    0.000000  110.000000   6   5  45101   1
 158   50045102    0.000000   95.000000   6   5  45102   0
 159   51045102    0.000000   95.000000   6   5  45102   1
 160   50045103    0.000000   85.000000   6   5  45103   0
 161   51045103    0.000000   85.000000   6   5  45103   1
 162   50045104    0.000000   72.000000   6   5  45104   0
 163   51045104    0.000000   72.000000   6   5  45104   1
 164   50045105    0.000000   60.000000   6   5  45105   0
 165   51045105    0.000000   60.000000   6   5  45105   1
 166   50045106    0.000000   52.000000   6   5  45106   0
 167   51045106    0.000000   52.000000   6   5  45106   1
 168   50045107    0.000000   44.000000   6   5  45107   0
 169   50045108    0.000000   34.000000   6   5  45108   0
 170   50045109    0.000000   26.000000   6   5  45109   0
 171   50045110    0.000000   40.000000   6   5  45110   0
 172   50045111    0.000000   44.000000   6   5  45111   0
 173   50045112    0.000000   58.000000   6   5  45112   0
 174   50045113    0.000000   66.000000   6   5  45113   0
 175   50045114    0.000000   76.000000   6   5  45114   0
 176   50045115    0.000000  110.000000   6   5  45115   0
 177   50046098    0.000000  170.000000   6   5  46098   0
 178   50046099    0.000000  150.000000   6   5  46099   0
 179   50046100    0.000000  130.000000   6   5  46100   0
 180   50046101    0.000000  120.000000   6   5  46101   0
 181   50046102    0.000000  110.000000   6   5  46102   0
 182   50046103    0.000000   95.000000   6   5  46103   0
 183   50046104    0.000000   85.000000   6   5  46104   0
 184   50046105    0.000000   76.000000   6   5  46105   0
 185   50046106    0.000000   66.000000   6   5  46106   0
 186   50046107    0.000000   58.000000   6   5  46107   0
 187   51046107    0.000000   58.000000   6   5  46107   1
 188   50046108    0.000000   48.000000   6   5  46108   0
 189   50046109    0.000000   42.000000   6   5  46109   0
 190   51046109    0.000000   42.000000   6   5  46109   1
 191   50046110    0.000000   32.000000   6   5  46110   0
 192   50046111    0.000000   32.000000   6   5  46111   0
 193   51046111    0.000000   32.000000   6   5  46111   1
 194   50046112    0.000000   25.000000   6   5  46112   0
 195   50046113    0.000000   40.000000   6   5  46113   0
 196   51046113    0.000000   40.000000   6   5  46113   1
 197   50046114    0.000000   42.000000   6   5  46114   0
 198   50046115    0.000000   58.000000   6   5  46115   0
 199   51046115    0.000000   58.000000   6   5  46115   1
 200   50046116    0.000000   66.000000   6   5  46116   0
 201   50047099    0.000000  170.000000   6   5  47099   0
 202   51047099    0.000000  170.000000   6   5  47099   1
 203   50047100    0.000000  160.000000   6   5  47100   0
 204   51047100    0.000000  160.000000   6   5  47100   1
 205   50047101    0.000000  140.000000   6   5  47101   0
 206   51047101    0.000000  150.000000   6   5  47101   1
 207   50047102    0.000000  130.000000   6   5  47102   0
 208   51047102    0.000000  130.000000   6   5  47102   1
 209   50047103    0.000000  120.000000   6   5  47103   0
 210   51047103    0.000000  120.000000   6   5  47103   1
 211   50047104    0.000000  100.000000   6   5  47104   0
 212   51047104    0.000000  100.000000   6   5  47104   1
 213   50047105    0.000000   90.000000   6   5  47105   0
 214   51047105    0.000000   90.000000   6   5  47105   1
 215   50047106    0.000000   76.000000   6   5  47106   0
 216   51047106    0.000000   76.000000   6   5  47106   1
 217   50047107    0.000000   66.000000   6   5  47107   0
 218   51047107    0.000000   66.000000   6   5  47107   1
 219   50047108    0.000000   56.000000   6   5  47108   0
 220   51047108    0.000000   56.000000   6   5  47108   1
 221   50047109    0.000000   46.000000   6   5  47109   0
 222   51047109    0.000000   46.000000   6   5  47109   1
 223   50047110    0.000000   38.000000   6   5  47110   0
 224   51047110    0.000000   38.000000   6   5  47110   1
 225   50047111    0.000000   29.000000   6   5  47111   0
 226   51047111    0.000000   29.000000   6   5  47111   1
 227   50047112    0.000000   22.000000   6   5  47112   0
 228   50047113    0.000000   13.500000   6   5  47113   0
 229   51047113    0.000000   13.500000   6   5  47113   1
 230   50047114    0.000000   28.000000   6   5  47114   0
 231   50047115    0.000000   28.000000   6   5  47115   0
 232   51047115    0.000000   28.000000   6   5  47115   1
 233   50047116    0.000000   42.000000   6   5  47116   0
 234   51047116    0.000000   42.000000   6   5  47116   1
 235   50047117    0.000000   42.000000   6   5  47117   0
 236   51047117    0.000000   42.000000   6   5  47117   1
 237   50048100    0.000000  190.000000   6   5  48100   0
 238   50048101    0.000000  170.000000   6   5  48101   0
 239   50048102    0.000000  150.000000   6   5  48102   0
 240   50048103    0.000000  140.000000   6   5  48103   0
 241   50048104    0.000000  120.000000   6   5  48104   0
 242   50048105    0.000000  110.000000   6   5  48105   0
 243   50048106    0.000000   95.000000   6   5  48106   0
 244   50048107    0.000000   90.000000   6   5  48107   0
 245   50048108    0.000000   74.000000   6   5  48108   0
 246   50048109    0.000000   66.000000   6   5  48109   0
 247   50048110    0.000000   56.000000   6   5  48110   0
 248   50048111    0.000000   48.000000   6   5  48111   0
 249   51048111    0.000000   48.000000   6   5  48111   1
 250   50048112    0.000000   38.000000   6   5  48112   0
 251   50048113    0.000000   30.000000   6   5  48113   0
 252   51048113    0.000000   30.000000   6   5  48113   1
 253   50048114    0.000000   21.000000   6   5  48114   0
 254   50048115    0.000000   21.000000   6   5  48115   0
 255   51048115    0.000000   21.000000   6   5  48115   1
 256   50048116    0.000000   13.500000   6   5  48116   0
 257   50048117    0.000000   28.000000   6   5  48117   0
 258   51048117    0.000000   28.000000   6   5  48117   1
 259   50048118    0.000000   28.000000   6   5  48118   0
 260   50049102    0.000000  180.000000   6   5  49102   0
 261   50049103    0.000000  160.000000   6   5  49103   0
 262   51049103    0.000000  160.000000   6   5  49103   1
 263   50049104    0.000000  150.000000   6   5  49104   0
 264   51049104    0.000000  150.000000   6   5  49104   1
 265   50049105    0.000000  130.000000   6   5  49105   0
 266   51049105    0.000000  130.000000   6   5  49105   1
 267   50049106    0.000000  120.000000   6   5  49106   0
 268   51049106    0.000000  120.000000   6   5  49106   1
 269   50049107    0.000000  100.000000   6   5  49107   0
 270   51049107    0.000000  100.000000   6   5  49107   1
 271   50049108    0.000000   90.000000   6   5  49108   0
 272   51049108    0.000000   90.000000   6   5  49108   1
 273   50049109    0.000000   76.000000   6   5  49109   0
 274   51049109    0.000000   76.000000   6   5  49109   1
 275   50049110    0.000000   68.000000   6   5  49110   0
 276   51049110    0.000000   68.000000   6   5  49110   1
 277   50049111    0.000000   56.000000   6   5  49111   0
 278   51049111    0.000000   58.000000   6   5  49111   1
 279   50049112    0.000000   48.000000   6   5  49112   0
 280   51049112    0.000000   48.000000   6   5  49112   1
 281   50049113    0.000000   38.000000   6   5  49113   0
 282   51049113    0.000000   38.000000   6   5  49113   1
 283   50049114    0.000000   30.000000   6   5  49114   0
 284   51049114    0.000000   30.000000   6   5  49114   1
 285   50049115    0.000000   21.000000   6   5  49115   0
 286   51049115    0.000000   21.000000   6   5  49115   1
 287   50049116    0.000000   13.500000   6   5  49116   0
 288   51049116    0.000000   13.500000   6   5  49116   1
 289   52049116    0.000000   13.500000   6   5  49116   2
 290   50049117    0.000000    4.500000   6   5  49117   0
 291   51049117    0.000000    5.000000   6   5  49117   1
 292   50049118    0.000000   18.500000   6   5  49118   0
 293   51049118    0.000000   18.500000   6   5  49118   1
 294   50049119    0.000000   17.500000   6   5  49119   0
 295   51049119    0.000000   18.000000   6   5  49119   1
 296   50050104    0.000000  180.000000   6   5  50104   0
 297   50050105    0.000000  160.000000   6   5  50105   0
 298   50050106    0.000000  140.000000   6   5  50106   0
 299   50050107    0.000000  130.000000   6   5  50107   0
 300   50050108    0.000000  120.000000   6   5  50108   0
 301   50050109    0.000000  110.000000   6   5  50109   0
 302   50050110    0.000000   90.000000   6   5  50110   0
 303   50050111    0.000000   80.000000   6   5  50111   0
 304   50050112    0.000000   68.000000   6   5  50112   0
 305   50050113    0.000000   60.000000   6   5  50113   0
 306   51050113    0.000000   60.000000   6   5  50113   1
 307   50050114    0.000000   48.000000   6   5  50114   0
 308   50050115    0.000000   40.000000   6   5  50115   0
 309   50050116    0.000000   30.000000   6   5  50116   0
 310   50050117    0.000000   23.000000   6   5  50117   0
 311   51050117    0.000000   23.000000   6   5  50117   1
 312   50050118    0.000000   13.500000   6   5  50118   0
 313   50050119    0.000000   13.000000   6   5  50119   0
 314   51050119    0.000000   13.500000   6   5  50119   1
 315   50050120    0.000000    6.000000   6   5  50120   0
 316   50051107    0.000000  170.000000   6   5  51107   0
 317   50051108    0.000000  140.000000   6   5  51108   0
 318   50051109    0.000000  120.000000   6   5  51109   0
 319   50051110    0.000000  110.000000   6   5  51110   0
 320   50051111    0.000000  100.000000   6   5  51111   0
 321   50051112    0.000000   85.000000   6   5  51112   0
 322   50051113    0.000000   74.000000   6   5  51113   0
 323   50051114    0.000000   66.000000   6   5  51114   0
 324   50051115    0.000000   54.000000   6   5  51115   0
 325   50051116    0.000000   46.000000   6   5  51116   0
 326   51051116    0.000000   46.000000   6   5  51116   1
 327   50051117    0.000000   34.000000   6   5  51117   0
 328   50051118    0.000000   27.000000   6   5  51118   0
 329   51051118    0.000000   27.000000   6   5  51118   1
 330   50051119    0.000000   16.500000   6   5  51119   0
 331   50051120    0.000000    9.500000   6   5  51120   0
 332   51051120    0.000000    9.500000   6   5  51120   1
 333   50051121    0.000000    1.000000   6   5  51121   0
 
   p   ZAP IP   NR    Tp [MeV]
   1     1  1    1    9.253877
   2     0  2    1    1.000000
   3  1001  9    1    5.790923
   4  1002 31    1   13.000000
   5  1003 32    1   12.897280
   6  2003 33    1   18.500000
   7  2004 34    1    4.500000
--------------------------------------------------------------------------------
 
