 
--------------------------------------------------------------------------------
 51-Sb-123   T= 0.00 K from IAEA/PD-2019       (ACEMAKER)
 ZAID= 51123.38u  MAT=5131  ZA= 51123
 AWR= 121.848400  STA=  0  ELIS=   0.000 MeV  LIS=  0  LISO=  0
--------------------------------------------------------------------------------
 NTOTR= 330 NTRAN=   1 NPROD= 329 NE=     131 EMAX= 200.000 MeV
   i     MT/MTD     Q [MeV]     T [MeV] LMF  MT    ZAP LFS
   1          5    0.000000    1.000000   3   5
   2   50036090    0.000000  160.000000   6   5  36090   0
   3   50036091    0.000000  160.000000   6   5  36091   0
   4   50036092    0.000000  160.000000   6   5  36092   0
   5   50036093    0.000000  160.000000   6   5  36093   0
   6   50036094    0.000000  160.000000   6   5  36094   0
   7   50036095    0.000000  180.000000   6   5  36095   0
   8   50036096    0.000000  180.000000   6   5  36096   0
   9   50037091    0.000000  150.000000   6   5  37091   0
  10   50037092    0.000000  150.000000   6   5  37092   0
  11   50037093    0.000000  140.000000   6   5  37093   0
  12   50037094    0.000000  140.000000   6   5  37094   0
  13   50037095    0.000000  140.000000   6   5  37095   0
  14   50037096    0.000000  160.000000   6   5  37096   0
  15   50037097    0.000000  160.000000   6   5  37097   0
  16   50037098    0.000000  180.000000   6   5  37098   0
  17   50037099    0.000000  180.000000   6   5  37099   0
  18   50038092    0.000000  150.000000   6   5  38092   0
  19   50038093    0.000000  140.000000   6   5  38093   0
  20   50038094    0.000000  140.000000   6   5  38094   0
  21   50038095    0.000000  130.000000   6   5  38095   0
  22   50038096    0.000000  130.000000   6   5  38096   0
  23   50038097    0.000000  130.000000   6   5  38097   0
  24   50038098    0.000000  130.000000   6   5  38098   0
  25   50038099    0.000000  150.000000   6   5  38099   0
  26   50038100    0.000000  150.000000   6   5  38100   0
  27   50038101    0.000000  180.000000   6   5  38101   0
  28   50038102    0.000000  180.000000   6   5  38102   0
  29   50039093    0.000000  140.000000   6   5  39093   0
  30   51039093    0.000000  140.000000   6   5  39093   1
  31   50039094    0.000000  130.000000   6   5  39094   0
  32   50039095    0.000000  130.000000   6   5  39095   0
  33   50039096    0.000000  120.000000   6   5  39096   0
  34   50039097    0.000000  110.000000   6   5  39097   0
  35   51039097    0.000000  110.000000   6   5  39097   1
  36   50039098    0.000000  110.000000   6   5  39098   0
  37   51039098    0.000000  110.000000   6   5  39098   1
  38   50039099    0.000000  110.000000   6   5  39099   0
  39   50039100    0.000000  130.000000   6   5  39100   0
  40   51039100    0.000000  130.000000   6   5  39100   1
  41   50039101    0.000000  130.000000   6   5  39101   0
  42   50039102    0.000000  150.000000   6   5  39102   0
  43   50039103    0.000000  150.000000   6   5  39103   0
  44   50039104    0.000000  180.000000   6   5  39104   0
  45   50039105    0.000000  180.000000   6   5  39105   0
  46   50040094    0.000000  140.000000   6   5  40094   0
  47   50040095    0.000000  130.000000   6   5  40095   0
  48   50040096    0.000000  130.000000   6   5  40096   0
  49   50040097    0.000000  120.000000   6   5  40097   0
  50   50040098    0.000000  110.000000   6   5  40098   0
  51   50040099    0.000000  110.000000   6   5  40099   0
  52   50040100    0.000000  110.000000   6   5  40100   0
  53   50040101    0.000000  110.000000   6   5  40101   0
  54   50040102    0.000000  110.000000   6   5  40102   0
  55   50040103    0.000000  120.000000   6   5  40103   0
  56   50040104    0.000000  120.000000   6   5  40104   0
  57   50040105    0.000000  150.000000   6   5  40105   0
  58   50040106    0.000000  150.000000   6   5  40106   0
  59   50040107    0.000000  180.000000   6   5  40107   0
  60   50040108    0.000000  190.000000   6   5  40108   0
  61   50041095    0.000000  140.000000   6   5  41095   0
  62   51041095    0.000000  140.000000   6   5  41095   1
  63   50041096    0.000000  130.000000   6   5  41096   0
  64   50041097    0.000000  120.000000   6   5  41097   0
  65   51041097    0.000000  120.000000   6   5  41097   1
  66   50041098    0.000000  110.000000   6   5  41098   0
  67   51041098    0.000000  110.000000   6   5  41098   1
  68   50041099    0.000000  100.000000   6   5  41099   0
  69   51041099    0.000000  100.000000   6   5  41099   1
  70   50041100    0.000000   95.000000   6   5  41100   0
  71   51041100    0.000000   95.000000   6   5  41100   1
  72   50041101    0.000000   85.000000   6   5  41101   0
  73   50041102    0.000000   85.000000   6   5  41102   0
  74   51041102    0.000000   85.000000   6   5  41102   1
  75   50041103    0.000000   85.000000   6   5  41103   0
  76   50041104    0.000000   85.000000   6   5  41104   0
  77   50041105    0.000000   95.000000   6   5  41105   0
  78   50041106    0.000000  120.000000   6   5  41106   0
  79   50041107    0.000000  120.000000   6   5  41107   0
  80   50041108    0.000000  150.000000   6   5  41108   0
  81   50041109    0.000000  150.000000   6   5  41109   0
  82   50041110    0.000000  190.000000   6   5  41110   0
  83   50042096    0.000000  140.000000   6   5  42096   0
  84   50042097    0.000000  130.000000   6   5  42097   0
  85   50042098    0.000000  120.000000   6   5  42098   0
  86   50042099    0.000000  110.000000   6   5  42099   0
  87   50042100    0.000000  100.000000   6   5  42100   0
  88   50042101    0.000000   95.000000   6   5  42101   0
  89   50042102    0.000000   85.000000   6   5  42102   0
  90   50042103    0.000000   85.000000   6   5  42103   0
  91   50042104    0.000000   80.000000   6   5  42104   0
  92   50042105    0.000000   76.000000   6   5  42105   0
  93   50042106    0.000000   78.000000   6   5  42106   0
  94   50042107    0.000000   80.000000   6   5  42107   0
  95   50042108    0.000000   90.000000   6   5  42108   0
  96   50042109    0.000000  110.000000   6   5  42109   0
  97   50042110    0.000000  120.000000   6   5  42110   0
  98   50042111    0.000000  150.000000   6   5  42111   0
  99   50042112    0.000000  160.000000   6   5  42112   0
 100   50043097    0.000000  150.000000   6   5  43097   0
 101   51043097    0.000000  150.000000   6   5  43097   1
 102   50043098    0.000000  140.000000   6   5  43098   0
 103   50043099    0.000000  120.000000   6   5  43099   0
 104   51043099    0.000000  120.000000   6   5  43099   1
 105   50043100    0.000000  110.000000   6   5  43100   0
 106   50043101    0.000000  100.000000   6   5  43101   0
 107   50043102    0.000000   90.000000   6   5  43102   0
 108   51043102    0.000000   90.000000   6   5  43102   1
 109   50043103    0.000000   80.000000   6   5  43103   0
 110   50043104    0.000000   70.000000   6   5  43104   0
 111   50043105    0.000000   64.000000   6   5  43105   0
 112   50043106    0.000000   58.000000   6   5  43106   0
 113   50043107    0.000000   54.000000   6   5  43107   0
 114   50043108    0.000000   64.000000   6   5  43108   0
 115   50043109    0.000000   74.000000   6   5  43109   0
 116   50043110    0.000000   80.000000   6   5  43110   0
 117   50043111    0.000000   90.000000   6   5  43111   0
 118   50043112    0.000000  120.000000   6   5  43112   0
 119   50043113    0.000000  120.000000   6   5  43113   0
 120   50043114    0.000000  160.000000   6   5  43114   0
 121   50044098    0.000000  150.000000   6   5  44098   0
 122   50044099    0.000000  140.000000   6   5  44099   0
 123   50044100    0.000000  120.000000   6   5  44100   0
 124   50044101    0.000000  110.000000   6   5  44101   0
 125   50044102    0.000000  100.000000   6   5  44102   0
 126   50044103    0.000000   90.000000   6   5  44103   0
 127   50044104    0.000000   80.000000   6   5  44104   0
 128   50044105    0.000000   74.000000   6   5  44105   0
 129   50044106    0.000000   64.000000   6   5  44106   0
 130   50044107    0.000000   58.000000   6   5  44107   0
 131   50044108    0.000000   54.000000   6   5  44108   0
 132   50044109    0.000000   54.000000   6   5  44109   0
 133   50044110    0.000000   50.000000   6   5  44110   0
 134   50044111    0.000000   62.000000   6   5  44111   0
 135   50044112    0.000000   72.000000   6   5  44112   0
 136   50044113    0.000000   80.000000   6   5  44113   0
 137   50044114    0.000000   90.000000   6   5  44114   0
 138   50044115    0.000000  120.000000   6   5  44115   0
 139   50045099    0.000000  150.000000   6   5  45099   0
 140   51045099    0.000000  150.000000   6   5  45099   1
 141   50045100    0.000000  140.000000   6   5  45100   0
 142   51045100    0.000000  140.000000   6   5  45100   1
 143   50045101    0.000000  130.000000   6   5  45101   0
 144   51045101    0.000000  130.000000   6   5  45101   1
 145   50045102    0.000000  120.000000   6   5  45102   0
 146   51045102    0.000000  120.000000   6   5  45102   1
 147   50045103    0.000000  110.000000   6   5  45103   0
 148   51045103    0.000000  110.000000   6   5  45103   1
 149   50045104    0.000000   95.000000   6   5  45104   0
 150   51045104    0.000000   95.000000   6   5  45104   1
 151   50045105    0.000000   80.000000   6   5  45105   0
 152   51045105    0.000000   80.000000   6   5  45105   1
 153   50045106    0.000000   72.000000   6   5  45106   0
 154   51045106    0.000000   72.000000   6   5  45106   1
 155   50045107    0.000000   62.000000   6   5  45107   0
 156   50045108    0.000000   52.000000   6   5  45108   0
 157   50045109    0.000000   44.000000   6   5  45109   0
 158   50045110    0.000000   38.000000   6   5  45110   0
 159   50045111    0.000000   30.000000   6   5  45111   0
 160   50045112    0.000000   44.000000   6   5  45112   0
 161   50045113    0.000000   46.000000   6   5  45113   0
 162   50045114    0.000000   62.000000   6   5  45114   0
 163   50045115    0.000000   66.000000   6   5  45115   0
 164   50045116    0.000000   80.000000   6   5  45116   0
 165   51045116    0.000000   80.000000   6   5  45116   1
 166   50045117    0.000000  120.000000   6   5  45117   0
 167   50046100    0.000000  160.000000   6   5  46100   0
 168   50046101    0.000000  140.000000   6   5  46101   0
 169   50046102    0.000000  130.000000   6   5  46102   0
 170   50046103    0.000000  120.000000   6   5  46103   0
 171   50046104    0.000000  110.000000   6   5  46104   0
 172   50046105    0.000000   95.000000   6   5  46105   0
 173   50046106    0.000000   85.000000   6   5  46106   0
 174   50046107    0.000000   76.000000   6   5  46107   0
 175   51046107    0.000000   76.000000   6   5  46107   1
 176   50046108    0.000000   66.000000   6   5  46108   0
 177   50046109    0.000000   58.000000   6   5  46109   0
 178   51046109    0.000000   58.000000   6   5  46109   1
 179   50046110    0.000000   50.000000   6   5  46110   0
 180   50046111    0.000000   42.000000   6   5  46111   0
 181   51046111    0.000000   42.000000   6   5  46111   1
 182   50046112    0.000000   34.000000   6   5  46112   0
 183   50046113    0.000000   34.000000   6   5  46113   0
 184   51046113    0.000000   34.000000   6   5  46113   1
 185   50046114    0.000000   28.000000   6   5  46114   0
 186   50046115    0.000000   44.000000   6   5  46115   0
 187   51046115    0.000000   44.000000   6   5  46115   1
 188   50046116    0.000000   46.000000   6   5  46116   0
 189   50046117    0.000000   62.000000   6   5  46117   0
 190   50046118    0.000000   66.000000   6   5  46118   0
 191   50047101    0.000000  160.000000   6   5  47101   0
 192   51047101    0.000000  160.000000   6   5  47101   1
 193   50047102    0.000000  150.000000   6   5  47102   0
 194   51047102    0.000000  150.000000   6   5  47102   1
 195   50047103    0.000000  140.000000   6   5  47103   0
 196   51047103    0.000000  140.000000   6   5  47103   1
 197   50047104    0.000000  130.000000   6   5  47104   0
 198   51047104    0.000000  130.000000   6   5  47104   1
 199   50047105    0.000000  110.000000   6   5  47105   0
 200   51047105    0.000000  110.000000   6   5  47105   1
 201   50047106    0.000000  100.000000   6   5  47106   0
 202   51047106    0.000000  100.000000   6   5  47106   1
 203   50047107    0.000000   85.000000   6   5  47107   0
 204   51047107    0.000000   85.000000   6   5  47107   1
 205   50047108    0.000000   74.000000   6   5  47108   0
 206   51047108    0.000000   74.000000   6   5  47108   1
 207   50047109    0.000000   64.000000   6   5  47109   0
 208   51047109    0.000000   64.000000   6   5  47109   1
 209   50047110    0.000000   56.000000   6   5  47110   0
 210   51047110    0.000000   56.000000   6   5  47110   1
 211   50047111    0.000000   46.000000   6   5  47111   0
 212   51047111    0.000000   46.000000   6   5  47111   1
 213   50047112    0.000000   40.000000   6   5  47112   0
 214   50047113    0.000000   30.000000   6   5  47113   0
 215   51047113    0.000000   30.000000   6   5  47113   1
 216   50047114    0.000000   24.000000   6   5  47114   0
 217   50047115    0.000000   15.500000   6   5  47115   0
 218   51047115    0.000000   15.500000   6   5  47115   1
 219   50047116    0.000000   30.000000   6   5  47116   0
 220   51047116    0.000000   30.000000   6   5  47116   1
 221   50047117    0.000000   30.000000   6   5  47117   0
 222   51047117    0.000000   30.000000   6   5  47117   1
 223   50047118    0.000000   46.000000   6   5  47118   0
 224   50047119    0.000000   46.000000   6   5  47119   0
 225   51047119    0.000000   46.000000   6   5  47119   1
 226   50048102    0.000000  180.000000   6   5  48102   0
 227   50048103    0.000000  160.000000   6   5  48103   0
 228   50048104    0.000000  140.000000   6   5  48104   0
 229   50048105    0.000000  130.000000   6   5  48105   0
 230   50048106    0.000000  120.000000   6   5  48106   0
 231   50048107    0.000000  110.000000   6   5  48107   0
 232   50048108    0.000000   95.000000   6   5  48108   0
 233   50048109    0.000000   85.000000   6   5  48109   0
 234   50048110    0.000000   74.000000   6   5  48110   0
 235   50048111    0.000000   64.000000   6   5  48111   0
 236   51048111    0.000000   66.000000   6   5  48111   1
 237   50048112    0.000000   54.000000   6   5  48112   0
 238   50048113    0.000000   48.000000   6   5  48113   0
 239   51048113    0.000000   48.000000   6   5  48113   1
 240   50048114    0.000000   38.000000   6   5  48114   0
 241   50048115    0.000000   32.000000   6   5  48115   0
 242   51048115    0.000000   32.000000   6   5  48115   1
 243   50048116    0.000000   22.000000   6   5  48116   0
 244   50048117    0.000000   22.000000   6   5  48117   0
 245   51048117    0.000000   22.000000   6   5  48117   1
 246   50048118    0.000000   15.500000   6   5  48118   0
 247   50048119    0.000000   32.000000   6   5  48119   0
 248   51048119    0.000000   32.000000   6   5  48119   1
 249   50048120    0.000000   30.000000   6   5  48120   0
 250   50049103    0.000000  180.000000   6   5  49103   0
 251   51049103    0.000000  180.000000   6   5  49103   1
 252   50049104    0.000000  170.000000   6   5  49104   0
 253   51049104    0.000000  170.000000   6   5  49104   1
 254   50049105    0.000000  160.000000   6   5  49105   0
 255   51049105    0.000000  160.000000   6   5  49105   1
 256   50049106    0.000000  140.000000   6   5  49106   0
 257   51049106    0.000000  140.000000   6   5  49106   1
 258   50049107    0.000000  130.000000   6   5  49107   0
 259   51049107    0.000000  130.000000   6   5  49107   1
 260   50049108    0.000000  110.000000   6   5  49108   0
 261   51049108    0.000000  110.000000   6   5  49108   1
 262   50049109    0.000000  100.000000   6   5  49109   0
 263   51049109    0.000000  100.000000   6   5  49109   1
 264   50049110    0.000000   85.000000   6   5  49110   0
 265   51049110    0.000000   85.000000   6   5  49110   1
 266   50049111    0.000000   74.000000   6   5  49111   0
 267   51049111    0.000000   74.000000   6   5  49111   1
 268   50049112    0.000000   66.000000   6   5  49112   0
 269   51049112    0.000000   66.000000   6   5  49112   1
 270   50049113    0.000000   56.000000   6   5  49113   0
 271   51049113    0.000000   56.000000   6   5  49113   1
 272   50049114    0.000000   48.000000   6   5  49114   0
 273   51049114    0.000000   48.000000   6   5  49114   1
 274   50049115    0.000000   38.000000   6   5  49115   0
 275   51049115    0.000000   38.000000   6   5  49115   1
 276   50049116    0.000000   30.000000   6   5  49116   0
 277   51049116    0.000000   30.000000   6   5  49116   1
 278   52049116    0.000000   30.000000   6   5  49116   2
 279   50049117    0.000000   21.000000   6   5  49117   0
 280   51049117    0.000000   21.000000   6   5  49117   1
 281   50049118    0.000000   14.000000   6   5  49118   0
 282   51049118    0.000000   14.000000   6   5  49118   1
 283   50049119    0.000000    5.500000   6   5  49119   0
 284   51049119    0.000000    5.500000   6   5  49119   1
 285   50049120    0.000000   20.000000   6   5  49120   0
 286   51049120    0.000000   20.000000   6   5  49120   1
 287   50049121    0.000000   19.000000   6   5  49121   0
 288   51049121    0.000000   19.500000   6   5  49121   1
 289   50050105    0.000000  180.000000   6   5  50105   0
 290   50050106    0.000000  160.000000   6   5  50106   0
 291   50050107    0.000000  150.000000   6   5  50107   0
 292   50050108    0.000000  130.000000   6   5  50108   0
 293   50050109    0.000000  120.000000   6   5  50109   0
 294   50050110    0.000000  110.000000   6   5  50110   0
 295   50050111    0.000000  100.000000   6   5  50111   0
 296   50050112    0.000000   85.000000   6   5  50112   0
 297   50050113    0.000000   76.000000   6   5  50113   0
 298   51050113    0.000000   76.000000   6   5  50113   1
 299   50050114    0.000000   66.000000   6   5  50114   0
 300   50050115    0.000000   58.000000   6   5  50115   0
 301   50050116    0.000000   48.000000   6   5  50116   0
 302   50050117    0.000000   40.000000   6   5  50117   0
 303   51050117    0.000000   40.000000   6   5  50117   1
 304   50050118    0.000000   30.000000   6   5  50118   0
 305   50050119    0.000000   23.000000   6   5  50119   0
 306   51050119    0.000000   23.000000   6   5  50119   1
 307   50050120    0.000000   13.500000   6   5  50120   0
 308   50050121    0.000000   13.500000   6   5  50121   0
 309   51050121    0.000000   13.500000   6   5  50121   1
 310   50050122    0.000000    7.000000   6   5  50122   0
 311   50051108    0.000000  170.000000   6   5  51108   0
 312   50051109    0.000000  150.000000   6   5  51109   0
 313   50051110    0.000000  130.000000   6   5  51110   0
 314   50051111    0.000000  120.000000   6   5  51111   0
 315   50051112    0.000000  110.000000   6   5  51112   0
 316   50051113    0.000000   95.000000   6   5  51113   0
 317   50051114    0.000000   85.000000   6   5  51114   0
 318   50051115    0.000000   70.000000   6   5  51115   0
 319   50051116    0.000000   62.000000   6   5  51116   0
 320   51051116    0.000000   62.000000   6   5  51116   1
 321   50051117    0.000000   52.000000   6   5  51117   0
 322   50051118    0.000000   44.000000   6   5  51118   0
 323   51051118    0.000000   44.000000   6   5  51118   1
 324   50051119    0.000000   34.000000   6   5  51119   0
 325   50051120    0.000000   26.000000   6   5  51120   0
 326   51051120    0.000000   26.000000   6   5  51120   1
 327   50051121    0.000000   16.000000   6   5  51121   0
 328   50051122    0.000000    9.000000   6   5  51122   0
 329   51051122    0.000000    9.500000   6   5  51122   1
 330   50051123    0.000000    1.000000   6   5  51123   0
 
   p   ZAP IP   NR    Tp [MeV]
   1     1  1    1    8.960016
   2     0  2    1    1.000000
   3  1001  9    1    6.571707
   4  1002 31    1   13.500000
   5  1003 32    1   13.500000
   6  2003 33    1   20.000000
   7  2004 34    1    5.000000
--------------------------------------------------------------------------------
 
