 
--------------------------------------------------------------------------------
 52-Te-130   T= 0.00 K from IAEA/PD-2019       (ACEMAKER)
 ZAID= 52130.38u  MAT=5255  ZA= 52130
 AWR= 128.790300  STA=  0  ELIS=   0.000 MeV  LIS=  0  LISO=  0
--------------------------------------------------------------------------------
 NTOTR= 318 NTRAN=   1 NPROD= 317 NE=     131 EMAX= 200.000 MeV
   i     MT/MTD     Q [MeV]     T [MeV] LMF  MT    ZAP LFS
   1          5    0.000000    1.000000   3   5
   2   50037097    0.000000  190.000000   6   5  37097   0
   3   50037098    0.000000  190.000000   6   5  37098   0
   4   50037099    0.000000  190.000000   6   5  37099   0
   5   50037100    0.000000  190.000000   6   5  37100   0
   6   50038098    0.000000  160.000000   6   5  38098   0
   7   50038099    0.000000  160.000000   6   5  38099   0
   8   50038100    0.000000  160.000000   6   5  38100   0
   9   50038101    0.000000  160.000000   6   5  38101   0
  10   50038102    0.000000  160.000000   6   5  38102   0
  11   50038103    0.000000  180.000000   6   5  38103   0
  12   50038104    0.000000  180.000000   6   5  38104   0
  13   50039099    0.000000  160.000000   6   5  39099   0
  14   50039100    0.000000  160.000000   6   5  39100   0
  15   51039100    0.000000  160.000000   6   5  39100   1
  16   50039101    0.000000  160.000000   6   5  39101   0
  17   50039102    0.000000  160.000000   6   5  39102   0
  18   50039103    0.000000  160.000000   6   5  39103   0
  19   50039104    0.000000  160.000000   6   5  39104   0
  20   50039105    0.000000  160.000000   6   5  39105   0
  21   50039106    0.000000  180.000000   6   5  39106   0
  22   50039107    0.000000  180.000000   6   5  39107   0
  23   50040100    0.000000  150.000000   6   5  40100   0
  24   50040101    0.000000  140.000000   6   5  40101   0
  25   50040102    0.000000  130.000000   6   5  40102   0
  26   50040103    0.000000  130.000000   6   5  40103   0
  27   50040104    0.000000  130.000000   6   5  40104   0
  28   50040105    0.000000  130.000000   6   5  40105   0
  29   50040106    0.000000  130.000000   6   5  40106   0
  30   50040107    0.000000  150.000000   6   5  40107   0
  31   50040108    0.000000  150.000000   6   5  40108   0
  32   50040109    0.000000  180.000000   6   5  40109   0
  33   50040110    0.000000  180.000000   6   5  40110   0
  34   50041101    0.000000  150.000000   6   5  41101   0
  35   50041102    0.000000  140.000000   6   5  41102   0
  36   51041102    0.000000  140.000000   6   5  41102   1
  37   50041103    0.000000  130.000000   6   5  41103   0
  38   50041104    0.000000  130.000000   6   5  41104   0
  39   50041105    0.000000  130.000000   6   5  41105   0
  40   50041106    0.000000  130.000000   6   5  41106   0
  41   50041107    0.000000  130.000000   6   5  41107   0
  42   50041108    0.000000  130.000000   6   5  41108   0
  43   50041109    0.000000  130.000000   6   5  41109   0
  44   50041110    0.000000  150.000000   6   5  41110   0
  45   50041111    0.000000  150.000000   6   5  41111   0
  46   50041112    0.000000  180.000000   6   5  41112   0
  47   50041113    0.000000  180.000000   6   5  41113   0
  48   50042102    0.000000  140.000000   6   5  42102   0
  49   50042103    0.000000  130.000000   6   5  42103   0
  50   50042104    0.000000  120.000000   6   5  42104   0
  51   50042105    0.000000  120.000000   6   5  42105   0
  52   50042106    0.000000  110.000000   6   5  42106   0
  53   50042107    0.000000  100.000000   6   5  42107   0
  54   50042108    0.000000  100.000000   6   5  42108   0
  55   50042109    0.000000  100.000000   6   5  42109   0
  56   50042110    0.000000  100.000000   6   5  42110   0
  57   50042111    0.000000  110.000000   6   5  42111   0
  58   50042112    0.000000  110.000000   6   5  42112   0
  59   50042113    0.000000  140.000000   6   5  42113   0
  60   50042114    0.000000  140.000000   6   5  42114   0
  61   50042115    0.000000  180.000000   6   5  42115   0
  62   50042116    0.000000  190.000000   6   5  42116   0
  63   50043103    0.000000  140.000000   6   5  43103   0
  64   50043104    0.000000  130.000000   6   5  43104   0
  65   50043105    0.000000  120.000000   6   5  43105   0
  66   50043106    0.000000  120.000000   6   5  43106   0
  67   50043107    0.000000  110.000000   6   5  43107   0
  68   50043108    0.000000  100.000000   6   5  43108   0
  69   50043109    0.000000  100.000000   6   5  43109   0
  70   50043110    0.000000   95.000000   6   5  43110   0
  71   50043111    0.000000   95.000000   6   5  43111   0
  72   50043112    0.000000   95.000000   6   5  43112   0
  73   50043113    0.000000   95.000000   6   5  43113   0
  74   50043114    0.000000  100.000000   6   5  43114   0
  75   50043115    0.000000  110.000000   6   5  43115   0
  76   50043116    0.000000  140.000000   6   5  43116   0
  77   50043117    0.000000  150.000000   6   5  43117   0
  78   50043118    0.000000  190.000000   6   5  43118   0
  79   50044104    0.000000  140.000000   6   5  44104   0
  80   50044105    0.000000  130.000000   6   5  44105   0
  81   50044106    0.000000  120.000000   6   5  44106   0
  82   50044107    0.000000  110.000000   6   5  44107   0
  83   50044108    0.000000  100.000000   6   5  44108   0
  84   50044109    0.000000   95.000000   6   5  44109   0
  85   50044110    0.000000   85.000000   6   5  44110   0
  86   50044111    0.000000   78.000000   6   5  44111   0
  87   50044112    0.000000   72.000000   6   5  44112   0
  88   50044113    0.000000   68.000000   6   5  44113   0
  89   50044114    0.000000   66.000000   6   5  44114   0
  90   50044115    0.000000   74.000000   6   5  44115   0
  91   50044116    0.000000   85.000000   6   5  44116   0
  92   50044117    0.000000   95.000000   6   5  44117   0
  93   50044118    0.000000  110.000000   6   5  44118   0
  94   50044119    0.000000  150.000000   6   5  44119   0
  95   50044120    0.000000  150.000000   6   5  44120   0
  96   50045105    0.000000  140.000000   6   5  45105   0
  97   51045105    0.000000  140.000000   6   5  45105   1
  98   50045106    0.000000  130.000000   6   5  45106   0
  99   51045106    0.000000  130.000000   6   5  45106   1
 100   50045107    0.000000  120.000000   6   5  45107   0
 101   50045108    0.000000  110.000000   6   5  45108   0
 102   50045109    0.000000  100.000000   6   5  45109   0
 103   50045110    0.000000   95.000000   6   5  45110   0
 104   50045111    0.000000   85.000000   6   5  45111   0
 105   50045112    0.000000   78.000000   6   5  45112   0
 106   50045113    0.000000   72.000000   6   5  45113   0
 107   50045114    0.000000   68.000000   6   5  45114   0
 108   50045115    0.000000   58.000000   6   5  45115   0
 109   50045116    0.000000   62.000000   6   5  45116   0
 110   51045116    0.000000   62.000000   6   5  45116   1
 111   50045117    0.000000   60.000000   6   5  45117   0
 112   50045118    0.000000   74.000000   6   5  45118   0
 113   50045119    0.000000   85.000000   6   5  45119   0
 114   50045120    0.000000   95.000000   6   5  45120   0
 115   50045121    0.000000  110.000000   6   5  45121   0
 116   50045122    0.000000  150.000000   6   5  45122   0
 117   50046106    0.000000  140.000000   6   5  46106   0
 118   50046107    0.000000  130.000000   6   5  46107   0
 119   51046107    0.000000  130.000000   6   5  46107   1
 120   50046108    0.000000  120.000000   6   5  46108   0
 121   50046109    0.000000  110.000000   6   5  46109   0
 122   51046109    0.000000  110.000000   6   5  46109   1
 123   50046110    0.000000  100.000000   6   5  46110   0
 124   50046111    0.000000   90.000000   6   5  46111   0
 125   51046111    0.000000   90.000000   6   5  46111   1
 126   50046112    0.000000   80.000000   6   5  46112   0
 127   50046113    0.000000   72.000000   6   5  46113   0
 128   51046113    0.000000   72.000000   6   5  46113   1
 129   50046114    0.000000   62.000000   6   5  46114   0
 130   50046115    0.000000   56.000000   6   5  46115   0
 131   51046115    0.000000   56.000000   6   5  46115   1
 132   50046116    0.000000   48.000000   6   5  46116   0
 133   50046117    0.000000   42.000000   6   5  46117   0
 134   50046118    0.000000   36.000000   6   5  46118   0
 135   50046119    0.000000   52.000000   6   5  46119   0
 136   50046120    0.000000   54.000000   6   5  46120   0
 137   50046121    0.000000   70.000000   6   5  46121   0
 138   50046122    0.000000   85.000000   6   5  46122   0
 139   50046123    0.000000   90.000000   6   5  46123   0
 140   50046124    0.000000  170.000000   6   5  46124   0
 141   50047107    0.000000  150.000000   6   5  47107   0
 142   51047107    0.000000  150.000000   6   5  47107   1
 143   50047108    0.000000  140.000000   6   5  47108   0
 144   51047108    0.000000  140.000000   6   5  47108   1
 145   50047109    0.000000  130.000000   6   5  47109   0
 146   51047109    0.000000  130.000000   6   5  47109   1
 147   50047110    0.000000  120.000000   6   5  47110   0
 148   51047110    0.000000  120.000000   6   5  47110   1
 149   50047111    0.000000  110.000000   6   5  47111   0
 150   51047111    0.000000  110.000000   6   5  47111   1
 151   50047112    0.000000   95.000000   6   5  47112   0
 152   50047113    0.000000   85.000000   6   5  47113   0
 153   51047113    0.000000   85.000000   6   5  47113   1
 154   50047114    0.000000   78.000000   6   5  47114   0
 155   50047115    0.000000   70.000000   6   5  47115   0
 156   51047115    0.000000   70.000000   6   5  47115   1
 157   50047116    0.000000   62.000000   6   5  47116   0
 158   51047116    0.000000   62.000000   6   5  47116   1
 159   50047117    0.000000   54.000000   6   5  47117   0
 160   51047117    0.000000   54.000000   6   5  47117   1
 161   50047118    0.000000   48.000000   6   5  47118   0
 162   50047119    0.000000   40.000000   6   5  47119   0
 163   51047119    0.000000   40.000000   6   5  47119   1
 164   50047120    0.000000   42.000000   6   5  47120   0
 165   50047121    0.000000   36.000000   6   5  47121   0
 166   50047122    0.000000   52.000000   6   5  47122   0
 167   51047122    0.000000   52.000000   6   5  47122   1
 168   50047123    0.000000   54.000000   6   5  47123   0
 169   50047124    0.000000   70.000000   6   5  47124   0
 170   50047125    0.000000   90.000000   6   5  47125   0
 171   50048108    0.000000  150.000000   6   5  48108   0
 172   50048109    0.000000  140.000000   6   5  48109   0
 173   50048110    0.000000  130.000000   6   5  48110   0
 174   50048111    0.000000  120.000000   6   5  48111   0
 175   51048111    0.000000  120.000000   6   5  48111   1
 176   50048112    0.000000  110.000000   6   5  48112   0
 177   50048113    0.000000   95.000000   6   5  48113   0
 178   51048113    0.000000   95.000000   6   5  48113   1
 179   50048114    0.000000   85.000000   6   5  48114   0
 180   50048115    0.000000   72.000000   6   5  48115   0
 181   51048115    0.000000   72.000000   6   5  48115   1
 182   50048116    0.000000   62.000000   6   5  48116   0
 183   50048117    0.000000   56.000000   6   5  48117   0
 184   51048117    0.000000   56.000000   6   5  48117   1
 185   50048118    0.000000   46.000000   6   5  48118   0
 186   50048119    0.000000   40.000000   6   5  48119   0
 187   51048119    0.000000   40.000000   6   5  48119   1
 188   50048120    0.000000   32.000000   6   5  48120   0
 189   50048121    0.000000   27.000000   6   5  48121   0
 190   51048121    0.000000   27.000000   6   5  48121   1
 191   50048122    0.000000   19.000000   6   5  48122   0
 192   50048123    0.000000   34.000000   6   5  48123   0
 193   51048123    0.000000   34.000000   6   5  48123   1
 194   50048124    0.000000   34.000000   6   5  48124   0
 195   50048125    0.000000   50.000000   6   5  48125   0
 196   51048125    0.000000   50.000000   6   5  48125   1
 197   50048126    0.000000   54.000000   6   5  48126   0
 198   50049109    0.000000  160.000000   6   5  49109   0
 199   51049109    0.000000  160.000000   6   5  49109   1
 200   50049110    0.000000  150.000000   6   5  49110   0
 201   51049110    0.000000  150.000000   6   5  49110   1
 202   50049111    0.000000  130.000000   6   5  49111   0
 203   51049111    0.000000  130.000000   6   5  49111   1
 204   50049112    0.000000  120.000000   6   5  49112   0
 205   51049112    0.000000  120.000000   6   5  49112   1
 206   50049113    0.000000  110.000000   6   5  49113   0
 207   51049113    0.000000  110.000000   6   5  49113   1
 208   50049114    0.000000  100.000000   6   5  49114   0
 209   51049114    0.000000  110.000000   6   5  49114   1
 210   50049115    0.000000   90.000000   6   5  49115   0
 211   51049115    0.000000   90.000000   6   5  49115   1
 212   50049116    0.000000   85.000000   6   5  49116   0
 213   51049116    0.000000   85.000000   6   5  49116   1
 214   52049116    0.000000   85.000000   6   5  49116   2
 215   50049117    0.000000   72.000000   6   5  49117   0
 216   51049117    0.000000   72.000000   6   5  49117   1
 217   50049118    0.000000   64.000000   6   5  49118   0
 218   51049118    0.000000   64.000000   6   5  49118   1
 219   50049119    0.000000   56.000000   6   5  49119   0
 220   51049119    0.000000   56.000000   6   5  49119   1
 221   50049120    0.000000   48.000000   6   5  49120   0
 222   51049120    0.000000   50.000000   6   5  49120   1
 223   50049121    0.000000   40.000000   6   5  49121   0
 224   51049121    0.000000   40.000000   6   5  49121   1
 225   50049122    0.000000   34.000000   6   5  49122   0
 226   51049122    0.000000   34.000000   6   5  49122   1
 227   50049123    0.000000   25.000000   6   5  49123   0
 228   51049123    0.000000   26.000000   6   5  49123   1
 229   50049124    0.000000   26.000000   6   5  49124   0
 230   50049125    0.000000   20.000000   6   5  49125   0
 231   51049125    0.000000   21.000000   6   5  49125   1
 232   50049126    0.000000   36.000000   6   5  49126   0
 233   51049126    0.000000   36.000000   6   5  49126   1
 234   50049127    0.000000   36.000000   6   5  49127   0
 235   51049127    0.000000   36.000000   6   5  49127   1
 236   52049127    0.000000   38.000000   6   5  49127   2
 237   50050110    0.000000  160.000000   6   5  50110   0
 238   50050111    0.000000  150.000000   6   5  50111   0
 239   50050112    0.000000  140.000000   6   5  50112   0
 240   50050113    0.000000  130.000000   6   5  50113   0
 241   51050113    0.000000  130.000000   6   5  50113   1
 242   50050114    0.000000  110.000000   6   5  50114   0
 243   50050115    0.000000  100.000000   6   5  50115   0
 244   50050116    0.000000   90.000000   6   5  50116   0
 245   50050117    0.000000   80.000000   6   5  50117   0
 246   51050117    0.000000   80.000000   6   5  50117   1
 247   50050118    0.000000   68.000000   6   5  50118   0
 248   50050119    0.000000   62.000000   6   5  50119   0
 249   51050119    0.000000   62.000000   6   5  50119   1
 250   50050120    0.000000   52.000000   6   5  50120   0
 251   50050121    0.000000   44.000000   6   5  50121   0
 252   51050121    0.000000   44.000000   6   5  50121   1
 253   50050122    0.000000   36.000000   6   5  50122   0
 254   50050123    0.000000   28.000000   6   5  50123   0
 255   51050123    0.000000   29.000000   6   5  50123   1
 256   50050124    0.000000   19.500000   6   5  50124   0
 257   50050125    0.000000   13.500000   6   5  50125   0
 258   51050125    0.000000   13.500000   6   5  50125   1
 259   50050126    0.000000    5.000000   6   5  50126   0
 260   50050127    0.000000   21.000000   6   5  50127   0
 261   51050127    0.000000   20.000000   6   5  50127   1
 262   50050128    0.000000   19.500000   6   5  50128   0
 263   51050128    0.000000   22.000000   6   5  50128   1
 264   50051111    0.000000  170.000000   6   5  51111   0
 265   50051112    0.000000  160.000000   6   5  51112   0
 266   50051113    0.000000  150.000000   6   5  51113   0
 267   50051114    0.000000  140.000000   6   5  51114   0
 268   50051115    0.000000  130.000000   6   5  51115   0
 269   50051116    0.000000  120.000000   6   5  51116   0
 270   51051116    0.000000  120.000000   6   5  51116   1
 271   50051117    0.000000  110.000000   6   5  51117   0
 272   50051118    0.000000   95.000000   6   5  51118   0
 273   51051118    0.000000   95.000000   6   5  51118   1
 274   50051119    0.000000   85.000000   6   5  51119   0
 275   50051120    0.000000   76.000000   6   5  51120   0
 276   51051120    0.000000   76.000000   6   5  51120   1
 277   50051121    0.000000   64.000000   6   5  51121   0
 278   50051122    0.000000   58.000000   6   5  51122   0
 279   51051122    0.000000   58.000000   6   5  51122   1
 280   50051123    0.000000   48.000000   6   5  51123   0
 281   50051124    0.000000   42.000000   6   5  51124   0
 282   51051124    0.000000   42.000000   6   5  51124   1
 283   52051124    0.000000   42.000000   6   5  51124   2
 284   50051125    0.000000   32.000000   6   5  51125   0
 285   50051126    0.000000   25.000000   6   5  51126   0
 286   51051126    0.000000   25.000000   6   5  51126   1
 287   50051127    0.000000   16.500000   6   5  51127   0
 288   50051128    0.000000   16.500000   6   5  51128   0
 289   51051128    0.000000   16.500000   6   5  51128   1
 290   50051129    0.000000   10.500000   6   5  51129   0
 291   51051129    0.000000   13.000000   6   5  51129   1
 292   50052112    0.000000  180.000000   6   5  52112   0
 293   50052113    0.000000  170.000000   6   5  52113   0
 294   50052114    0.000000  150.000000   6   5  52114   0
 295   50052115    0.000000  140.000000   6   5  52115   0
 296   51052115    0.000000  140.000000   6   5  52115   1
 297   50052116    0.000000  130.000000   6   5  52116   0
 298   50052117    0.000000  120.000000   6   5  52117   0
 299   51052117    0.000000  120.000000   6   5  52117   1
 300   50052118    0.000000  110.000000   6   5  52118   0
 301   50052119    0.000000  100.000000   6   5  52119   0
 302   51052119    0.000000  100.000000   6   5  52119   1
 303   50052120    0.000000   85.000000   6   5  52120   0
 304   50052121    0.000000   76.000000   6   5  52121   0
 305   51052121    0.000000   76.000000   6   5  52121   1
 306   50052122    0.000000   66.000000   6   5  52122   0
 307   50052123    0.000000   58.000000   6   5  52123   0
 308   51052123    0.000000   58.000000   6   5  52123   1
 309   50052124    0.000000   48.000000   6   5  52124   0
 310   50052125    0.000000   40.000000   6   5  52125   0
 311   51052125    0.000000   40.000000   6   5  52125   1
 312   50052126    0.000000   32.000000   6   5  52126   0
 313   50052127    0.000000   24.000000   6   5  52127   0
 314   51052127    0.000000   24.000000   6   5  52127   1
 315   50052128    0.000000   15.000000   6   5  52128   0
 316   50052129    0.000000    8.500000   6   5  52129   0
 317   51052129    0.000000    9.000000   6   5  52129   1
 318   50052130    0.000000    1.000000   6   5  52130   0
 
   p   ZAP IP   NR    Tp [MeV]
   1     1  1    1    8.419459
   2     0  2    1    1.000000
   3  1001  9    1   10.012610
   4  1002 31    1   15.858380
   5  1003 32    1   16.000000
   6  2003 33    1   20.000000
   7  2004 34    1    5.000000
--------------------------------------------------------------------------------
 
