 
--------------------------------------------------------------------------------
 52-Te-120   T= 0.00 K from IAEA/PD-2019       (ACEMAKER)
 ZAID= 52120.38u  MAT=5225  ZA= 52120
 AWR= 118.874000  STA=  0  ELIS=   0.000 MeV  LIS=  0  LISO=  0
--------------------------------------------------------------------------------
 NTOTR= 351 NTRAN=   1 NPROD= 350 NE=     134 EMAX= 200.000 MeV
   i     MT/MTD     Q [MeV]     T [MeV] LMF  MT    ZAP LFS
   1          5    0.000000    1.000000   3   5
   2   50037087    0.000000  130.000000   6   5  37087   0
   3   50037088    0.000000  130.000000   6   5  37088   0
   4   50037089    0.000000  130.000000   6   5  37089   0
   5   50037090    0.000000  130.000000   6   5  37090   0
   6   51037090    0.000000  130.000000   6   5  37090   1
   7   50037091    0.000000  130.000000   6   5  37091   0
   8   50037092    0.000000  140.000000   6   5  37092   0
   9   50037093    0.000000  140.000000   6   5  37093   0
  10   50037094    0.000000  160.000000   6   5  37094   0
  11   50037095    0.000000  170.000000   6   5  37095   0
  12   50037096    0.000000  190.000000   6   5  37096   0
  13   50038088    0.000000  130.000000   6   5  38088   0
  14   50038089    0.000000  120.000000   6   5  38089   0
  15   50038090    0.000000  110.000000   6   5  38090   0
  16   50038091    0.000000  110.000000   6   5  38091   0
  17   50038092    0.000000  110.000000   6   5  38092   0
  18   50038093    0.000000  120.000000   6   5  38093   0
  19   50038094    0.000000  120.000000   6   5  38094   0
  20   50038095    0.000000  140.000000   6   5  38095   0
  21   50038096    0.000000  140.000000   6   5  38096   0
  22   50038097    0.000000  170.000000   6   5  38097   0
  23   50038098    0.000000  170.000000   6   5  38098   0
  24   50039089    0.000000  130.000000   6   5  39089   0
  25   51039089    0.000000  130.000000   6   5  39089   1
  26   50039090    0.000000  120.000000   6   5  39090   0
  27   51039090    0.000000  120.000000   6   5  39090   1
  28   50039091    0.000000  110.000000   6   5  39091   0
  29   51039091    0.000000  110.000000   6   5  39091   1
  30   50039092    0.000000  110.000000   6   5  39092   0
  31   50039093    0.000000  110.000000   6   5  39093   0
  32   51039093    0.000000  110.000000   6   5  39093   1
  33   50039094    0.000000  110.000000   6   5  39094   0
  34   50039095    0.000000  110.000000   6   5  39095   0
  35   50039096    0.000000  120.000000   6   5  39096   0
  36   50039097    0.000000  120.000000   6   5  39097   0
  37   51039097    0.000000  120.000000   6   5  39097   1
  38   50039098    0.000000  140.000000   6   5  39098   0
  39   51039098    0.000000  140.000000   6   5  39098   1
  40   50039099    0.000000  140.000000   6   5  39099   0
  41   50039100    0.000000  170.000000   6   5  39100   0
  42   51039100    0.000000  170.000000   6   5  39100   1
  43   50039101    0.000000  170.000000   6   5  39101   0
  44   50040090    0.000000  130.000000   6   5  40090   0
  45   51040090    0.000000  130.000000   6   5  40090   1
  46   50040091    0.000000  120.000000   6   5  40091   0
  47   50040092    0.000000  110.000000   6   5  40092   0
  48   50040093    0.000000  100.000000   6   5  40093   0
  49   50040094    0.000000   95.000000   6   5  40094   0
  50   50040095    0.000000   85.000000   6   5  40095   0
  51   50040096    0.000000   85.000000   6   5  40096   0
  52   50040097    0.000000   95.000000   6   5  40097   0
  53   50040098    0.000000  100.000000   6   5  40098   0
  54   50040099    0.000000  120.000000   6   5  40099   0
  55   50040100    0.000000  120.000000   6   5  40100   0
  56   50040101    0.000000  140.000000   6   5  40101   0
  57   50040102    0.000000  140.000000   6   5  40102   0
  58   50040103    0.000000  170.000000   6   5  40103   0
  59   50040104    0.000000  170.000000   6   5  40104   0
  60   50041091    0.000000  130.000000   6   5  41091   0
  61   51041091    0.000000  130.000000   6   5  41091   1
  62   50041092    0.000000  120.000000   6   5  41092   0
  63   51041092    0.000000  120.000000   6   5  41092   1
  64   50041093    0.000000  110.000000   6   5  41093   0
  65   51041093    0.000000  110.000000   6   5  41093   1
  66   50041094    0.000000  100.000000   6   5  41094   0
  67   51041094    0.000000  100.000000   6   5  41094   1
  68   50041095    0.000000   95.000000   6   5  41095   0
  69   51041095    0.000000   95.000000   6   5  41095   1
  70   50041096    0.000000   85.000000   6   5  41096   0
  71   50041097    0.000000   85.000000   6   5  41097   0
  72   51041097    0.000000   85.000000   6   5  41097   1
  73   50041098    0.000000   85.000000   6   5  41098   0
  74   51041098    0.000000   85.000000   6   5  41098   1
  75   50041099    0.000000   85.000000   6   5  41099   0
  76   51041099    0.000000   85.000000   6   5  41099   1
  77   50041100    0.000000   90.000000   6   5  41100   0
  78   51041100    0.000000   90.000000   6   5  41100   1
  79   50041101    0.000000   95.000000   6   5  41101   0
  80   50041102    0.000000  120.000000   6   5  41102   0
  81   51041102    0.000000  120.000000   6   5  41102   1
  82   50041103    0.000000  120.000000   6   5  41103   0
  83   50041104    0.000000  140.000000   6   5  41104   0
  84   50041105    0.000000  140.000000   6   5  41105   0
  85   50041106    0.000000  170.000000   6   5  41106   0
  86   50041107    0.000000  180.000000   6   5  41107   0
  87   50042092    0.000000  140.000000   6   5  42092   0
  88   50042093    0.000000  130.000000   6   5  42093   0
  89   51042093    0.000000  130.000000   6   5  42093   1
  90   50042094    0.000000  120.000000   6   5  42094   0
  91   50042095    0.000000  110.000000   6   5  42095   0
  92   50042096    0.000000   95.000000   6   5  42096   0
  93   50042097    0.000000   85.000000   6   5  42097   0
  94   50042098    0.000000   74.000000   6   5  42098   0
  95   50042099    0.000000   66.000000   6   5  42099   0
  96   50042100    0.000000   64.000000   6   5  42100   0
  97   50042101    0.000000   68.000000   6   5  42101   0
  98   50042102    0.000000   78.000000   6   5  42102   0
  99   50042103    0.000000   85.000000   6   5  42103   0
 100   50042104    0.000000   95.000000   6   5  42104   0
 101   50042105    0.000000  120.000000   6   5  42105   0
 102   50042106    0.000000  120.000000   6   5  42106   0
 103   50042107    0.000000  140.000000   6   5  42107   0
 104   50042108    0.000000  150.000000   6   5  42108   0
 105   50042109    0.000000  180.000000   6   5  42109   0
 106   50043093    0.000000  140.000000   6   5  43093   0
 107   51043093    0.000000  140.000000   6   5  43093   1
 108   50043094    0.000000  130.000000   6   5  43094   0
 109   51043094    0.000000  130.000000   6   5  43094   1
 110   50043095    0.000000  120.000000   6   5  43095   0
 111   51043095    0.000000  120.000000   6   5  43095   1
 112   50043096    0.000000  110.000000   6   5  43096   0
 113   51043096    0.000000  110.000000   6   5  43096   1
 114   50043097    0.000000   95.000000   6   5  43097   0
 115   51043097    0.000000   95.000000   6   5  43097   1
 116   50043098    0.000000   85.000000   6   5  43098   0
 117   50043099    0.000000   74.000000   6   5  43099   0
 118   51043099    0.000000   76.000000   6   5  43099   1
 119   50043100    0.000000   68.000000   6   5  43100   0
 120   50043101    0.000000   64.000000   6   5  43101   0
 121   50043102    0.000000   64.000000   6   5  43102   0
 122   51043102    0.000000   64.000000   6   5  43102   1
 123   50043103    0.000000   60.000000   6   5  43103   0
 124   50043104    0.000000   68.000000   6   5  43104   0
 125   50043105    0.000000   78.000000   6   5  43105   0
 126   50043106    0.000000   85.000000   6   5  43106   0
 127   50043107    0.000000   95.000000   6   5  43107   0
 128   50043108    0.000000  120.000000   6   5  43108   0
 129   50043109    0.000000  120.000000   6   5  43109   0
 130   50043110    0.000000  150.000000   6   5  43110   0
 131   50044094    0.000000  150.000000   6   5  44094   0
 132   50044095    0.000000  140.000000   6   5  44095   0
 133   50044096    0.000000  120.000000   6   5  44096   0
 134   50044097    0.000000  110.000000   6   5  44097   0
 135   50044098    0.000000   95.000000   6   5  44098   0
 136   50044099    0.000000   85.000000   6   5  44099   0
 137   50044100    0.000000   74.000000   6   5  44100   0
 138   50044101    0.000000   66.000000   6   5  44101   0
 139   50044102    0.000000   56.000000   6   5  44102   0
 140   50044103    0.000000   48.000000   6   5  44103   0
 141   50044104    0.000000   42.000000   6   5  44104   0
 142   50044105    0.000000   50.000000   6   5  44105   0
 143   50044106    0.000000   58.000000   6   5  44106   0
 144   50044107    0.000000   66.000000   6   5  44107   0
 145   50044108    0.000000   76.000000   6   5  44108   0
 146   50044109    0.000000   80.000000   6   5  44109   0
 147   50044110    0.000000   95.000000   6   5  44110   0
 148   50044111    0.000000  120.000000   6   5  44111   0
 149   50045095    0.000000  150.000000   6   5  45095   0
 150   51045095    0.000000  150.000000   6   5  45095   1
 151   50045096    0.000000  140.000000   6   5  45096   0
 152   51045096    0.000000  140.000000   6   5  45096   1
 153   50045097    0.000000  120.000000   6   5  45097   0
 154   51045097    0.000000  120.000000   6   5  45097   1
 155   50045098    0.000000  110.000000   6   5  45098   0
 156   51045098    0.000000  110.000000   6   5  45098   1
 157   50045099    0.000000  100.000000   6   5  45099   0
 158   51045099    0.000000  100.000000   6   5  45099   1
 159   50045100    0.000000   90.000000   6   5  45100   0
 160   51045100    0.000000   90.000000   6   5  45100   1
 161   50045101    0.000000   80.000000   6   5  45101   0
 162   51045101    0.000000   80.000000   6   5  45101   1
 163   50045102    0.000000   72.000000   6   5  45102   0
 164   51045102    0.000000   72.000000   6   5  45102   1
 165   50045103    0.000000   62.000000   6   5  45103   0
 166   51045103    0.000000   62.000000   6   5  45103   1
 167   50045104    0.000000   54.000000   6   5  45104   0
 168   51045104    0.000000   54.000000   6   5  45104   1
 169   50045105    0.000000   46.000000   6   5  45105   0
 170   51045105    0.000000   46.000000   6   5  45105   1
 171   50045106    0.000000   44.000000   6   5  45106   0
 172   51045106    0.000000   44.000000   6   5  45106   1
 173   50045107    0.000000   40.000000   6   5  45107   0
 174   50045108    0.000000   52.000000   6   5  45108   0
 175   50045109    0.000000   54.000000   6   5  45109   0
 176   50045110    0.000000   66.000000   6   5  45110   0
 177   50045111    0.000000   76.000000   6   5  45111   0
 178   50045112    0.000000   85.000000   6   5  45112   0
 179   50045113    0.000000  120.000000   6   5  45113   0
 180   50046096    0.000000  170.000000   6   5  46096   0
 181   50046097    0.000000  150.000000   6   5  46097   0
 182   50046098    0.000000  140.000000   6   5  46098   0
 183   50046099    0.000000  120.000000   6   5  46099   0
 184   50046100    0.000000  110.000000   6   5  46100   0
 185   50046101    0.000000   95.000000   6   5  46101   0
 186   50046102    0.000000   85.000000   6   5  46102   0
 187   50046103    0.000000   70.000000   6   5  46103   0
 188   50046104    0.000000   60.000000   6   5  46104   0
 189   50046105    0.000000   50.000000   6   5  46105   0
 190   50046106    0.000000   40.000000   6   5  46106   0
 191   50046107    0.000000   30.000000   6   5  46107   0
 192   51046107    0.000000   30.000000   6   5  46107   1
 193   50046108    0.000000   22.000000   6   5  46108   0
 194   50046109    0.000000   36.000000   6   5  46109   0
 195   51046109    0.000000   36.000000   6   5  46109   1
 196   50046110    0.000000   36.000000   6   5  46110   0
 197   50046111    0.000000   50.000000   6   5  46111   0
 198   51046111    0.000000   50.000000   6   5  46111   1
 199   50046112    0.000000   54.000000   6   5  46112   0
 200   50046113    0.000000   66.000000   6   5  46113   0
 201   51046113    0.000000   66.000000   6   5  46113   1
 202   50046114    0.000000   85.000000   6   5  46114   0
 203   50047097    0.000000  170.000000   6   5  47097   0
 204   50047098    0.000000  150.000000   6   5  47098   0
 205   50047099    0.000000  140.000000   6   5  47099   0
 206   51047099    0.000000  140.000000   6   5  47099   1
 207   50047100    0.000000  130.000000   6   5  47100   0
 208   51047100    0.000000  130.000000   6   5  47100   1
 209   50047101    0.000000  110.000000   6   5  47101   0
 210   51047101    0.000000  110.000000   6   5  47101   1
 211   50047102    0.000000  100.000000   6   5  47102   0
 212   51047102    0.000000  100.000000   6   5  47102   1
 213   50047103    0.000000   90.000000   6   5  47103   0
 214   51047103    0.000000   90.000000   6   5  47103   1
 215   50047104    0.000000   80.000000   6   5  47104   0
 216   51047104    0.000000   80.000000   6   5  47104   1
 217   50047105    0.000000   68.000000   6   5  47105   0
 218   51047105    0.000000   68.000000   6   5  47105   1
 219   50047106    0.000000   58.000000   6   5  47106   0
 220   51047106    0.000000   60.000000   6   5  47106   1
 221   50047107    0.000000   48.000000   6   5  47107   0
 222   51047107    0.000000   48.000000   6   5  47107   1
 223   50047108    0.000000   40.000000   6   5  47108   0
 224   51047108    0.000000   42.000000   6   5  47108   1
 225   50047109    0.000000   32.000000   6   5  47109   0
 226   51047109    0.000000   32.000000   6   5  47109   1
 227   50047110    0.000000   30.000000   6   5  47110   0
 228   51047110    0.000000   30.000000   6   5  47110   1
 229   50047111    0.000000   22.000000   6   5  47111   0
 230   51047111    0.000000   22.000000   6   5  47111   1
 231   50047112    0.000000   36.000000   6   5  47112   0
 232   50047113    0.000000   36.000000   6   5  47113   0
 233   51047113    0.000000   36.000000   6   5  47113   1
 234   50047114    0.000000   50.000000   6   5  47114   0
 235   50047115    0.000000   54.000000   6   5  47115   0
 236   51047115    0.000000   54.000000   6   5  47115   1
 237   50048098    0.000000  180.000000   6   5  48098   0
 238   50048099    0.000000  170.000000   6   5  48099   0
 239   50048100    0.000000  150.000000   6   5  48100   0
 240   50048101    0.000000  140.000000   6   5  48101   0
 241   50048102    0.000000  120.000000   6   5  48102   0
 242   50048103    0.000000  110.000000   6   5  48103   0
 243   50048104    0.000000   95.000000   6   5  48104   0
 244   50048105    0.000000   78.000000   6   5  48105   0
 245   50048106    0.000000   68.000000   6   5  48106   0
 246   50048107    0.000000   56.000000   6   5  48107   0
 247   50048108    0.000000   46.000000   6   5  48108   0
 248   50048109    0.000000   36.000000   6   5  48109   0
 249   50048110    0.000000   26.000000   6   5  48110   0
 250   50048111    0.000000   19.000000   6   5  48111   0
 251   51048111    0.000000   20.000000   6   5  48111   1
 252   50048112    0.000000    9.500000   6   5  48112   0
 253   50048113    0.000000   24.000000   6   5  48113   0
 254   51048113    0.000000   24.000000   6   5  48113   1
 255   50048114    0.000000   22.000000   6   5  48114   0
 256   50048115    0.000000   36.000000   6   5  48115   0
 257   51048115    0.000000   36.000000   6   5  48115   1
 258   50048116    0.000000   36.000000   6   5  48116   0
 259   50049099    0.000000  190.000000   6   5  49099   0
 260   50049100    0.000000  170.000000   6   5  49100   0
 261   50049101    0.000000  160.000000   6   5  49101   0
 262   50049102    0.000000  140.000000   6   5  49102   0
 263   50049103    0.000000  130.000000   6   5  49103   0
 264   51049103    0.000000  130.000000   6   5  49103   1
 265   50049104    0.000000  120.000000   6   5  49104   0
 266   51049104    0.000000  120.000000   6   5  49104   1
 267   50049105    0.000000  110.000000   6   5  49105   0
 268   51049105    0.000000  110.000000   6   5  49105   1
 269   50049106    0.000000   95.000000   6   5  49106   0
 270   51049106    0.000000   95.000000   6   5  49106   1
 271   50049107    0.000000   80.000000   6   5  49107   0
 272   51049107    0.000000   80.000000   6   5  49107   1
 273   50049108    0.000000   70.000000   6   5  49108   0
 274   51049108    0.000000   70.000000   6   5  49108   1
 275   50049109    0.000000   60.000000   6   5  49109   0
 276   51049109    0.000000   60.000000   6   5  49109   1
 277   50049110    0.000000   50.000000   6   5  49110   0
 278   51049110    0.000000   50.000000   6   5  49110   1
 279   50049111    0.000000   40.000000   6   5  49111   0
 280   51049111    0.000000   40.000000   6   5  49111   1
 281   50049112    0.000000   32.000000   6   5  49112   0
 282   51049112    0.000000   32.000000   6   5  49112   1
 283   50049113    0.000000   21.000000   6   5  49113   0
 284   51049113    0.000000   22.000000   6   5  49113   1
 285   50049114    0.000000   20.000000   6   5  49114   0
 286   51049114    0.000000   20.000000   6   5  49114   1
 287   50049115    0.000000   12.500000   6   5  49115   0
 288   51049115    0.000000   13.000000   6   5  49115   1
 289   50049116    0.000000   26.000000   6   5  49116   0
 290   51049116    0.000000   26.000000   6   5  49116   1
 291   52049116    0.000000   27.000000   6   5  49116   2
 292   50049117    0.000000   25.000000   6   5  49117   0
 293   51049117    0.000000   25.000000   6   5  49117   1
 294   50050101    0.000000  190.000000   6   5  50101   0
 295   50050102    0.000000  170.000000   6   5  50102   0
 296   50050103    0.000000  160.000000   6   5  50103   0
 297   50050104    0.000000  140.000000   6   5  50104   0
 298   50050105    0.000000  130.000000   6   5  50105   0
 299   50050106    0.000000  110.000000   6   5  50106   0
 300   50050107    0.000000   95.000000   6   5  50107   0
 301   50050108    0.000000   80.000000   6   5  50108   0
 302   50050109    0.000000   70.000000   6   5  50109   0
 303   50050110    0.000000   58.000000   6   5  50110   0
 304   50050111    0.000000   50.000000   6   5  50111   0
 305   50050112    0.000000   38.000000   6   5  50112   0
 306   50050113    0.000000   30.000000   6   5  50113   0
 307   51050113    0.000000   30.000000   6   5  50113   1
 308   50050114    0.000000   19.000000   6   5  50114   0
 309   50050115    0.000000   11.500000   6   5  50115   0
 310   50050116    0.000000    1.500000   6   5  50116   0
 311   50050117    0.000000   15.000000   6   5  50117   0
 312   51050117    0.000000   15.500000   6   5  50117   1
 313   50050118    0.000000   13.000000   6   5  50118   0
 314   50051103    0.000000  180.000000   6   5  51103   0
 315   50051104    0.000000  170.000000   6   5  51104   0
 316   50051105    0.000000  150.000000   6   5  51105   0
 317   50051106    0.000000  140.000000   6   5  51106   0
 318   50051107    0.000000  130.000000   6   5  51107   0
 319   50051108    0.000000  120.000000   6   5  51108   0
 320   50051109    0.000000  100.000000   6   5  51109   0
 321   50051110    0.000000   90.000000   6   5  51110   0
 322   50051111    0.000000   76.000000   6   5  51111   0
 323   50051112    0.000000   66.000000   6   5  51112   0
 324   50051113    0.000000   54.000000   6   5  51113   0
 325   50051114    0.000000   46.000000   6   5  51114   0
 326   50051115    0.000000   36.000000   6   5  51115   0
 327   50051116    0.000000   27.000000   6   5  51116   0
 328   51051116    0.000000   27.000000   6   5  51116   1
 329   50051117    0.000000   16.500000   6   5  51117   0
 330   50051118    0.000000   15.000000   6   5  51118   0
 331   51051118    0.000000   15.000000   6   5  51118   1
 332   50051119    0.000000    7.500000   6   5  51119   0
 333   50052105    0.000000  180.000000   6   5  52105   0
 334   50052106    0.000000  160.000000   6   5  52106   0
 335   50052107    0.000000  150.000000   6   5  52107   0
 336   50052108    0.000000  130.000000   6   5  52108   0
 337   50052109    0.000000  120.000000   6   5  52109   0
 338   50052110    0.000000  110.000000   6   5  52110   0
 339   50052111    0.000000   95.000000   6   5  52111   0
 340   50052112    0.000000   85.000000   6   5  52112   0
 341   50052113    0.000000   72.000000   6   5  52113   0
 342   50052114    0.000000   58.000000   6   5  52114   0
 343   50052115    0.000000   50.000000   6   5  52115   0
 344   51052115    0.000000   50.000000   6   5  52115   1
 345   50052116    0.000000   38.000000   6   5  52116   0
 346   50052117    0.000000   29.000000   6   5  52117   0
 347   51052117    0.000000   30.000000   6   5  52117   1
 348   50052118    0.000000   18.000000   6   5  52118   0
 349   50052119    0.000000   10.500000   6   5  52119   0
 350   51052119    0.000000   11.000000   6   5  52119   1
 351   50052120    0.000000    1.000000   6   5  52120   0
 
   p   ZAP IP   NR    Tp [MeV]
   1     1  1    1   10.258120
   2     0  2    1    1.000000
   3  1001  9    1    7.182778
   4  1002 31    1   14.507500
   5  1003 32    1   16.000000
   6  2003 33    1   15.000000
   7  2004 34    1    1.000000
--------------------------------------------------------------------------------
 
