 
--------------------------------------------------------------------------------
 52-Te-126   T= 0.00 K from IAEA/PD-2019       (ACEMAKER)
 ZAID= 52126.38u  MAT=5243  ZA= 52126
 AWR= 124.821700  STA=  0  ELIS=   0.000 MeV  LIS=  0  LISO=  0
--------------------------------------------------------------------------------
 NTOTR= 334 NTRAN=   1 NPROD= 333 NE=     130 EMAX= 200.000 MeV
   i     MT/MTD     Q [MeV]     T [MeV] LMF  MT    ZAP LFS
   1          5    0.000000    1.000000   3   5
   2   50037093    0.000000  170.000000   6   5  37093   0
   3   50037094    0.000000  170.000000   6   5  37094   0
   4   50037095    0.000000  170.000000   6   5  37095   0
   5   50037096    0.000000  170.000000   6   5  37096   0
   6   50037097    0.000000  170.000000   6   5  37097   0
   7   50037098    0.000000  190.000000   6   5  37098   0
   8   50037099    0.000000  190.000000   6   5  37099   0
   9   50038094    0.000000  150.000000   6   5  38094   0
  10   50038095    0.000000  140.000000   6   5  38095   0
  11   50038096    0.000000  140.000000   6   5  38096   0
  12   50038097    0.000000  140.000000   6   5  38097   0
  13   50038098    0.000000  140.000000   6   5  38098   0
  14   50038099    0.000000  160.000000   6   5  38099   0
  15   50038100    0.000000  160.000000   6   5  38100   0
  16   50038101    0.000000  180.000000   6   5  38101   0
  17   50038102    0.000000  180.000000   6   5  38102   0
  18   50039095    0.000000  150.000000   6   5  39095   0
  19   50039096    0.000000  140.000000   6   5  39096   0
  20   50039097    0.000000  140.000000   6   5  39097   0
  21   51039097    0.000000  140.000000   6   5  39097   1
  22   50039098    0.000000  140.000000   6   5  39098   0
  23   51039098    0.000000  140.000000   6   5  39098   1
  24   50039099    0.000000  140.000000   6   5  39099   0
  25   50039100    0.000000  140.000000   6   5  39100   0
  26   51039100    0.000000  140.000000   6   5  39100   1
  27   50039101    0.000000  140.000000   6   5  39101   0
  28   50039102    0.000000  160.000000   6   5  39102   0
  29   50039103    0.000000  160.000000   6   5  39103   0
  30   50039104    0.000000  180.000000   6   5  39104   0
  31   50039105    0.000000  190.000000   6   5  39105   0
  32   50040096    0.000000  140.000000   6   5  40096   0
  33   50040097    0.000000  130.000000   6   5  40097   0
  34   50040098    0.000000  120.000000   6   5  40098   0
  35   50040099    0.000000  120.000000   6   5  40099   0
  36   50040100    0.000000  110.000000   6   5  40100   0
  37   50040101    0.000000  110.000000   6   5  40101   0
  38   50040102    0.000000  110.000000   6   5  40102   0
  39   50040103    0.000000  130.000000   6   5  40103   0
  40   50040104    0.000000  130.000000   6   5  40104   0
  41   50040105    0.000000  150.000000   6   5  40105   0
  42   50040106    0.000000  150.000000   6   5  40106   0
  43   50040107    0.000000  190.000000   6   5  40107   0
  44   50040108    0.000000  190.000000   6   5  40108   0
  45   50041097    0.000000  140.000000   6   5  41097   0
  46   51041097    0.000000  140.000000   6   5  41097   1
  47   50041098    0.000000  130.000000   6   5  41098   0
  48   51041098    0.000000  130.000000   6   5  41098   1
  49   50041099    0.000000  120.000000   6   5  41099   0
  50   51041099    0.000000  120.000000   6   5  41099   1
  51   50041100    0.000000  120.000000   6   5  41100   0
  52   51041100    0.000000  120.000000   6   5  41100   1
  53   50041101    0.000000  110.000000   6   5  41101   0
  54   50041102    0.000000  110.000000   6   5  41102   0
  55   51041102    0.000000  110.000000   6   5  41102   1
  56   50041103    0.000000  110.000000   6   5  41103   0
  57   50041104    0.000000  110.000000   6   5  41104   0
  58   50041105    0.000000  110.000000   6   5  41105   0
  59   50041106    0.000000  130.000000   6   5  41106   0
  60   50041107    0.000000  130.000000   6   5  41107   0
  61   50041108    0.000000  150.000000   6   5  41108   0
  62   50041109    0.000000  150.000000   6   5  41109   0
  63   50041110    0.000000  190.000000   6   5  41110   0
  64   50042098    0.000000  140.000000   6   5  42098   0
  65   50042099    0.000000  130.000000   6   5  42099   0
  66   50042100    0.000000  120.000000   6   5  42100   0
  67   50042101    0.000000  110.000000   6   5  42101   0
  68   50042102    0.000000  100.000000   6   5  42102   0
  69   50042103    0.000000   95.000000   6   5  42103   0
  70   50042104    0.000000   85.000000   6   5  42104   0
  71   50042105    0.000000   85.000000   6   5  42105   0
  72   50042106    0.000000   85.000000   6   5  42106   0
  73   50042107    0.000000   90.000000   6   5  42107   0
  74   50042108    0.000000   95.000000   6   5  42108   0
  75   50042109    0.000000  120.000000   6   5  42109   0
  76   50042110    0.000000  120.000000   6   5  42110   0
  77   50042111    0.000000  150.000000   6   5  42111   0
  78   50042112    0.000000  160.000000   6   5  42112   0
  79   50043099    0.000000  140.000000   6   5  43099   0
  80   51043099    0.000000  140.000000   6   5  43099   1
  81   50043100    0.000000  130.000000   6   5  43100   0
  82   50043101    0.000000  120.000000   6   5  43101   0
  83   50043102    0.000000  110.000000   6   5  43102   0
  84   51043102    0.000000  110.000000   6   5  43102   1
  85   50043103    0.000000  100.000000   6   5  43103   0
  86   50043104    0.000000   95.000000   6   5  43104   0
  87   50043105    0.000000   85.000000   6   5  43105   0
  88   50043106    0.000000   85.000000   6   5  43106   0
  89   50043107    0.000000   85.000000   6   5  43107   0
  90   50043108    0.000000   80.000000   6   5  43108   0
  91   50043109    0.000000   80.000000   6   5  43109   0
  92   50043110    0.000000   85.000000   6   5  43110   0
  93   50043111    0.000000   95.000000   6   5  43111   0
  94   50043112    0.000000  120.000000   6   5  43112   0
  95   50043113    0.000000  120.000000   6   5  43113   0
  96   50043114    0.000000  160.000000   6   5  43114   0
  97   50043115    0.000000  160.000000   6   5  43115   0
  98   50044100    0.000000  140.000000   6   5  44100   0
  99   50044101    0.000000  130.000000   6   5  44101   0
 100   50044102    0.000000  120.000000   6   5  44102   0
 101   50044103    0.000000  110.000000   6   5  44103   0
 102   50044104    0.000000  100.000000   6   5  44104   0
 103   50044105    0.000000   90.000000   6   5  44105   0
 104   50044106    0.000000   78.000000   6   5  44106   0
 105   50044107    0.000000   72.000000   6   5  44107   0
 106   50044108    0.000000   64.000000   6   5  44108   0
 107   50044109    0.000000   60.000000   6   5  44109   0
 108   50044110    0.000000   56.000000   6   5  44110   0
 109   50044111    0.000000   64.000000   6   5  44111   0
 110   50044112    0.000000   76.000000   6   5  44112   0
 111   50044113    0.000000   80.000000   6   5  44113   0
 112   50044114    0.000000   95.000000   6   5  44114   0
 113   50044115    0.000000  120.000000   6   5  44115   0
 114   50044116    0.000000  130.000000   6   5  44116   0
 115   50044117    0.000000  160.000000   6   5  44117   0
 116   50045101    0.000000  140.000000   6   5  45101   0
 117   51045101    0.000000  140.000000   6   5  45101   1
 118   50045102    0.000000  130.000000   6   5  45102   0
 119   51045102    0.000000  130.000000   6   5  45102   1
 120   50045103    0.000000  120.000000   6   5  45103   0
 121   51045103    0.000000  120.000000   6   5  45103   1
 122   50045104    0.000000  110.000000   6   5  45104   0
 123   51045104    0.000000  110.000000   6   5  45104   1
 124   50045105    0.000000  100.000000   6   5  45105   0
 125   51045105    0.000000  100.000000   6   5  45105   1
 126   50045106    0.000000   90.000000   6   5  45106   0
 127   51045106    0.000000   90.000000   6   5  45106   1
 128   50045107    0.000000   80.000000   6   5  45107   0
 129   50045108    0.000000   76.000000   6   5  45108   0
 130   50045109    0.000000   66.000000   6   5  45109   0
 131   50045110    0.000000   60.000000   6   5  45110   0
 132   50045111    0.000000   56.000000   6   5  45111   0
 133   50045112    0.000000   56.000000   6   5  45112   0
 134   50045113    0.000000   50.000000   6   5  45113   0
 135   50045114    0.000000   64.000000   6   5  45114   0
 136   50045115    0.000000   68.000000   6   5  45115   0
 137   50045116    0.000000   80.000000   6   5  45116   0
 138   51045116    0.000000   80.000000   6   5  45116   1
 139   50045117    0.000000   95.000000   6   5  45117   0
 140   50045118    0.000000  130.000000   6   5  45118   0
 141   50046102    0.000000  150.000000   6   5  46102   0
 142   50046103    0.000000  140.000000   6   5  46103   0
 143   50046104    0.000000  130.000000   6   5  46104   0
 144   50046105    0.000000  120.000000   6   5  46105   0
 145   50046106    0.000000  100.000000   6   5  46106   0
 146   50046107    0.000000   90.000000   6   5  46107   0
 147   51046107    0.000000   90.000000   6   5  46107   1
 148   50046108    0.000000   80.000000   6   5  46108   0
 149   50046109    0.000000   70.000000   6   5  46109   0
 150   51046109    0.000000   70.000000   6   5  46109   1
 151   50046110    0.000000   62.000000   6   5  46110   0
 152   50046111    0.000000   54.000000   6   5  46111   0
 153   51046111    0.000000   54.000000   6   5  46111   1
 154   50046112    0.000000   46.000000   6   5  46112   0
 155   50046113    0.000000   38.000000   6   5  46113   0
 156   51046113    0.000000   38.000000   6   5  46113   1
 157   50046114    0.000000   32.000000   6   5  46114   0
 158   50046115    0.000000   44.000000   6   5  46115   0
 159   51046115    0.000000   44.000000   6   5  46115   1
 160   50046116    0.000000   48.000000   6   5  46116   0
 161   50046117    0.000000   62.000000   6   5  46117   0
 162   50046118    0.000000   68.000000   6   5  46118   0
 163   50046119    0.000000   80.000000   6   5  46119   0
 164   50046120    0.000000  130.000000   6   5  46120   0
 165   50047103    0.000000  150.000000   6   5  47103   0
 166   51047103    0.000000  150.000000   6   5  47103   1
 167   50047104    0.000000  140.000000   6   5  47104   0
 168   51047104    0.000000  140.000000   6   5  47104   1
 169   50047105    0.000000  130.000000   6   5  47105   0
 170   51047105    0.000000  130.000000   6   5  47105   1
 171   50047106    0.000000  120.000000   6   5  47106   0
 172   51047106    0.000000  120.000000   6   5  47106   1
 173   50047107    0.000000  110.000000   6   5  47107   0
 174   51047107    0.000000  110.000000   6   5  47107   1
 175   50047108    0.000000   95.000000   6   5  47108   0
 176   51047108    0.000000  100.000000   6   5  47108   1
 177   50047109    0.000000   85.000000   6   5  47109   0
 178   51047109    0.000000   85.000000   6   5  47109   1
 179   50047110    0.000000   78.000000   6   5  47110   0
 180   51047110    0.000000   78.000000   6   5  47110   1
 181   50047111    0.000000   68.000000   6   5  47111   0
 182   51047111    0.000000   68.000000   6   5  47111   1
 183   50047112    0.000000   60.000000   6   5  47112   0
 184   50047113    0.000000   52.000000   6   5  47113   0
 185   51047113    0.000000   52.000000   6   5  47113   1
 186   50047114    0.000000   44.000000   6   5  47114   0
 187   50047115    0.000000   36.000000   6   5  47115   0
 188   51047115    0.000000   36.000000   6   5  47115   1
 189   50047116    0.000000   36.000000   6   5  47116   0
 190   51047116    0.000000   36.000000   6   5  47116   1
 191   50047117    0.000000   30.000000   6   5  47117   0
 192   51047117    0.000000   30.000000   6   5  47117   1
 193   50047118    0.000000   46.000000   6   5  47118   0
 194   50047119    0.000000   48.000000   6   5  47119   0
 195   51047119    0.000000   48.000000   6   5  47119   1
 196   50047120    0.000000   62.000000   6   5  47120   0
 197   50047121    0.000000   76.000000   6   5  47121   0
 198   50048104    0.000000  160.000000   6   5  48104   0
 199   50048105    0.000000  150.000000   6   5  48105   0
 200   50048106    0.000000  130.000000   6   5  48106   0
 201   50048107    0.000000  120.000000   6   5  48107   0
 202   50048108    0.000000  110.000000   6   5  48108   0
 203   50048109    0.000000   95.000000   6   5  48109   0
 204   50048110    0.000000   85.000000   6   5  48110   0
 205   50048111    0.000000   74.000000   6   5  48111   0
 206   51048111    0.000000   74.000000   6   5  48111   1
 207   50048112    0.000000   64.000000   6   5  48112   0
 208   50048113    0.000000   54.000000   6   5  48113   0
 209   51048113    0.000000   56.000000   6   5  48113   1
 210   50048114    0.000000   46.000000   6   5  48114   0
 211   50048115    0.000000   38.000000   6   5  48115   0
 212   51048115    0.000000   38.000000   6   5  48115   1
 213   50048116    0.000000   29.000000   6   5  48116   0
 214   50048117    0.000000   24.000000   6   5  48117   0
 215   51048117    0.000000   24.000000   6   5  48117   1
 216   50048118    0.000000   14.500000   6   5  48118   0
 217   50048119    0.000000   30.000000   6   5  48119   0
 218   51048119    0.000000   30.000000   6   5  48119   1
 219   50048120    0.000000   30.000000   6   5  48120   0
 220   50048121    0.000000   44.000000   6   5  48121   0
 221   51048121    0.000000   44.000000   6   5  48121   1
 222   50048122    0.000000   48.000000   6   5  48122   0
 223   50049105    0.000000  170.000000   6   5  49105   0
 224   51049105    0.000000  170.000000   6   5  49105   1
 225   50049106    0.000000  150.000000   6   5  49106   0
 226   51049106    0.000000  150.000000   6   5  49106   1
 227   50049107    0.000000  140.000000   6   5  49107   0
 228   51049107    0.000000  140.000000   6   5  49107   1
 229   50049108    0.000000  130.000000   6   5  49108   0
 230   51049108    0.000000  130.000000   6   5  49108   1
 231   50049109    0.000000  120.000000   6   5  49109   0
 232   51049109    0.000000  120.000000   6   5  49109   1
 233   50049110    0.000000  110.000000   6   5  49110   0
 234   51049110    0.000000  110.000000   6   5  49110   1
 235   50049111    0.000000   95.000000   6   5  49111   0
 236   51049111    0.000000   95.000000   6   5  49111   1
 237   50049112    0.000000   85.000000   6   5  49112   0
 238   51049112    0.000000   85.000000   6   5  49112   1
 239   50049113    0.000000   74.000000   6   5  49113   0
 240   51049113    0.000000   76.000000   6   5  49113   1
 241   50049114    0.000000   66.000000   6   5  49114   0
 242   51049114    0.000000   66.000000   6   5  49114   1
 243   50049115    0.000000   56.000000   6   5  49115   0
 244   51049115    0.000000   56.000000   6   5  49115   1
 245   50049116    0.000000   50.000000   6   5  49116   0
 246   51049116    0.000000   50.000000   6   5  49116   1
 247   52049116    0.000000   50.000000   6   5  49116   2
 248   50049117    0.000000   40.000000   6   5  49117   0
 249   51049117    0.000000   40.000000   6   5  49117   1
 250   50049118    0.000000   34.000000   6   5  49118   0
 251   51049118    0.000000   34.000000   6   5  49118   1
 252   50049119    0.000000   24.000000   6   5  49119   0
 253   51049119    0.000000   24.000000   6   5  49119   1
 254   50049120    0.000000   24.000000   6   5  49120   0
 255   51049120    0.000000   24.000000   6   5  49120   1
 256   50049121    0.000000   17.500000   6   5  49121   0
 257   51049121    0.000000   17.500000   6   5  49121   1
 258   50049122    0.000000   32.000000   6   5  49122   0
 259   51049122    0.000000   32.000000   6   5  49122   1
 260   50049123    0.000000   32.000000   6   5  49123   0
 261   51049123    0.000000   32.000000   6   5  49123   1
 262   50050106    0.000000  180.000000   6   5  50106   0
 263   50050107    0.000000  160.000000   6   5  50107   0
 264   50050108    0.000000  150.000000   6   5  50108   0
 265   50050109    0.000000  130.000000   6   5  50109   0
 266   50050110    0.000000  120.000000   6   5  50110   0
 267   50050111    0.000000  110.000000   6   5  50111   0
 268   50050112    0.000000   95.000000   6   5  50112   0
 269   50050113    0.000000   85.000000   6   5  50113   0
 270   51050113    0.000000   85.000000   6   5  50113   1
 271   50050114    0.000000   74.000000   6   5  50114   0
 272   50050115    0.000000   64.000000   6   5  50115   0
 273   50050116    0.000000   54.000000   6   5  50116   0
 274   50050117    0.000000   46.000000   6   5  50117   0
 275   51050117    0.000000   46.000000   6   5  50117   1
 276   50050118    0.000000   36.000000   6   5  50118   0
 277   50050119    0.000000   29.000000   6   5  50119   0
 278   51050119    0.000000   29.000000   6   5  50119   1
 279   50050120    0.000000   19.000000   6   5  50120   0
 280   50050121    0.000000   13.000000   6   5  50121   0
 281   51050121    0.000000   13.000000   6   5  50121   1
 282   50050122    0.000000    4.000000   6   5  50122   0
 283   50050123    0.000000   19.500000   6   5  50123   0
 284   51050123    0.000000   18.500000   6   5  50123   1
 285   50050124    0.000000   17.500000   6   5  50124   0
 286   50051107    0.000000  190.000000   6   5  51107   0
 287   50051108    0.000000  180.000000   6   5  51108   0
 288   50051109    0.000000  160.000000   6   5  51109   0
 289   50051110    0.000000  150.000000   6   5  51110   0
 290   50051111    0.000000  140.000000   6   5  51111   0
 291   50051112    0.000000  130.000000   6   5  51112   0
 292   50051113    0.000000  110.000000   6   5  51113   0
 293   50051114    0.000000  100.000000   6   5  51114   0
 294   50051115    0.000000   90.000000   6   5  51115   0
 295   50051116    0.000000   80.000000   6   5  51116   0
 296   51051116    0.000000   80.000000   6   5  51116   1
 297   50051117    0.000000   68.000000   6   5  51117   0
 298   50051118    0.000000   60.000000   6   5  51118   0
 299   51051118    0.000000   60.000000   6   5  51118   1
 300   50051119    0.000000   50.000000   6   5  51119   0
 301   50051120    0.000000   42.000000   6   5  51120   0
 302   51051120    0.000000   42.000000   6   5  51120   1
 303   50051121    0.000000   34.000000   6   5  51121   0
 304   50051122    0.000000   26.000000   6   5  51122   0
 305   51051122    0.000000   26.000000   6   5  51122   1
 306   50051123    0.000000   16.500000   6   5  51123   0
 307   50051124    0.000000   16.000000   6   5  51124   0
 308   51051124    0.000000   16.000000   6   5  51124   1
 309   52051124    0.000000   16.000000   6   5  51124   2
 310   50051125    0.000000    9.500000   6   5  51125   0
 311   50052109    0.000000  190.000000   6   5  52109   0
 312   50052110    0.000000  170.000000   6   5  52110   0
 313   50052111    0.000000  160.000000   6   5  52111   0
 314   50052112    0.000000  140.000000   6   5  52112   0
 315   50052113    0.000000  130.000000   6   5  52113   0
 316   50052114    0.000000  120.000000   6   5  52114   0
 317   50052115    0.000000  110.000000   6   5  52115   0
 318   51052115    0.000000  110.000000   6   5  52115   1
 319   50052116    0.000000   95.000000   6   5  52116   0
 320   50052117    0.000000   85.000000   6   5  52117   0
 321   51052117    0.000000   85.000000   6   5  52117   1
 322   50052118    0.000000   70.000000   6   5  52118   0
 323   50052119    0.000000   62.000000   6   5  52119   0
 324   51052119    0.000000   62.000000   6   5  52119   1
 325   50052120    0.000000   52.000000   6   5  52120   0
 326   50052121    0.000000   44.000000   6   5  52121   0
 327   51052121    0.000000   44.000000   6   5  52121   1
 328   50052122    0.000000   34.000000   6   5  52122   0
 329   50052123    0.000000   26.000000   6   5  52123   0
 330   51052123    0.000000   26.000000   6   5  52123   1
 331   50052124    0.000000   16.000000   6   5  52124   0
 332   50052125    0.000000    9.500000   6   5  52125   0
 333   51052125    0.000000    9.500000   6   5  52125   1
 334   50052126    0.000000    1.000000   6   5  52126   0
 
   p   ZAP IP   NR    Tp [MeV]
   1     1  1    1    9.113691
   2     0  2    1    1.000000
   3  1001  9    1    9.098045
   4  1002 31    1   15.580820
   5  1003 32    1   16.000000
   6  2003 33    1   18.500000
   7  2004 34    1    4.000000
--------------------------------------------------------------------------------
 
