 
--------------------------------------------------------------------------------
 52-Te-124   T= 0.00 K from IAEA/PD-2019       (ACEMAKER)
 ZAID= 52124.38u  MAT=5237  ZA= 52124
 AWR= 122.838400  STA=  0  ELIS=   0.000 MeV  LIS=  0  LISO=  0
--------------------------------------------------------------------------------
 NTOTR= 339 NTRAN=   1 NPROD= 338 NE=     136 EMAX= 200.000 MeV
   i     MT/MTD     Q [MeV]     T [MeV] LMF  MT    ZAP LFS
   1          5    0.000000    1.000000   3   5
   2   50037091    0.000000  150.000000   6   5  37091   0
   3   50037092    0.000000  150.000000   6   5  37092   0
   4   50037093    0.000000  150.000000   6   5  37093   0
   5   50037094    0.000000  150.000000   6   5  37094   0
   6   50037095    0.000000  150.000000   6   5  37095   0
   7   50037096    0.000000  170.000000   6   5  37096   0
   8   50037097    0.000000  170.000000   6   5  37097   0
   9   50038092    0.000000  140.000000   6   5  38092   0
  10   50038093    0.000000  130.000000   6   5  38093   0
  11   50038094    0.000000  130.000000   6   5  38094   0
  12   50038095    0.000000  130.000000   6   5  38095   0
  13   50038096    0.000000  130.000000   6   5  38096   0
  14   50038097    0.000000  140.000000   6   5  38097   0
  15   50038098    0.000000  140.000000   6   5  38098   0
  16   50038099    0.000000  170.000000   6   5  38099   0
  17   50038100    0.000000  170.000000   6   5  38100   0
  18   50039093    0.000000  140.000000   6   5  39093   0
  19   51039093    0.000000  140.000000   6   5  39093   1
  20   50039094    0.000000  130.000000   6   5  39094   0
  21   50039095    0.000000  130.000000   6   5  39095   0
  22   50039096    0.000000  130.000000   6   5  39096   0
  23   50039097    0.000000  130.000000   6   5  39097   0
  24   51039097    0.000000  130.000000   6   5  39097   1
  25   50039098    0.000000  120.000000   6   5  39098   0
  26   51039098    0.000000  120.000000   6   5  39098   1
  27   50039099    0.000000  120.000000   6   5  39099   0
  28   50039100    0.000000  140.000000   6   5  39100   0
  29   51039100    0.000000  140.000000   6   5  39100   1
  30   50039101    0.000000  140.000000   6   5  39101   0
  31   50039102    0.000000  170.000000   6   5  39102   0
  32   50039103    0.000000  170.000000   6   5  39103   0
  33   50040094    0.000000  140.000000   6   5  40094   0
  34   50040095    0.000000  130.000000   6   5  40095   0
  35   50040096    0.000000  120.000000   6   5  40096   0
  36   50040097    0.000000  110.000000   6   5  40097   0
  37   50040098    0.000000  100.000000   6   5  40098   0
  38   50040099    0.000000  100.000000   6   5  40099   0
  39   50040100    0.000000  100.000000   6   5  40100   0
  40   50040101    0.000000  120.000000   6   5  40101   0
  41   50040102    0.000000  120.000000   6   5  40102   0
  42   50040103    0.000000  140.000000   6   5  40103   0
  43   50040104    0.000000  140.000000   6   5  40104   0
  44   50040105    0.000000  170.000000   6   5  40105   0
  45   50040106    0.000000  170.000000   6   5  40106   0
  46   50041095    0.000000  140.000000   6   5  41095   0
  47   51041095    0.000000  140.000000   6   5  41095   1
  48   50041096    0.000000  130.000000   6   5  41096   0
  49   50041097    0.000000  120.000000   6   5  41097   0
  50   51041097    0.000000  120.000000   6   5  41097   1
  51   50041098    0.000000  110.000000   6   5  41098   0
  52   51041098    0.000000  110.000000   6   5  41098   1
  53   50041099    0.000000  100.000000   6   5  41099   0
  54   51041099    0.000000  100.000000   6   5  41099   1
  55   50041100    0.000000  100.000000   6   5  41100   0
  56   51041100    0.000000  100.000000   6   5  41100   1
  57   50041101    0.000000  100.000000   6   5  41101   0
  58   50041102    0.000000   95.000000   6   5  41102   0
  59   51041102    0.000000   95.000000   6   5  41102   1
  60   50041103    0.000000   95.000000   6   5  41103   0
  61   50041104    0.000000  110.000000   6   5  41104   0
  62   50041105    0.000000  110.000000   6   5  41105   0
  63   50041106    0.000000  140.000000   6   5  41106   0
  64   50041107    0.000000  140.000000   6   5  41107   0
  65   50041108    0.000000  170.000000   6   5  41108   0
  66   50041109    0.000000  170.000000   6   5  41109   0
  67   50042096    0.000000  140.000000   6   5  42096   0
  68   50042097    0.000000  130.000000   6   5  42097   0
  69   50042098    0.000000  120.000000   6   5  42098   0
  70   50042099    0.000000  110.000000   6   5  42099   0
  71   50042100    0.000000   95.000000   6   5  42100   0
  72   50042101    0.000000   90.000000   6   5  42101   0
  73   50042102    0.000000   80.000000   6   5  42102   0
  74   50042103    0.000000   76.000000   6   5  42103   0
  75   50042104    0.000000   76.000000   6   5  42104   0
  76   50042105    0.000000   78.000000   6   5  42105   0
  77   50042106    0.000000   90.000000   6   5  42106   0
  78   50042107    0.000000  110.000000   6   5  42107   0
  79   50042108    0.000000  110.000000   6   5  42108   0
  80   50042109    0.000000  140.000000   6   5  42109   0
  81   50042110    0.000000  140.000000   6   5  42110   0
  82   50042111    0.000000  170.000000   6   5  42111   0
  83   50042112    0.000000  180.000000   6   5  42112   0
  84   50043097    0.000000  140.000000   6   5  43097   0
  85   51043097    0.000000  140.000000   6   5  43097   1
  86   50043098    0.000000  130.000000   6   5  43098   0
  87   50043099    0.000000  120.000000   6   5  43099   0
  88   51043099    0.000000  120.000000   6   5  43099   1
  89   50043100    0.000000  110.000000   6   5  43100   0
  90   50043101    0.000000   95.000000   6   5  43101   0
  91   50043102    0.000000   90.000000   6   5  43102   0
  92   51043102    0.000000   90.000000   6   5  43102   1
  93   50043103    0.000000   80.000000   6   5  43103   0
  94   50043104    0.000000   76.000000   6   5  43104   0
  95   50043105    0.000000   76.000000   6   5  43105   0
  96   50043106    0.000000   74.000000   6   5  43106   0
  97   50043107    0.000000   74.000000   6   5  43107   0
  98   50043108    0.000000   78.000000   6   5  43108   0
  99   50043109    0.000000   90.000000   6   5  43109   0
 100   50043110    0.000000  110.000000   6   5  43110   0
 101   50043111    0.000000  110.000000   6   5  43111   0
 102   50043112    0.000000  140.000000   6   5  43112   0
 103   50043113    0.000000  150.000000   6   5  43113   0
 104   50043114    0.000000  180.000000   6   5  43114   0
 105   50044098    0.000000  140.000000   6   5  44098   0
 106   50044099    0.000000  130.000000   6   5  44099   0
 107   50044100    0.000000  120.000000   6   5  44100   0
 108   50044101    0.000000  110.000000   6   5  44101   0
 109   50044102    0.000000   95.000000   6   5  44102   0
 110   50044103    0.000000   90.000000   6   5  44103   0
 111   50044104    0.000000   78.000000   6   5  44104   0
 112   50044105    0.000000   68.000000   6   5  44105   0
 113   50044106    0.000000   60.000000   6   5  44106   0
 114   50044107    0.000000   54.000000   6   5  44107   0
 115   50044108    0.000000   48.000000   6   5  44108   0
 116   50044109    0.000000   60.000000   6   5  44109   0
 117   50044110    0.000000   68.000000   6   5  44110   0
 118   50044111    0.000000   76.000000   6   5  44111   0
 119   50044112    0.000000   85.000000   6   5  44112   0
 120   50044113    0.000000  110.000000   6   5  44113   0
 121   50044114    0.000000  110.000000   6   5  44114   0
 122   50044115    0.000000  150.000000   6   5  44115   0
 123   50045099    0.000000  140.000000   6   5  45099   0
 124   51045099    0.000000  140.000000   6   5  45099   1
 125   50045100    0.000000  130.000000   6   5  45100   0
 126   51045100    0.000000  130.000000   6   5  45100   1
 127   50045101    0.000000  120.000000   6   5  45101   0
 128   51045101    0.000000  120.000000   6   5  45101   1
 129   50045102    0.000000  110.000000   6   5  45102   0
 130   51045102    0.000000  110.000000   6   5  45102   1
 131   50045103    0.000000  100.000000   6   5  45103   0
 132   51045103    0.000000  100.000000   6   5  45103   1
 133   50045104    0.000000   90.000000   6   5  45104   0
 134   51045104    0.000000   90.000000   6   5  45104   1
 135   50045105    0.000000   80.000000   6   5  45105   0
 136   51045105    0.000000   80.000000   6   5  45105   1
 137   50045106    0.000000   74.000000   6   5  45106   0
 138   51045106    0.000000   74.000000   6   5  45106   1
 139   50045107    0.000000   64.000000   6   5  45107   0
 140   50045108    0.000000   58.000000   6   5  45108   0
 141   50045109    0.000000   50.000000   6   5  45109   0
 142   50045110    0.000000   50.000000   6   5  45110   0
 143   50045111    0.000000   48.000000   6   5  45111   0
 144   50045112    0.000000   60.000000   6   5  45112   0
 145   50045113    0.000000   68.000000   6   5  45113   0
 146   50045114    0.000000   78.000000   6   5  45114   0
 147   50045115    0.000000   90.000000   6   5  45115   0
 148   50045116    0.000000  100.000000   6   5  45116   0
 149   51045116    0.000000  100.000000   6   5  45116   1
 150   50045117    0.000000  180.000000   6   5  45117   0
 151   50046100    0.000000  150.000000   6   5  46100   0
 152   50046101    0.000000  140.000000   6   5  46101   0
 153   50046102    0.000000  130.000000   6   5  46102   0
 154   50046103    0.000000  120.000000   6   5  46103   0
 155   50046104    0.000000  110.000000   6   5  46104   0
 156   50046105    0.000000   90.000000   6   5  46105   0
 157   50046106    0.000000   80.000000   6   5  46106   0
 158   50046107    0.000000   70.000000   6   5  46107   0
 159   51046107    0.000000   70.000000   6   5  46107   1
 160   50046108    0.000000   60.000000   6   5  46108   0
 161   50046109    0.000000   52.000000   6   5  46109   0
 162   51046109    0.000000   52.000000   6   5  46109   1
 163   50046110    0.000000   44.000000   6   5  46110   0
 164   50046111    0.000000   36.000000   6   5  46111   0
 165   51046111    0.000000   36.000000   6   5  46111   1
 166   50046112    0.000000   28.000000   6   5  46112   0
 167   50046113    0.000000   40.000000   6   5  46113   0
 168   51046113    0.000000   42.000000   6   5  46113   1
 169   50046114    0.000000   46.000000   6   5  46114   0
 170   50046115    0.000000   58.000000   6   5  46115   0
 171   51046115    0.000000   58.000000   6   5  46115   1
 172   50046116    0.000000   68.000000   6   5  46116   0
 173   50046117    0.000000   76.000000   6   5  46117   0
 174   50046118    0.000000  100.000000   6   5  46118   0
 175   50047101    0.000000  150.000000   6   5  47101   0
 176   51047101    0.000000  160.000000   6   5  47101   1
 177   50047102    0.000000  140.000000   6   5  47102   0
 178   51047102    0.000000  140.000000   6   5  47102   1
 179   50047103    0.000000  130.000000   6   5  47103   0
 180   51047103    0.000000  130.000000   6   5  47103   1
 181   50047104    0.000000  120.000000   6   5  47104   0
 182   51047104    0.000000  120.000000   6   5  47104   1
 183   50047105    0.000000  110.000000   6   5  47105   0
 184   51047105    0.000000  110.000000   6   5  47105   1
 185   50047106    0.000000  100.000000   6   5  47106   0
 186   51047106    0.000000  100.000000   6   5  47106   1
 187   50047107    0.000000   85.000000   6   5  47107   0
 188   51047107    0.000000   90.000000   6   5  47107   1
 189   50047108    0.000000   78.000000   6   5  47108   0
 190   51047108    0.000000   78.000000   6   5  47108   1
 191   50047109    0.000000   68.000000   6   5  47109   0
 192   51047109    0.000000   68.000000   6   5  47109   1
 193   50047110    0.000000   60.000000   6   5  47110   0
 194   51047110    0.000000   60.000000   6   5  47110   1
 195   50047111    0.000000   50.000000   6   5  47111   0
 196   51047111    0.000000   50.000000   6   5  47111   1
 197   50047112    0.000000   44.000000   6   5  47112   0
 198   50047113    0.000000   34.000000   6   5  47113   0
 199   51047113    0.000000   34.000000   6   5  47113   1
 200   50047114    0.000000   34.000000   6   5  47114   0
 201   50047115    0.000000   28.000000   6   5  47115   0
 202   51047115    0.000000   28.000000   6   5  47115   1
 203   50047116    0.000000   42.000000   6   5  47116   0
 204   51047116    0.000000   42.000000   6   5  47116   1
 205   50047117    0.000000   44.000000   6   5  47117   0
 206   51047117    0.000000   44.000000   6   5  47117   1
 207   50047118    0.000000   58.000000   6   5  47118   0
 208   50047119    0.000000   68.000000   6   5  47119   0
 209   51047119    0.000000   68.000000   6   5  47119   1
 210   50048102    0.000000  170.000000   6   5  48102   0
 211   50048103    0.000000  150.000000   6   5  48103   0
 212   50048104    0.000000  140.000000   6   5  48104   0
 213   50048105    0.000000  130.000000   6   5  48105   0
 214   50048106    0.000000  110.000000   6   5  48106   0
 215   50048107    0.000000  100.000000   6   5  48107   0
 216   50048108    0.000000   85.000000   6   5  48108   0
 217   50048109    0.000000   76.000000   6   5  48109   0
 218   50048110    0.000000   64.000000   6   5  48110   0
 219   50048111    0.000000   54.000000   6   5  48111   0
 220   51048111    0.000000   56.000000   6   5  48111   1
 221   50048112    0.000000   46.000000   6   5  48112   0
 222   50048113    0.000000   38.000000   6   5  48113   0
 223   51048113    0.000000   38.000000   6   5  48113   1
 224   50048114    0.000000   28.000000   6   5  48114   0
 225   50048115    0.000000   22.000000   6   5  48115   0
 226   51048115    0.000000   22.000000   6   5  48115   1
 227   50048116    0.000000   13.000000   6   5  48116   0
 228   50048117    0.000000   28.000000   6   5  48117   0
 229   51048117    0.000000   28.000000   6   5  48117   1
 230   50048118    0.000000   27.000000   6   5  48118   0
 231   50048119    0.000000   42.000000   6   5  48119   0
 232   51048119    0.000000   42.000000   6   5  48119   1
 233   50048120    0.000000   44.000000   6   5  48120   0
 234   50049103    0.000000  170.000000   6   5  49103   0
 235   51049103    0.000000  170.000000   6   5  49103   1
 236   50049104    0.000000  160.000000   6   5  49104   0
 237   51049104    0.000000  160.000000   6   5  49104   1
 238   50049105    0.000000  150.000000   6   5  49105   0
 239   51049105    0.000000  150.000000   6   5  49105   1
 240   50049106    0.000000  140.000000   6   5  49106   0
 241   51049106    0.000000  140.000000   6   5  49106   1
 242   50049107    0.000000  120.000000   6   5  49107   0
 243   51049107    0.000000  120.000000   6   5  49107   1
 244   50049108    0.000000  110.000000   6   5  49108   0
 245   51049108    0.000000  110.000000   6   5  49108   1
 246   50049109    0.000000  100.000000   6   5  49109   0
 247   51049109    0.000000  100.000000   6   5  49109   1
 248   50049110    0.000000   90.000000   6   5  49110   0
 249   51049110    0.000000   90.000000   6   5  49110   1
 250   50049111    0.000000   76.000000   6   5  49111   0
 251   51049111    0.000000   76.000000   6   5  49111   1
 252   50049112    0.000000   68.000000   6   5  49112   0
 253   51049112    0.000000   68.000000   6   5  49112   1
 254   50049113    0.000000   56.000000   6   5  49113   0
 255   51049113    0.000000   58.000000   6   5  49113   1
 256   50049114    0.000000   48.000000   6   5  49114   0
 257   51049114    0.000000   50.000000   6   5  49114   1
 258   50049115    0.000000   40.000000   6   5  49115   0
 259   51049115    0.000000   40.000000   6   5  49115   1
 260   50049116    0.000000   32.000000   6   5  49116   0
 261   51049116    0.000000   32.000000   6   5  49116   1
 262   52049116    0.000000   32.000000   6   5  49116   2
 263   50049117    0.000000   23.000000   6   5  49117   0
 264   51049117    0.000000   23.000000   6   5  49117   1
 265   50049118    0.000000   22.000000   6   5  49118   0
 266   51049118    0.000000   23.000000   6   5  49118   1
 267   50049119    0.000000   16.000000   6   5  49119   0
 268   51049119    0.000000   16.000000   6   5  49119   1
 269   50049120    0.000000   30.000000   6   5  49120   0
 270   51049120    0.000000   30.000000   6   5  49120   1
 271   50049121    0.000000   30.000000   6   5  49121   0
 272   51049121    0.000000   30.000000   6   5  49121   1
 273   50050104    0.000000  190.000000   6   5  50104   0
 274   50050105    0.000000  170.000000   6   5  50105   0
 275   50050106    0.000000  150.000000   6   5  50106   0
 276   50050107    0.000000  140.000000   6   5  50107   0
 277   50050108    0.000000  130.000000   6   5  50108   0
 278   50050109    0.000000  110.000000   6   5  50109   0
 279   50050110    0.000000  100.000000   6   5  50110   0
 280   50050111    0.000000   90.000000   6   5  50111   0
 281   50050112    0.000000   76.000000   6   5  50112   0
 282   50050113    0.000000   66.000000   6   5  50113   0
 283   51050113    0.000000   66.000000   6   5  50113   1
 284   50050114    0.000000   56.000000   6   5  50114   0
 285   50050115    0.000000   48.000000   6   5  50115   0
 286   50050116    0.000000   36.000000   6   5  50116   0
 287   50050117    0.000000   29.000000   6   5  50117   0
 288   51050117    0.000000   29.000000   6   5  50117   1
 289   50050118    0.000000   19.000000   6   5  50118   0
 290   50050119    0.000000   12.500000   6   5  50119   0
 291   51050119    0.000000   12.500000   6   5  50119   1
 292   50050120    0.000000    3.500000   6   5  50120   0
 293   50050121    0.000000   17.500000   6   5  50121   0
 294   51050121    0.000000   18.500000   6   5  50121   1
 295   50050122    0.000000   16.000000   6   5  50122   0
 296   50051106    0.000000  180.000000   6   5  51106   0
 297   50051107    0.000000  170.000000   6   5  51107   0
 298   50051108    0.000000  160.000000   6   5  51108   0
 299   50051109    0.000000  140.000000   6   5  51109   0
 300   50051110    0.000000  130.000000   6   5  51110   0
 301   50051111    0.000000  120.000000   6   5  51111   0
 302   50051112    0.000000  110.000000   6   5  51112   0
 303   50051113    0.000000   95.000000   6   5  51113   0
 304   50051114    0.000000   85.000000   6   5  51114   0
 305   50051115    0.000000   70.000000   6   5  51115   0
 306   50051116    0.000000   62.000000   6   5  51116   0
 307   51051116    0.000000   62.000000   6   5  51116   1
 308   50051117    0.000000   52.000000   6   5  51117   0
 309   50051118    0.000000   44.000000   6   5  51118   0
 310   51051118    0.000000   44.000000   6   5  51118   1
 311   50051119    0.000000   34.000000   6   5  51119   0
 312   50051120    0.000000   26.000000   6   5  51120   0
 313   51051120    0.000000   26.000000   6   5  51120   1
 314   50051121    0.000000   16.500000   6   5  51121   0
 315   50051122    0.000000   16.000000   6   5  51122   0
 316   51051122    0.000000   16.000000   6   5  51122   1
 317   50051123    0.000000    9.000000   6   5  51123   0
 318   50052108    0.000000  180.000000   6   5  52108   0
 319   50052109    0.000000  160.000000   6   5  52109   0
 320   50052110    0.000000  150.000000   6   5  52110   0
 321   50052111    0.000000  140.000000   6   5  52111   0
 322   50052112    0.000000  120.000000   6   5  52112   0
 323   50052113    0.000000  110.000000   6   5  52113   0
 324   50052114    0.000000  100.000000   6   5  52114   0
 325   50052115    0.000000   90.000000   6   5  52115   0
 326   51052115    0.000000   90.000000   6   5  52115   1
 327   50052116    0.000000   74.000000   6   5  52116   0
 328   50052117    0.000000   66.000000   6   5  52117   0
 329   51052117    0.000000   66.000000   6   5  52117   1
 330   50052118    0.000000   54.000000   6   5  52118   0
 331   50052119    0.000000   46.000000   6   5  52119   0
 332   51052119    0.000000   46.000000   6   5  52119   1
 333   50052120    0.000000   36.000000   6   5  52120   0
 334   50052121    0.000000   27.000000   6   5  52121   0
 335   51052121    0.000000   27.000000   6   5  52121   1
 336   50052122    0.000000   16.500000   6   5  52122   0
 337   50052123    0.000000    9.500000   6   5  52123   0
 338   51052123    0.000000   10.000000   6   5  52123   1
 339   50052124    0.000000    1.000000   6   5  52124   0
 
   p   ZAP IP   NR    Tp [MeV]
   1     1  1    1    9.424482
   2     0  2    1    1.000000
   3  1001  9    1    8.590223
   4  1002 31    1   15.325670
   5  1003 32    1   15.874810
   6  2003 33    1   17.500000
   7  2004 34    1    3.000000
--------------------------------------------------------------------------------
 
