 
--------------------------------------------------------------------------------
 52-Te-123   T= 0.00 K from IAEA/PD-2019       (ACEMAKER)
 ZAID= 52123.38u  MAT=5234  ZA= 52123
 AWR= 121.848500  STA=  0  ELIS=   0.000 MeV  LIS=  0  LISO=  0
--------------------------------------------------------------------------------
 NTOTR= 355 NTRAN=   1 NPROD= 354 NE=     134 EMAX= 200.000 MeV
   i     MT/MTD     Q [MeV]     T [MeV] LMF  MT    ZAP LFS
   1          5    0.000000    1.000000   3   5
   2   50037090    0.000000  140.000000   6   5  37090   0
   3   51037090    0.000000  140.000000   6   5  37090   1
   4   50037091    0.000000  140.000000   6   5  37091   0
   5   50037092    0.000000  130.000000   6   5  37092   0
   6   50037093    0.000000  130.000000   6   5  37093   0
   7   50037094    0.000000  130.000000   6   5  37094   0
   8   50037095    0.000000  140.000000   6   5  37095   0
   9   50037096    0.000000  160.000000   6   5  37096   0
  10   50037097    0.000000  160.000000   6   5  37097   0
  11   50037098    0.000000  190.000000   6   5  37098   0
  12   50037099    0.000000  190.000000   6   5  37099   0
  13   50038091    0.000000  130.000000   6   5  38091   0
  14   50038092    0.000000  130.000000   6   5  38092   0
  15   50038093    0.000000  120.000000   6   5  38093   0
  16   50038094    0.000000  110.000000   6   5  38094   0
  17   50038095    0.000000  110.000000   6   5  38095   0
  18   50038096    0.000000  110.000000   6   5  38096   0
  19   50038097    0.000000  130.000000   6   5  38097   0
  20   50038098    0.000000  130.000000   6   5  38098   0
  21   50038099    0.000000  160.000000   6   5  38099   0
  22   50038100    0.000000  160.000000   6   5  38100   0
  23   50038101    0.000000  190.000000   6   5  38101   0
  24   50038102    0.000000  190.000000   6   5  38102   0
  25   50039092    0.000000  130.000000   6   5  39092   0
  26   50039093    0.000000  130.000000   6   5  39093   0
  27   51039093    0.000000  130.000000   6   5  39093   1
  28   50039094    0.000000  120.000000   6   5  39094   0
  29   50039095    0.000000  110.000000   6   5  39095   0
  30   50039096    0.000000  110.000000   6   5  39096   0
  31   50039097    0.000000  110.000000   6   5  39097   0
  32   51039097    0.000000  110.000000   6   5  39097   1
  33   50039098    0.000000  110.000000   6   5  39098   0
  34   51039098    0.000000  110.000000   6   5  39098   1
  35   50039099    0.000000  110.000000   6   5  39099   0
  36   50039100    0.000000  130.000000   6   5  39100   0
  37   51039100    0.000000  130.000000   6   5  39100   1
  38   50039101    0.000000  130.000000   6   5  39101   0
  39   50039102    0.000000  160.000000   6   5  39102   0
  40   50039103    0.000000  160.000000   6   5  39103   0
  41   50039104    0.000000  190.000000   6   5  39104   0
  42   50040093    0.000000  130.000000   6   5  40093   0
  43   50040094    0.000000  120.000000   6   5  40094   0
  44   50040095    0.000000  110.000000   6   5  40095   0
  45   50040096    0.000000  110.000000   6   5  40096   0
  46   50040097    0.000000   95.000000   6   5  40097   0
  47   50040098    0.000000   90.000000   6   5  40098   0
  48   50040099    0.000000   85.000000   6   5  40099   0
  49   50040100    0.000000   85.000000   6   5  40100   0
  50   50040101    0.000000  110.000000   6   5  40101   0
  51   50040102    0.000000  110.000000   6   5  40102   0
  52   50040103    0.000000  130.000000   6   5  40103   0
  53   50040104    0.000000  130.000000   6   5  40104   0
  54   50040105    0.000000  160.000000   6   5  40105   0
  55   50040106    0.000000  160.000000   6   5  40106   0
  56   50041094    0.000000  130.000000   6   5  41094   0
  57   51041094    0.000000  130.000000   6   5  41094   1
  58   50041095    0.000000  120.000000   6   5  41095   0
  59   51041095    0.000000  120.000000   6   5  41095   1
  60   50041096    0.000000  110.000000   6   5  41096   0
  61   50041097    0.000000  110.000000   6   5  41097   0
  62   51041097    0.000000  110.000000   6   5  41097   1
  63   50041098    0.000000   95.000000   6   5  41098   0
  64   51041098    0.000000   95.000000   6   5  41098   1
  65   50041099    0.000000   90.000000   6   5  41099   0
  66   51041099    0.000000   90.000000   6   5  41099   1
  67   50041100    0.000000   85.000000   6   5  41100   0
  68   51041100    0.000000   85.000000   6   5  41100   1
  69   50041101    0.000000   85.000000   6   5  41101   0
  70   50041102    0.000000   85.000000   6   5  41102   0
  71   51041102    0.000000   85.000000   6   5  41102   1
  72   50041103    0.000000   85.000000   6   5  41103   0
  73   50041104    0.000000  110.000000   6   5  41104   0
  74   50041105    0.000000  110.000000   6   5  41105   0
  75   50041106    0.000000  130.000000   6   5  41106   0
  76   50041107    0.000000  140.000000   6   5  41107   0
  77   50041108    0.000000  160.000000   6   5  41108   0
  78   50041109    0.000000  170.000000   6   5  41109   0
  79   50042095    0.000000  140.000000   6   5  42095   0
  80   50042096    0.000000  130.000000   6   5  42096   0
  81   50042097    0.000000  110.000000   6   5  42097   0
  82   50042098    0.000000  110.000000   6   5  42098   0
  83   50042099    0.000000   95.000000   6   5  42099   0
  84   50042100    0.000000   85.000000   6   5  42100   0
  85   50042101    0.000000   76.000000   6   5  42101   0
  86   50042102    0.000000   68.000000   6   5  42102   0
  87   50042103    0.000000   64.000000   6   5  42103   0
  88   50042104    0.000000   70.000000   6   5  42104   0
  89   50042105    0.000000   85.000000   6   5  42105   0
  90   50042106    0.000000   85.000000   6   5  42106   0
  91   50042107    0.000000  110.000000   6   5  42107   0
  92   50042108    0.000000  110.000000   6   5  42108   0
  93   50042109    0.000000  140.000000   6   5  42109   0
  94   50042110    0.000000  140.000000   6   5  42110   0
  95   50042111    0.000000  170.000000   6   5  42111   0
  96   50042112    0.000000  180.000000   6   5  42112   0
  97   50043096    0.000000  140.000000   6   5  43096   0
  98   51043096    0.000000  140.000000   6   5  43096   1
  99   50043097    0.000000  130.000000   6   5  43097   0
 100   51043097    0.000000  130.000000   6   5  43097   1
 101   50043098    0.000000  110.000000   6   5  43098   0
 102   50043099    0.000000  110.000000   6   5  43099   0
 103   51043099    0.000000  110.000000   6   5  43099   1
 104   50043100    0.000000   95.000000   6   5  43100   0
 105   50043101    0.000000   85.000000   6   5  43101   0
 106   50043102    0.000000   78.000000   6   5  43102   0
 107   51043102    0.000000   78.000000   6   5  43102   1
 108   50043103    0.000000   70.000000   6   5  43103   0
 109   50043104    0.000000   64.000000   6   5  43104   0
 110   50043105    0.000000   64.000000   6   5  43105   0
 111   50043106    0.000000   62.000000   6   5  43106   0
 112   50043107    0.000000   70.000000   6   5  43107   0
 113   50043108    0.000000   85.000000   6   5  43108   0
 114   50043109    0.000000   85.000000   6   5  43109   0
 115   50043110    0.000000  110.000000   6   5  43110   0
 116   50043111    0.000000  110.000000   6   5  43111   0
 117   50043112    0.000000  140.000000   6   5  43112   0
 118   50043113    0.000000  140.000000   6   5  43113   0
 119   50043114    0.000000  180.000000   6   5  43114   0
 120   50044097    0.000000  140.000000   6   5  44097   0
 121   50044098    0.000000  130.000000   6   5  44098   0
 122   50044099    0.000000  120.000000   6   5  44099   0
 123   50044100    0.000000  110.000000   6   5  44100   0
 124   50044101    0.000000   95.000000   6   5  44101   0
 125   50044102    0.000000   85.000000   6   5  44102   0
 126   50044103    0.000000   76.000000   6   5  44103   0
 127   50044104    0.000000   66.000000   6   5  44104   0
 128   50044105    0.000000   58.000000   6   5  44105   0
 129   50044106    0.000000   50.000000   6   5  44106   0
 130   50044107    0.000000   44.000000   6   5  44107   0
 131   50044108    0.000000   52.000000   6   5  44108   0
 132   50044109    0.000000   60.000000   6   5  44109   0
 133   50044110    0.000000   68.000000   6   5  44110   0
 134   50044111    0.000000   80.000000   6   5  44111   0
 135   50044112    0.000000   85.000000   6   5  44112   0
 136   50044113    0.000000  110.000000   6   5  44113   0
 137   50044114    0.000000  110.000000   6   5  44114   0
 138   50044115    0.000000  140.000000   6   5  44115   0
 139   50045098    0.000000  140.000000   6   5  45098   0
 140   51045098    0.000000  140.000000   6   5  45098   1
 141   50045099    0.000000  130.000000   6   5  45099   0
 142   51045099    0.000000  130.000000   6   5  45099   1
 143   50045100    0.000000  120.000000   6   5  45100   0
 144   51045100    0.000000  120.000000   6   5  45100   1
 145   50045101    0.000000  110.000000   6   5  45101   0
 146   51045101    0.000000  110.000000   6   5  45101   1
 147   50045102    0.000000  100.000000   6   5  45102   0
 148   51045102    0.000000  100.000000   6   5  45102   1
 149   50045103    0.000000   90.000000   6   5  45103   0
 150   51045103    0.000000   90.000000   6   5  45103   1
 151   50045104    0.000000   80.000000   6   5  45104   0
 152   51045104    0.000000   80.000000   6   5  45104   1
 153   50045105    0.000000   72.000000   6   5  45105   0
 154   51045105    0.000000   72.000000   6   5  45105   1
 155   50045106    0.000000   64.000000   6   5  45106   0
 156   51045106    0.000000   64.000000   6   5  45106   1
 157   50045107    0.000000   54.000000   6   5  45107   0
 158   50045108    0.000000   48.000000   6   5  45108   0
 159   50045109    0.000000   44.000000   6   5  45109   0
 160   50045110    0.000000   42.000000   6   5  45110   0
 161   50045111    0.000000   54.000000   6   5  45111   0
 162   50045112    0.000000   60.000000   6   5  45112   0
 163   50045113    0.000000   70.000000   6   5  45113   0
 164   50045114    0.000000   80.000000   6   5  45114   0
 165   50045115    0.000000   85.000000   6   5  45115   0
 166   50045116    0.000000  110.000000   6   5  45116   0
 167   51045116    0.000000  110.000000   6   5  45116   1
 168   50046099    0.000000  150.000000   6   5  46099   0
 169   50046100    0.000000  140.000000   6   5  46100   0
 170   50046101    0.000000  130.000000   6   5  46101   0
 171   50046102    0.000000  120.000000   6   5  46102   0
 172   50046103    0.000000  100.000000   6   5  46103   0
 173   50046104    0.000000   90.000000   6   5  46104   0
 174   50046105    0.000000   78.000000   6   5  46105   0
 175   50046106    0.000000   68.000000   6   5  46106   0
 176   50046107    0.000000   58.000000   6   5  46107   0
 177   51046107    0.000000   58.000000   6   5  46107   1
 178   50046108    0.000000   50.000000   6   5  46108   0
 179   50046109    0.000000   40.000000   6   5  46109   0
 180   51046109    0.000000   40.000000   6   5  46109   1
 181   50046110    0.000000   32.000000   6   5  46110   0
 182   50046111    0.000000   25.000000   6   5  46111   0
 183   51046111    0.000000   25.000000   6   5  46111   1
 184   50046112    0.000000   38.000000   6   5  46112   0
 185   50046113    0.000000   40.000000   6   5  46113   0
 186   51046113    0.000000   40.000000   6   5  46113   1
 187   50046114    0.000000   52.000000   6   5  46114   0
 188   50046115    0.000000   58.000000   6   5  46115   0
 189   51046115    0.000000   58.000000   6   5  46115   1
 190   50046116    0.000000   68.000000   6   5  46116   0
 191   50046117    0.000000   85.000000   6   5  46117   0
 192   50047100    0.000000  160.000000   6   5  47100   0
 193   51047100    0.000000  160.000000   6   5  47100   1
 194   50047101    0.000000  140.000000   6   5  47101   0
 195   51047101    0.000000  140.000000   6   5  47101   1
 196   50047102    0.000000  130.000000   6   5  47102   0
 197   51047102    0.000000  130.000000   6   5  47102   1
 198   50047103    0.000000  120.000000   6   5  47103   0
 199   51047103    0.000000  120.000000   6   5  47103   1
 200   50047104    0.000000  110.000000   6   5  47104   0
 201   51047104    0.000000  110.000000   6   5  47104   1
 202   50047105    0.000000   95.000000   6   5  47105   0
 203   51047105    0.000000   95.000000   6   5  47105   1
 204   50047106    0.000000   90.000000   6   5  47106   0
 205   51047106    0.000000   90.000000   6   5  47106   1
 206   50047107    0.000000   76.000000   6   5  47107   0
 207   51047107    0.000000   76.000000   6   5  47107   1
 208   50047108    0.000000   68.000000   6   5  47108   0
 209   51047108    0.000000   68.000000   6   5  47108   1
 210   50047109    0.000000   58.000000   6   5  47109   0
 211   51047109    0.000000   58.000000   6   5  47109   1
 212   50047110    0.000000   50.000000   6   5  47110   0
 213   51047110    0.000000   50.000000   6   5  47110   1
 214   50047111    0.000000   40.000000   6   5  47111   0
 215   51047111    0.000000   40.000000   6   5  47111   1
 216   50047112    0.000000   34.000000   6   5  47112   0
 217   50047113    0.000000   30.000000   6   5  47113   0
 218   51047113    0.000000   30.000000   6   5  47113   1
 219   50047114    0.000000   26.000000   6   5  47114   0
 220   50047115    0.000000   38.000000   6   5  47115   0
 221   51047115    0.000000   38.000000   6   5  47115   1
 222   50047116    0.000000   40.000000   6   5  47116   0
 223   51047116    0.000000   40.000000   6   5  47116   1
 224   50047117    0.000000   54.000000   6   5  47117   0
 225   51047117    0.000000   54.000000   6   5  47117   1
 226   50047118    0.000000   58.000000   6   5  47118   0
 227   50048101    0.000000  170.000000   6   5  48101   0
 228   50048102    0.000000  150.000000   6   5  48102   0
 229   50048103    0.000000  140.000000   6   5  48103   0
 230   50048104    0.000000  130.000000   6   5  48104   0
 231   50048105    0.000000  110.000000   6   5  48105   0
 232   50048106    0.000000  100.000000   6   5  48106   0
 233   50048107    0.000000   85.000000   6   5  48107   0
 234   50048108    0.000000   74.000000   6   5  48108   0
 235   50048109    0.000000   64.000000   6   5  48109   0
 236   50048110    0.000000   54.000000   6   5  48110   0
 237   50048111    0.000000   44.000000   6   5  48111   0
 238   51048111    0.000000   44.000000   6   5  48111   1
 239   50048112    0.000000   34.000000   6   5  48112   0
 240   50048113    0.000000   28.000000   6   5  48113   0
 241   51048113    0.000000   28.000000   6   5  48113   1
 242   50048114    0.000000   18.500000   6   5  48114   0
 243   50048115    0.000000   12.500000   6   5  48115   0
 244   51048115    0.000000   12.500000   6   5  48115   1
 245   50048116    0.000000   24.000000   6   5  48116   0
 246   50048117    0.000000   26.000000   6   5  48117   0
 247   51048117    0.000000   26.000000   6   5  48117   1
 248   50048118    0.000000   38.000000   6   5  48118   0
 249   50048119    0.000000   40.000000   6   5  48119   0
 250   51048119    0.000000   40.000000   6   5  48119   1
 251   50049102    0.000000  180.000000   6   5  49102   0
 252   50049103    0.000000  160.000000   6   5  49103   0
 253   51049103    0.000000  160.000000   6   5  49103   1
 254   50049104    0.000000  150.000000   6   5  49104   0
 255   51049104    0.000000  150.000000   6   5  49104   1
 256   50049105    0.000000  140.000000   6   5  49105   0
 257   51049105    0.000000  140.000000   6   5  49105   1
 258   50049106    0.000000  120.000000   6   5  49106   0
 259   51049106    0.000000  120.000000   6   5  49106   1
 260   50049107    0.000000  110.000000   6   5  49107   0
 261   51049107    0.000000  110.000000   6   5  49107   1
 262   50049108    0.000000  100.000000   6   5  49108   0
 263   51049108    0.000000  100.000000   6   5  49108   1
 264   50049109    0.000000   85.000000   6   5  49109   0
 265   51049109    0.000000   90.000000   6   5  49109   1
 266   50049110    0.000000   76.000000   6   5  49110   0
 267   51049110    0.000000   76.000000   6   5  49110   1
 268   50049111    0.000000   66.000000   6   5  49111   0
 269   51049111    0.000000   66.000000   6   5  49111   1
 270   50049112    0.000000   56.000000   6   5  49112   0
 271   51049112    0.000000   56.000000   6   5  49112   1
 272   50049113    0.000000   46.000000   6   5  49113   0
 273   51049113    0.000000   48.000000   6   5  49113   1
 274   50049114    0.000000   40.000000   6   5  49114   0
 275   51049114    0.000000   40.000000   6   5  49114   1
 276   50049115    0.000000   29.000000   6   5  49115   0
 277   51049115    0.000000   30.000000   6   5  49115   1
 278   50049116    0.000000   22.000000   6   5  49116   0
 279   51049116    0.000000   22.000000   6   5  49116   1
 280   52049116    0.000000   23.000000   6   5  49116   2
 281   50049117    0.000000   19.500000   6   5  49117   0
 282   51049117    0.000000   20.000000   6   5  49117   1
 283   50049118    0.000000   15.000000   6   5  49118   0
 284   51049118    0.000000   15.000000   6   5  49118   1
 285   50049119    0.000000   27.000000   6   5  49119   0
 286   51049119    0.000000   27.000000   6   5  49119   1
 287   50049120    0.000000   28.000000   6   5  49120   0
 288   51049120    0.000000   28.000000   6   5  49120   1
 289   50050103    0.000000  190.000000   6   5  50103   0
 290   50050104    0.000000  170.000000   6   5  50104   0
 291   50050105    0.000000  160.000000   6   5  50105   0
 292   50050106    0.000000  140.000000   6   5  50106   0
 293   50050107    0.000000  130.000000   6   5  50107   0
 294   50050108    0.000000  110.000000   6   5  50108   0
 295   50050109    0.000000  100.000000   6   5  50109   0
 296   50050110    0.000000   85.000000   6   5  50110   0
 297   50050111    0.000000   76.000000   6   5  50111   0
 298   50050112    0.000000   64.000000   6   5  50112   0
 299   50050113    0.000000   56.000000   6   5  50113   0
 300   51050113    0.000000   56.000000   6   5  50113   1
 301   50050114    0.000000   46.000000   6   5  50114   0
 302   50050115    0.000000   36.000000   6   5  50115   0
 303   50050116    0.000000   26.000000   6   5  50116   0
 304   50050117    0.000000   19.000000   6   5  50117   0
 305   51050117    0.000000   19.500000   6   5  50117   1
 306   50050118    0.000000    9.500000   6   5  50118   0
 307   50050119    0.000000    3.000000   6   5  50119   0
 308   51050119    0.000000    3.500000   6   5  50119   1
 309   50050120    0.000000   14.500000   6   5  50120   0
 310   50050121    0.000000   15.500000   6   5  50121   0
 311   51050121    0.000000   15.500000   6   5  50121   1
 312   50051105    0.000000  180.000000   6   5  51105   0
 313   50051106    0.000000  170.000000   6   5  51106   0
 314   50051107    0.000000  160.000000   6   5  51107   0
 315   50051108    0.000000  140.000000   6   5  51108   0
 316   50051109    0.000000  130.000000   6   5  51109   0
 317   50051110    0.000000  120.000000   6   5  51110   0
 318   50051111    0.000000  110.000000   6   5  51111   0
 319   50051112    0.000000   95.000000   6   5  51112   0
 320   50051113    0.000000   80.000000   6   5  51113   0
 321   50051114    0.000000   72.000000   6   5  51114   0
 322   50051115    0.000000   60.000000   6   5  51115   0
 323   50051116    0.000000   52.000000   6   5  51116   0
 324   51051116    0.000000   52.000000   6   5  51116   1
 325   50051117    0.000000   42.000000   6   5  51117   0
 326   50051118    0.000000   34.000000   6   5  51118   0
 327   51051118    0.000000   34.000000   6   5  51118   1
 328   50051119    0.000000   24.000000   6   5  51119   0
 329   50051120    0.000000   16.500000   6   5  51120   0
 330   51051120    0.000000   16.500000   6   5  51120   1
 331   50051121    0.000000   13.000000   6   5  51121   0
 332   50051122    0.000000    8.500000   6   5  51122   0
 333   51051122    0.000000    9.000000   6   5  51122   1
 334   50052107    0.000000  180.000000   6   5  52107   0
 335   50052108    0.000000  160.000000   6   5  52108   0
 336   50052109    0.000000  150.000000   6   5  52109   0
 337   50052110    0.000000  140.000000   6   5  52110   0
 338   50052111    0.000000  130.000000   6   5  52111   0
 339   50052112    0.000000  110.000000   6   5  52112   0
 340   50052113    0.000000  100.000000   6   5  52113   0
 341   50052114    0.000000   85.000000   6   5  52114   0
 342   50052115    0.000000   76.000000   6   5  52115   0
 343   51052115    0.000000   76.000000   6   5  52115   1
 344   50052116    0.000000   64.000000   6   5  52116   0
 345   50052117    0.000000   56.000000   6   5  52117   0
 346   51052117    0.000000   56.000000   6   5  52117   1
 347   50052118    0.000000   44.000000   6   5  52118   0
 348   50052119    0.000000   36.000000   6   5  52119   0
 349   51052119    0.000000   36.000000   6   5  52119   1
 350   50052120    0.000000   25.000000   6   5  52120   0
 351   50052121    0.000000   17.000000   6   5  52121   0
 352   51052121    0.000000   17.500000   6   5  52121   1
 353   50052122    0.000000    7.000000   6   5  52122   0
 354   50052123    0.000000    1.000000   6   5  52123   0
 355   51052123    0.000000    1.000000   6   5  52123   1
 
   p   ZAP IP   NR    Tp [MeV]
   1     1  1    1    6.929013
   2     0  2    1    1.000000
   3  1001  9    1    8.125757
   4  1002 31    1   13.000000
   5  1003 32    1   16.000000
   6  2003 33    1   14.000000
   7  2004 34    1    3.000000
--------------------------------------------------------------------------------
 
