 
--------------------------------------------------------------------------------
 53-I -129   T= 0.00 K from IAEA/PD-2019       (ACEMAKER)
 ZAID= 53129.38u  MAT=5331  ZA= 53129
 AWR= 127.797600  STA=  1  ELIS=   0.000 MeV  LIS=  0  LISO=  0
--------------------------------------------------------------------------------
 NTOTR= 335 NTRAN=   1 NPROD= 334 NE=     127 EMAX= 200.000 MeV
   i     MT/MTD     Q [MeV]     T [MeV] LMF  MT    ZAP LFS
   1          5    0.000000    1.000000   3   5
   2   50038096    0.000000  160.000000   6   5  38096   0
   3   50038097    0.000000  160.000000   6   5  38097   0
   4   50038098    0.000000  160.000000   6   5  38098   0
   5   50038099    0.000000  160.000000   6   5  38099   0
   6   50038100    0.000000  160.000000   6   5  38100   0
   7   50038101    0.000000  180.000000   6   5  38101   0
   8   50038102    0.000000  180.000000   6   5  38102   0
   9   50039097    0.000000  150.000000   6   5  39097   0
  10   51039097    0.000000  150.000000   6   5  39097   1
  11   50039098    0.000000  150.000000   6   5  39098   0
  12   51039098    0.000000  150.000000   6   5  39098   1
  13   50039099    0.000000  150.000000   6   5  39099   0
  14   50039100    0.000000  150.000000   6   5  39100   0
  15   51039100    0.000000  150.000000   6   5  39100   1
  16   50039101    0.000000  150.000000   6   5  39101   0
  17   50039102    0.000000  160.000000   6   5  39102   0
  18   50039103    0.000000  160.000000   6   5  39103   0
  19   50039104    0.000000  180.000000   6   5  39104   0
  20   50039105    0.000000  190.000000   6   5  39105   0
  21   50040098    0.000000  150.000000   6   5  40098   0
  22   50040099    0.000000  140.000000   6   5  40099   0
  23   50040100    0.000000  140.000000   6   5  40100   0
  24   50040101    0.000000  130.000000   6   5  40101   0
  25   50040102    0.000000  130.000000   6   5  40102   0
  26   50040103    0.000000  130.000000   6   5  40103   0
  27   50040104    0.000000  130.000000   6   5  40104   0
  28   50040105    0.000000  150.000000   6   5  40105   0
  29   50040106    0.000000  150.000000   6   5  40106   0
  30   50040107    0.000000  180.000000   6   5  40107   0
  31   50040108    0.000000  180.000000   6   5  40108   0
  32   50041099    0.000000  140.000000   6   5  41099   0
  33   51041099    0.000000  140.000000   6   5  41099   1
  34   50041100    0.000000  140.000000   6   5  41100   0
  35   51041100    0.000000  140.000000   6   5  41100   1
  36   50041101    0.000000  130.000000   6   5  41101   0
  37   50041102    0.000000  120.000000   6   5  41102   0
  38   51041102    0.000000  120.000000   6   5  41102   1
  39   50041103    0.000000  120.000000   6   5  41103   0
  40   50041104    0.000000  110.000000   6   5  41104   0
  41   50041105    0.000000  110.000000   6   5  41105   0
  42   50041106    0.000000  130.000000   6   5  41106   0
  43   50041107    0.000000  130.000000   6   5  41107   0
  44   50041108    0.000000  150.000000   6   5  41108   0
  45   50041109    0.000000  150.000000   6   5  41109   0
  46   50041110    0.000000  180.000000   6   5  41110   0
  47   50041111    0.000000  190.000000   6   5  41111   0
  48   50042100    0.000000  140.000000   6   5  42100   0
  49   50042101    0.000000  130.000000   6   5  42101   0
  50   50042102    0.000000  130.000000   6   5  42102   0
  51   50042103    0.000000  120.000000   6   5  42103   0
  52   50042104    0.000000  110.000000   6   5  42104   0
  53   50042105    0.000000  110.000000   6   5  42105   0
  54   50042106    0.000000  110.000000   6   5  42106   0
  55   50042107    0.000000  110.000000   6   5  42107   0
  56   50042108    0.000000  110.000000   6   5  42108   0
  57   50042109    0.000000  120.000000   6   5  42109   0
  58   50042110    0.000000  120.000000   6   5  42110   0
  59   50042111    0.000000  150.000000   6   5  42111   0
  60   50042112    0.000000  150.000000   6   5  42112   0
  61   50042113    0.000000  190.000000   6   5  42113   0
  62   50042114    0.000000  190.000000   6   5  42114   0
  63   50043101    0.000000  140.000000   6   5  43101   0
  64   50043102    0.000000  130.000000   6   5  43102   0
  65   51043102    0.000000  130.000000   6   5  43102   1
  66   50043103    0.000000  120.000000   6   5  43103   0
  67   50043104    0.000000  110.000000   6   5  43104   0
  68   50043105    0.000000  100.000000   6   5  43105   0
  69   50043106    0.000000   95.000000   6   5  43106   0
  70   50043107    0.000000   85.000000   6   5  43107   0
  71   50043108    0.000000   85.000000   6   5  43108   0
  72   50043109    0.000000   85.000000   6   5  43109   0
  73   50043110    0.000000   85.000000   6   5  43110   0
  74   50043111    0.000000   95.000000   6   5  43111   0
  75   50043112    0.000000  120.000000   6   5  43112   0
  76   50043113    0.000000  120.000000   6   5  43113   0
  77   50043114    0.000000  150.000000   6   5  43114   0
  78   50043115    0.000000  160.000000   6   5  43115   0
  79   50043116    0.000000  190.000000   6   5  43116   0
  80   50044102    0.000000  140.000000   6   5  44102   0
  81   50044103    0.000000  130.000000   6   5  44103   0
  82   50044104    0.000000  120.000000   6   5  44104   0
  83   50044105    0.000000  110.000000   6   5  44105   0
  84   50044106    0.000000  100.000000   6   5  44106   0
  85   50044107    0.000000   95.000000   6   5  44107   0
  86   50044108    0.000000   85.000000   6   5  44108   0
  87   50044109    0.000000   85.000000   6   5  44109   0
  88   50044110    0.000000   80.000000   6   5  44110   0
  89   50044111    0.000000   78.000000   6   5  44111   0
  90   50044112    0.000000   78.000000   6   5  44112   0
  91   50044113    0.000000   80.000000   6   5  44113   0
  92   50044114    0.000000   95.000000   6   5  44114   0
  93   50044115    0.000000  120.000000   6   5  44115   0
  94   50044116    0.000000  120.000000   6   5  44116   0
  95   50044117    0.000000  160.000000   6   5  44117   0
  96   50044118    0.000000  160.000000   6   5  44118   0
  97   50045103    0.000000  140.000000   6   5  45103   0
  98   51045103    0.000000  140.000000   6   5  45103   1
  99   50045104    0.000000  130.000000   6   5  45104   0
 100   51045104    0.000000  130.000000   6   5  45104   1
 101   50045105    0.000000  120.000000   6   5  45105   0
 102   51045105    0.000000  120.000000   6   5  45105   1
 103   50045106    0.000000  110.000000   6   5  45106   0
 104   51045106    0.000000  110.000000   6   5  45106   1
 105   50045107    0.000000  100.000000   6   5  45107   0
 106   50045108    0.000000   90.000000   6   5  45108   0
 107   50045109    0.000000   78.000000   6   5  45109   0
 108   50045110    0.000000   70.000000   6   5  45110   0
 109   50045111    0.000000   64.000000   6   5  45111   0
 110   50045112    0.000000   58.000000   6   5  45112   0
 111   50045113    0.000000   52.000000   6   5  45113   0
 112   50045114    0.000000   64.000000   6   5  45114   0
 113   50045115    0.000000   68.000000   6   5  45115   0
 114   50045116    0.000000   80.000000   6   5  45116   0
 115   51045116    0.000000   80.000000   6   5  45116   1
 116   50045117    0.000000   95.000000   6   5  45117   0
 117   50045118    0.000000  120.000000   6   5  45118   0
 118   50045119    0.000000  130.000000   6   5  45119   0
 119   50045120    0.000000  160.000000   6   5  45120   0
 120   50046104    0.000000  150.000000   6   5  46104   0
 121   50046105    0.000000  130.000000   6   5  46105   0
 122   50046106    0.000000  120.000000   6   5  46106   0
 123   50046107    0.000000  110.000000   6   5  46107   0
 124   51046107    0.000000  110.000000   6   5  46107   1
 125   50046108    0.000000  100.000000   6   5  46108   0
 126   50046109    0.000000   90.000000   6   5  46109   0
 127   51046109    0.000000   90.000000   6   5  46109   1
 128   50046110    0.000000   80.000000   6   5  46110   0
 129   50046111    0.000000   74.000000   6   5  46111   0
 130   51046111    0.000000   74.000000   6   5  46111   1
 131   50046112    0.000000   64.000000   6   5  46112   0
 132   50046113    0.000000   58.000000   6   5  46113   0
 133   51046113    0.000000   58.000000   6   5  46113   1
 134   50046114    0.000000   52.000000   6   5  46114   0
 135   50046115    0.000000   52.000000   6   5  46115   0
 136   51046115    0.000000   52.000000   6   5  46115   1
 137   50046116    0.000000   50.000000   6   5  46116   0
 138   50046117    0.000000   62.000000   6   5  46117   0
 139   50046118    0.000000   68.000000   6   5  46118   0
 140   50046119    0.000000   80.000000   6   5  46119   0
 141   50046120    0.000000   90.000000   6   5  46120   0
 142   50046121    0.000000  120.000000   6   5  46121   0
 143   50047105    0.000000  150.000000   6   5  47105   0
 144   51047105    0.000000  150.000000   6   5  47105   1
 145   50047106    0.000000  140.000000   6   5  47106   0
 146   51047106    0.000000  140.000000   6   5  47106   1
 147   50047107    0.000000  130.000000   6   5  47107   0
 148   51047107    0.000000  130.000000   6   5  47107   1
 149   50047108    0.000000  120.000000   6   5  47108   0
 150   51047108    0.000000  120.000000   6   5  47108   1
 151   50047109    0.000000  100.000000   6   5  47109   0
 152   51047109    0.000000  100.000000   6   5  47109   1
 153   50047110    0.000000   90.000000   6   5  47110   0
 154   51047110    0.000000   90.000000   6   5  47110   1
 155   50047111    0.000000   80.000000   6   5  47111   0
 156   51047111    0.000000   80.000000   6   5  47111   1
 157   50047112    0.000000   70.000000   6   5  47112   0
 158   50047113    0.000000   60.000000   6   5  47113   0
 159   51047113    0.000000   60.000000   6   5  47113   1
 160   50047114    0.000000   52.000000   6   5  47114   0
 161   50047115    0.000000   44.000000   6   5  47115   0
 162   51047115    0.000000   44.000000   6   5  47115   1
 163   50047116    0.000000   38.000000   6   5  47116   0
 164   51047116    0.000000   38.000000   6   5  47116   1
 165   50047117    0.000000   29.000000   6   5  47117   0
 166   51047117    0.000000   29.000000   6   5  47117   1
 167   50047118    0.000000   44.000000   6   5  47118   0
 168   50047119    0.000000   48.000000   6   5  47119   0
 169   51047119    0.000000   48.000000   6   5  47119   1
 170   50047120    0.000000   60.000000   6   5  47120   0
 171   50047121    0.000000   72.000000   6   5  47121   0
 172   50047122    0.000000   80.000000   6   5  47122   0
 173   51047122    0.000000   80.000000   6   5  47122   1
 174   50047123    0.000000  120.000000   6   5  47123   0
 175   50048106    0.000000  150.000000   6   5  48106   0
 176   50048107    0.000000  140.000000   6   5  48107   0
 177   50048108    0.000000  130.000000   6   5  48108   0
 178   50048109    0.000000  120.000000   6   5  48109   0
 179   50048110    0.000000  110.000000   6   5  48110   0
 180   50048111    0.000000   95.000000   6   5  48111   0
 181   51048111    0.000000   95.000000   6   5  48111   1
 182   50048112    0.000000   85.000000   6   5  48112   0
 183   50048113    0.000000   74.000000   6   5  48113   0
 184   51048113    0.000000   76.000000   6   5  48113   1
 185   50048114    0.000000   64.000000   6   5  48114   0
 186   50048115    0.000000   58.000000   6   5  48115   0
 187   51048115    0.000000   58.000000   6   5  48115   1
 188   50048116    0.000000   48.000000   6   5  48116   0
 189   50048117    0.000000   42.000000   6   5  48117   0
 190   51048117    0.000000   42.000000   6   5  48117   1
 191   50048118    0.000000   34.000000   6   5  48118   0
 192   50048119    0.000000   34.000000   6   5  48119   0
 193   51048119    0.000000   34.000000   6   5  48119   1
 194   50048120    0.000000   28.000000   6   5  48120   0
 195   50048121    0.000000   42.000000   6   5  48121   0
 196   51048121    0.000000   42.000000   6   5  48121   1
 197   50048122    0.000000   44.000000   6   5  48122   0
 198   50048123    0.000000   60.000000   6   5  48123   0
 199   51048123    0.000000   60.000000   6   5  48123   1
 200   50048124    0.000000   74.000000   6   5  48124   0
 201   50049107    0.000000  160.000000   6   5  49107   0
 202   51049107    0.000000  160.000000   6   5  49107   1
 203   50049108    0.000000  150.000000   6   5  49108   0
 204   51049108    0.000000  150.000000   6   5  49108   1
 205   50049109    0.000000  140.000000   6   5  49109   0
 206   51049109    0.000000  140.000000   6   5  49109   1
 207   50049110    0.000000  120.000000   6   5  49110   0
 208   51049110    0.000000  120.000000   6   5  49110   1
 209   50049111    0.000000  110.000000   6   5  49111   0
 210   51049111    0.000000  110.000000   6   5  49111   1
 211   50049112    0.000000   95.000000   6   5  49112   0
 212   51049112    0.000000   95.000000   6   5  49112   1
 213   50049113    0.000000   85.000000   6   5  49113   0
 214   51049113    0.000000   85.000000   6   5  49113   1
 215   50049114    0.000000   74.000000   6   5  49114   0
 216   51049114    0.000000   74.000000   6   5  49114   1
 217   50049115    0.000000   64.000000   6   5  49115   0
 218   51049115    0.000000   64.000000   6   5  49115   1
 219   50049116    0.000000   54.000000   6   5  49116   0
 220   51049116    0.000000   54.000000   6   5  49116   1
 221   52049116    0.000000   54.000000   6   5  49116   2
 222   50049117    0.000000   44.000000   6   5  49117   0
 223   51049117    0.000000   46.000000   6   5  49117   1
 224   50049118    0.000000   38.000000   6   5  49118   0
 225   51049118    0.000000   38.000000   6   5  49118   1
 226   50049119    0.000000   29.000000   6   5  49119   0
 227   51049119    0.000000   29.000000   6   5  49119   1
 228   50049120    0.000000   23.000000   6   5  49120   0
 229   51049120    0.000000   23.000000   6   5  49120   1
 230   50049121    0.000000   14.000000   6   5  49121   0
 231   51049121    0.000000   14.500000   6   5  49121   1
 232   50049122    0.000000   29.000000   6   5  49122   0
 233   51049122    0.000000   29.000000   6   5  49122   1
 234   50049123    0.000000   29.000000   6   5  49123   0
 235   51049123    0.000000   29.000000   6   5  49123   1
 236   50049124    0.000000   44.000000   6   5  49124   0
 237   50049125    0.000000   44.000000   6   5  49125   0
 238   51049125    0.000000   44.000000   6   5  49125   1
 239   50050108    0.000000  170.000000   6   5  50108   0
 240   50050109    0.000000  150.000000   6   5  50109   0
 241   50050110    0.000000  140.000000   6   5  50110   0
 242   50050111    0.000000  130.000000   6   5  50111   0
 243   50050112    0.000000  120.000000   6   5  50112   0
 244   50050113    0.000000  110.000000   6   5  50113   0
 245   51050113    0.000000  110.000000   6   5  50113   1
 246   50050114    0.000000   90.000000   6   5  50114   0
 247   50050115    0.000000   85.000000   6   5  50115   0
 248   50050116    0.000000   72.000000   6   5  50116   0
 249   50050117    0.000000   64.000000   6   5  50117   0
 250   51050117    0.000000   64.000000   6   5  50117   1
 251   50050118    0.000000   54.000000   6   5  50118   0
 252   50050119    0.000000   46.000000   6   5  50119   0
 253   51050119    0.000000   46.000000   6   5  50119   1
 254   50050120    0.000000   36.000000   6   5  50120   0
 255   50050121    0.000000   29.000000   6   5  50121   0
 256   51050121    0.000000   29.000000   6   5  50121   1
 257   50050122    0.000000   20.000000   6   5  50122   0
 258   50050123    0.000000   20.000000   6   5  50123   0
 259   51050123    0.000000   20.000000   6   5  50123   1
 260   50050124    0.000000   13.500000   6   5  50124   0
 261   50050125    0.000000   28.000000   6   5  50125   0
 262   51050125    0.000000   28.000000   6   5  50125   1
 263   50050126    0.000000   28.000000   6   5  50126   0
 264   50051109    0.000000  180.000000   6   5  51109   0
 265   50051110    0.000000  170.000000   6   5  51110   0
 266   50051111    0.000000  150.000000   6   5  51111   0
 267   50051112    0.000000  140.000000   6   5  51112   0
 268   50051113    0.000000  120.000000   6   5  51113   0
 269   50051114    0.000000  110.000000   6   5  51114   0
 270   50051115    0.000000   95.000000   6   5  51115   0
 271   50051116    0.000000   85.000000   6   5  51116   0
 272   51051116    0.000000   85.000000   6   5  51116   1
 273   50051117    0.000000   72.000000   6   5  51117   0
 274   50051118    0.000000   64.000000   6   5  51118   0
 275   51051118    0.000000   64.000000   6   5  51118   1
 276   50051119    0.000000   54.000000   6   5  51119   0
 277   50051120    0.000000   46.000000   6   5  51120   0
 278   51051120    0.000000   46.000000   6   5  51120   1
 279   50051121    0.000000   36.000000   6   5  51121   0
 280   50051122    0.000000   29.000000   6   5  51122   0
 281   51051122    0.000000   29.000000   6   5  51122   1
 282   50051123    0.000000   19.500000   6   5  51123   0
 283   50051124    0.000000   13.000000   6   5  51124   0
 284   51051124    0.000000   13.000000   6   5  51124   1
 285   52051124    0.000000   13.000000   6   5  51124   2
 286   50051125    0.000000    4.000000   6   5  51125   0
 287   50051126    0.000000   18.500000   6   5  51126   0
 288   51051126    0.000000   18.500000   6   5  51126   1
 289   50051127    0.000000   17.500000   6   5  51127   0
 290   50052110    0.000000  190.000000   6   5  52110   0
 291   50052111    0.000000  180.000000   6   5  52111   0
 292   50052112    0.000000  160.000000   6   5  52112   0
 293   50052113    0.000000  150.000000   6   5  52113   0
 294   50052114    0.000000  130.000000   6   5  52114   0
 295   50052115    0.000000  120.000000   6   5  52115   0
 296   51052115    0.000000  120.000000   6   5  52115   1
 297   50052116    0.000000  110.000000   6   5  52116   0
 298   50052117    0.000000  100.000000   6   5  52117   0
 299   51052117    0.000000  100.000000   6   5  52117   1
 300   50052118    0.000000   85.000000   6   5  52118   0
 301   50052119    0.000000   78.000000   6   5  52119   0
 302   51052119    0.000000   78.000000   6   5  52119   1
 303   50052120    0.000000   66.000000   6   5  52120   0
 304   50052121    0.000000   58.000000   6   5  52121   0
 305   51052121    0.000000   58.000000   6   5  52121   1
 306   50052122    0.000000   48.000000   6   5  52122   0
 307   50052123    0.000000   40.000000   6   5  52123   0
 308   51052123    0.000000   40.000000   6   5  52123   1
 309   50052124    0.000000   30.000000   6   5  52124   0
 310   50052125    0.000000   23.000000   6   5  52125   0
 311   51052125    0.000000   24.000000   6   5  52125   1
 312   50052126    0.000000   14.000000   6   5  52126   0
 313   50052127    0.000000   14.000000   6   5  52127   0
 314   51052127    0.000000   14.000000   6   5  52127   1
 315   50052128    0.000000    7.000000   6   5  52128   0
 316   50053113    0.000000  190.000000   6   5  53113   0
 317   50053114    0.000000  160.000000   6   5  53114   0
 318   51053114    0.000000  160.000000   6   5  53114   1
 319   50053115    0.000000  140.000000   6   5  53115   0
 320   50053116    0.000000  130.000000   6   5  53116   0
 321   50053117    0.000000  120.000000   6   5  53117   0
 322   50053118    0.000000  110.000000   6   5  53118   0
 323   51053118    0.000000  110.000000   6   5  53118   1
 324   50053119    0.000000   95.000000   6   5  53119   0
 325   50053120    0.000000   85.000000   6   5  53120   0
 326   51053120    0.000000   85.000000   6   5  53120   1
 327   50053121    0.000000   70.000000   6   5  53121   0
 328   50053122    0.000000   62.000000   6   5  53122   0
 329   50053123    0.000000   52.000000   6   5  53123   0
 330   50053124    0.000000   44.000000   6   5  53124   0
 331   50053125    0.000000   34.000000   6   5  53125   0
 332   50053126    0.000000   26.000000   6   5  53126   0
 333   50053127    0.000000   16.000000   6   5  53127   0
 334   50053128    0.000000    9.000000   6   5  53128   0
 335   50053129    0.000000    1.000000   6   5  53129   0
 
   p   ZAP IP   NR    Tp [MeV]
   1     1  1    1    8.839718
   2     0  2    1    1.000000
   3  1001  9    1    6.802380
   4  1002 31    1   13.361170
   5  1003 32    1   14.000000
   6  2003 33    1   18.500000
   7  2004 34    1    4.000000
--------------------------------------------------------------------------------
 
