 
--------------------------------------------------------------------------------
 54-Xe-132   T= 0.00 K from IAEA/PD-2019       (ACEMAKER)
 ZAID= 54132.38u  MAT=5449  ZA= 54132
 AWR= 130.771000  STA=  0  ELIS=   0.000 MeV  LIS=  0  LISO=  0
--------------------------------------------------------------------------------
 NTOTR= 337 NTRAN=   1 NPROD= 336 NE=     128 EMAX= 200.000 MeV
   i     MT/MTD     Q [MeV]     T [MeV] LMF  MT    ZAP LFS
   1          5    0.000000    1.000000   3   5
   2   50039099    0.000000  170.000000   6   5  39099   0
   3   50039100    0.000000  170.000000   6   5  39100   0
   4   51039100    0.000000  170.000000   6   5  39100   1
   5   50039101    0.000000  170.000000   6   5  39101   0
   6   50039102    0.000000  170.000000   6   5  39102   0
   7   50039103    0.000000  170.000000   6   5  39103   0
   8   50039104    0.000000  190.000000   6   5  39104   0
   9   50039105    0.000000  190.000000   6   5  39105   0
  10   50040100    0.000000  150.000000   6   5  40100   0
  11   50040101    0.000000  140.000000   6   5  40101   0
  12   50040102    0.000000  140.000000   6   5  40102   0
  13   50040103    0.000000  140.000000   6   5  40103   0
  14   50040104    0.000000  140.000000   6   5  40104   0
  15   50040105    0.000000  160.000000   6   5  40105   0
  16   50040106    0.000000  160.000000   6   5  40106   0
  17   50040107    0.000000  190.000000   6   5  40107   0
  18   50040108    0.000000  190.000000   6   5  40108   0
  19   50041101    0.000000  150.000000   6   5  41101   0
  20   50041102    0.000000  140.000000   6   5  41102   0
  21   51041102    0.000000  140.000000   6   5  41102   1
  22   50041103    0.000000  140.000000   6   5  41103   0
  23   50041104    0.000000  140.000000   6   5  41104   0
  24   50041105    0.000000  140.000000   6   5  41105   0
  25   50041106    0.000000  140.000000   6   5  41106   0
  26   50041107    0.000000  140.000000   6   5  41107   0
  27   50041108    0.000000  160.000000   6   5  41108   0
  28   50041109    0.000000  160.000000   6   5  41109   0
  29   50041110    0.000000  190.000000   6   5  41110   0
  30   50041111    0.000000  190.000000   6   5  41111   0
  31   50042102    0.000000  140.000000   6   5  42102   0
  32   50042103    0.000000  130.000000   6   5  42103   0
  33   50042104    0.000000  120.000000   6   5  42104   0
  34   50042105    0.000000  120.000000   6   5  42105   0
  35   50042106    0.000000  110.000000   6   5  42106   0
  36   50042107    0.000000  110.000000   6   5  42107   0
  37   50042108    0.000000  110.000000   6   5  42108   0
  38   50042109    0.000000  130.000000   6   5  42109   0
  39   50042110    0.000000  130.000000   6   5  42110   0
  40   50042111    0.000000  160.000000   6   5  42111   0
  41   50042112    0.000000  160.000000   6   5  42112   0
  42   50042113    0.000000  190.000000   6   5  42113   0
  43   50042114    0.000000  190.000000   6   5  42114   0
  44   50043103    0.000000  140.000000   6   5  43103   0
  45   50043104    0.000000  130.000000   6   5  43104   0
  46   50043105    0.000000  120.000000   6   5  43105   0
  47   50043106    0.000000  120.000000   6   5  43106   0
  48   50043107    0.000000  110.000000   6   5  43107   0
  49   50043108    0.000000  110.000000   6   5  43108   0
  50   50043109    0.000000  110.000000   6   5  43109   0
  51   50043110    0.000000  110.000000   6   5  43110   0
  52   50043111    0.000000  110.000000   6   5  43111   0
  53   50043112    0.000000  130.000000   6   5  43112   0
  54   50043113    0.000000  130.000000   6   5  43113   0
  55   50043114    0.000000  160.000000   6   5  43114   0
  56   50043115    0.000000  160.000000   6   5  43115   0
  57   50043116    0.000000  190.000000   6   5  43116   0
  58   50044104    0.000000  140.000000   6   5  44104   0
  59   50044105    0.000000  130.000000   6   5  44105   0
  60   50044106    0.000000  120.000000   6   5  44106   0
  61   50044107    0.000000  110.000000   6   5  44107   0
  62   50044108    0.000000  100.000000   6   5  44108   0
  63   50044109    0.000000   95.000000   6   5  44109   0
  64   50044110    0.000000   85.000000   6   5  44110   0
  65   50044111    0.000000   85.000000   6   5  44111   0
  66   50044112    0.000000   85.000000   6   5  44112   0
  67   50044113    0.000000   90.000000   6   5  44113   0
  68   50044114    0.000000  100.000000   6   5  44114   0
  69   50044115    0.000000  120.000000   6   5  44115   0
  70   50044116    0.000000  130.000000   6   5  44116   0
  71   50044117    0.000000  160.000000   6   5  44117   0
  72   50044118    0.000000  160.000000   6   5  44118   0
  73   50045105    0.000000  140.000000   6   5  45105   0
  74   51045105    0.000000  140.000000   6   5  45105   1
  75   50045106    0.000000  130.000000   6   5  45106   0
  76   51045106    0.000000  130.000000   6   5  45106   1
  77   50045107    0.000000  120.000000   6   5  45107   0
  78   50045108    0.000000  110.000000   6   5  45108   0
  79   50045109    0.000000  100.000000   6   5  45109   0
  80   50045110    0.000000   95.000000   6   5  45110   0
  81   50045111    0.000000   85.000000   6   5  45111   0
  82   50045112    0.000000   85.000000   6   5  45112   0
  83   50045113    0.000000   85.000000   6   5  45113   0
  84   50045114    0.000000   80.000000   6   5  45114   0
  85   50045115    0.000000   74.000000   6   5  45115   0
  86   50045116    0.000000   85.000000   6   5  45116   0
  87   51045116    0.000000   85.000000   6   5  45116   1
  88   50045117    0.000000   95.000000   6   5  45117   0
  89   50045118    0.000000  120.000000   6   5  45118   0
  90   50045119    0.000000  130.000000   6   5  45119   0
  91   50045120    0.000000  160.000000   6   5  45120   0
  92   50045121    0.000000  170.000000   6   5  45121   0
  93   50046106    0.000000  140.000000   6   5  46106   0
  94   50046107    0.000000  130.000000   6   5  46107   0
  95   51046107    0.000000  130.000000   6   5  46107   1
  96   50046108    0.000000  120.000000   6   5  46108   0
  97   50046109    0.000000  110.000000   6   5  46109   0
  98   51046109    0.000000  110.000000   6   5  46109   1
  99   50046110    0.000000  100.000000   6   5  46110   0
 100   50046111    0.000000   90.000000   6   5  46111   0
 101   51046111    0.000000   90.000000   6   5  46111   1
 102   50046112    0.000000   80.000000   6   5  46112   0
 103   50046113    0.000000   72.000000   6   5  46113   0
 104   51046113    0.000000   72.000000   6   5  46113   1
 105   50046114    0.000000   64.000000   6   5  46114   0
 106   50046115    0.000000   60.000000   6   5  46115   0
 107   51046115    0.000000   60.000000   6   5  46115   1
 108   50046116    0.000000   56.000000   6   5  46116   0
 109   50046117    0.000000   64.000000   6   5  46117   0
 110   50046118    0.000000   74.000000   6   5  46118   0
 111   50046119    0.000000   80.000000   6   5  46119   0
 112   50046120    0.000000   95.000000   6   5  46120   0
 113   50046121    0.000000  120.000000   6   5  46121   0
 114   50046122    0.000000  130.000000   6   5  46122   0
 115   50046123    0.000000  170.000000   6   5  46123   0
 116   50047107    0.000000  140.000000   6   5  47107   0
 117   51047107    0.000000  140.000000   6   5  47107   1
 118   50047108    0.000000  130.000000   6   5  47108   0
 119   51047108    0.000000  130.000000   6   5  47108   1
 120   50047109    0.000000  120.000000   6   5  47109   0
 121   51047109    0.000000  120.000000   6   5  47109   1
 122   50047110    0.000000  110.000000   6   5  47110   0
 123   51047110    0.000000  110.000000   6   5  47110   1
 124   50047111    0.000000  100.000000   6   5  47111   0
 125   51047111    0.000000  100.000000   6   5  47111   1
 126   50047112    0.000000   90.000000   6   5  47112   0
 127   50047113    0.000000   80.000000   6   5  47113   0
 128   51047113    0.000000   80.000000   6   5  47113   1
 129   50047114    0.000000   74.000000   6   5  47114   0
 130   50047115    0.000000   68.000000   6   5  47115   0
 131   51047115    0.000000   68.000000   6   5  47115   1
 132   50047116    0.000000   60.000000   6   5  47116   0
 133   51047116    0.000000   60.000000   6   5  47116   1
 134   50047117    0.000000   56.000000   6   5  47117   0
 135   51047117    0.000000   56.000000   6   5  47117   1
 136   50047118    0.000000   54.000000   6   5  47118   0
 137   50047119    0.000000   52.000000   6   5  47119   0
 138   51047119    0.000000   52.000000   6   5  47119   1
 139   50047120    0.000000   64.000000   6   5  47120   0
 140   50047121    0.000000   74.000000   6   5  47121   0
 141   50047122    0.000000   80.000000   6   5  47122   0
 142   51047122    0.000000   80.000000   6   5  47122   1
 143   50047123    0.000000   95.000000   6   5  47123   0
 144   50047124    0.000000  130.000000   6   5  47124   0
 145   50048108    0.000000  150.000000   6   5  48108   0
 146   50048109    0.000000  140.000000   6   5  48109   0
 147   50048110    0.000000  120.000000   6   5  48110   0
 148   50048111    0.000000  110.000000   6   5  48111   0
 149   51048111    0.000000  110.000000   6   5  48111   1
 150   50048112    0.000000  100.000000   6   5  48112   0
 151   50048113    0.000000   90.000000   6   5  48113   0
 152   51048113    0.000000   90.000000   6   5  48113   1
 153   50048114    0.000000   78.000000   6   5  48114   0
 154   50048115    0.000000   70.000000   6   5  48115   0
 155   51048115    0.000000   70.000000   6   5  48115   1
 156   50048116    0.000000   60.000000   6   5  48116   0
 157   50048117    0.000000   52.000000   6   5  48117   0
 158   51048117    0.000000   52.000000   6   5  48117   1
 159   50048118    0.000000   44.000000   6   5  48118   0
 160   50048119    0.000000   36.000000   6   5  48119   0
 161   51048119    0.000000   36.000000   6   5  48119   1
 162   50048120    0.000000   29.000000   6   5  48120   0
 163   50048121    0.000000   44.000000   6   5  48121   0
 164   51048121    0.000000   44.000000   6   5  48121   1
 165   50048122    0.000000   46.000000   6   5  48122   0
 166   50048123    0.000000   60.000000   6   5  48123   0
 167   51048123    0.000000   60.000000   6   5  48123   1
 168   50048124    0.000000   72.000000   6   5  48124   0
 169   50048125    0.000000   80.000000   6   5  48125   0
 170   51048125    0.000000   80.000000   6   5  48125   1
 171   50048126    0.000000  140.000000   6   5  48126   0
 172   50049109    0.000000  150.000000   6   5  49109   0
 173   51049109    0.000000  150.000000   6   5  49109   1
 174   50049110    0.000000  140.000000   6   5  49110   0
 175   51049110    0.000000  140.000000   6   5  49110   1
 176   50049111    0.000000  130.000000   6   5  49111   0
 177   51049111    0.000000  130.000000   6   5  49111   1
 178   50049112    0.000000  120.000000   6   5  49112   0
 179   51049112    0.000000  120.000000   6   5  49112   1
 180   50049113    0.000000  110.000000   6   5  49113   0
 181   51049113    0.000000  110.000000   6   5  49113   1
 182   50049114    0.000000   95.000000   6   5  49114   0
 183   51049114    0.000000   95.000000   6   5  49114   1
 184   50049115    0.000000   85.000000   6   5  49115   0
 185   51049115    0.000000   85.000000   6   5  49115   1
 186   50049116    0.000000   76.000000   6   5  49116   0
 187   51049116    0.000000   76.000000   6   5  49116   1
 188   52049116    0.000000   76.000000   6   5  49116   2
 189   50049117    0.000000   68.000000   6   5  49117   0
 190   51049117    0.000000   68.000000   6   5  49117   1
 191   50049118    0.000000   60.000000   6   5  49118   0
 192   51049118    0.000000   60.000000   6   5  49118   1
 193   50049119    0.000000   50.000000   6   5  49119   0
 194   51049119    0.000000   50.000000   6   5  49119   1
 195   50049120    0.000000   44.000000   6   5  49120   0
 196   51049120    0.000000   44.000000   6   5  49120   1
 197   50049121    0.000000   36.000000   6   5  49121   0
 198   51049121    0.000000   36.000000   6   5  49121   1
 199   50049122    0.000000   34.000000   6   5  49122   0
 200   51049122    0.000000   36.000000   6   5  49122   1
 201   50049123    0.000000   29.000000   6   5  49123   0
 202   51049123    0.000000   30.000000   6   5  49123   1
 203   50049124    0.000000   44.000000   6   5  49124   0
 204   50049125    0.000000   44.000000   6   5  49125   0
 205   51049125    0.000000   44.000000   6   5  49125   1
 206   50049126    0.000000   60.000000   6   5  49126   0
 207   51049126    0.000000   60.000000   6   5  49126   1
 208   50049127    0.000000   72.000000   6   5  49127   0
 209   51049127    0.000000   72.000000   6   5  49127   1
 210   52049127    0.000000   72.000000   6   5  49127   2
 211   50050110    0.000000  160.000000   6   5  50110   0
 212   50050111    0.000000  150.000000   6   5  50111   0
 213   50050112    0.000000  130.000000   6   5  50112   0
 214   50050113    0.000000  120.000000   6   5  50113   0
 215   51050113    0.000000  120.000000   6   5  50113   1
 216   50050114    0.000000  110.000000   6   5  50114   0
 217   50050115    0.000000   95.000000   6   5  50115   0
 218   50050116    0.000000   85.000000   6   5  50116   0
 219   50050117    0.000000   74.000000   6   5  50117   0
 220   51050117    0.000000   74.000000   6   5  50117   1
 221   50050118    0.000000   64.000000   6   5  50118   0
 222   50050119    0.000000   54.000000   6   5  50119   0
 223   51050119    0.000000   54.000000   6   5  50119   1
 224   50050120    0.000000   46.000000   6   5  50120   0
 225   50050121    0.000000   36.000000   6   5  50121   0
 226   51050121    0.000000   36.000000   6   5  50121   1
 227   50050122    0.000000   28.000000   6   5  50122   0
 228   50050123    0.000000   21.000000   6   5  50123   0
 229   51050123    0.000000   21.000000   6   5  50123   1
 230   50050124    0.000000   12.500000   6   5  50124   0
 231   50050125    0.000000   27.000000   6   5  50125   0
 232   51050125    0.000000   27.000000   6   5  50125   1
 233   50050126    0.000000   27.000000   6   5  50126   0
 234   50050127    0.000000   42.000000   6   5  50127   0
 235   51050127    0.000000   42.000000   6   5  50127   1
 236   50050128    0.000000   44.000000   6   5  50128   0
 237   51050128    0.000000   44.000000   6   5  50128   1
 238   50051111    0.000000  160.000000   6   5  51111   0
 239   50051112    0.000000  150.000000   6   5  51112   0
 240   50051113    0.000000  140.000000   6   5  51113   0
 241   50051114    0.000000  130.000000   6   5  51114   0
 242   50051115    0.000000  120.000000   6   5  51115   0
 243   50051116    0.000000  110.000000   6   5  51116   0
 244   51051116    0.000000  110.000000   6   5  51116   1
 245   50051117    0.000000   95.000000   6   5  51117   0
 246   50051118    0.000000   85.000000   6   5  51118   0
 247   51051118    0.000000   85.000000   6   5  51118   1
 248   50051119    0.000000   74.000000   6   5  51119   0
 249   50051120    0.000000   66.000000   6   5  51120   0
 250   51051120    0.000000   66.000000   6   5  51120   1
 251   50051121    0.000000   56.000000   6   5  51121   0
 252   50051122    0.000000   48.000000   6   5  51122   0
 253   51051122    0.000000   48.000000   6   5  51122   1
 254   50051123    0.000000   38.000000   6   5  51123   0
 255   50051124    0.000000   32.000000   6   5  51124   0
 256   51051124    0.000000   32.000000   6   5  51124   1
 257   52051124    0.000000   32.000000   6   5  51124   2
 258   50051125    0.000000   23.000000   6   5  51125   0
 259   50051126    0.000000   22.000000   6   5  51126   0
 260   51051126    0.000000   22.000000   6   5  51126   1
 261   50051127    0.000000   16.000000   6   5  51127   0
 262   50051128    0.000000   30.000000   6   5  51128   0
 263   51051128    0.000000   30.000000   6   5  51128   1
 264   50051129    0.000000   30.000000   6   5  51129   0
 265   51051129    0.000000   32.000000   6   5  51129   1
 266   50052112    0.000000  170.000000   6   5  52112   0
 267   50052113    0.000000  160.000000   6   5  52113   0
 268   50052114    0.000000  150.000000   6   5  52114   0
 269   50052115    0.000000  130.000000   6   5  52115   0
 270   51052115    0.000000  130.000000   6   5  52115   1
 271   50052116    0.000000  120.000000   6   5  52116   0
 272   50052117    0.000000  110.000000   6   5  52117   0
 273   51052117    0.000000  110.000000   6   5  52117   1
 274   50052118    0.000000   95.000000   6   5  52118   0
 275   50052119    0.000000   85.000000   6   5  52119   0
 276   51052119    0.000000   85.000000   6   5  52119   1
 277   50052120    0.000000   74.000000   6   5  52120   0
 278   50052121    0.000000   64.000000   6   5  52121   0
 279   51052121    0.000000   66.000000   6   5  52121   1
 280   50052122    0.000000   54.000000   6   5  52122   0
 281   50052123    0.000000   46.000000   6   5  52123   0
 282   51052123    0.000000   46.000000   6   5  52123   1
 283   50052124    0.000000   36.000000   6   5  52124   0
 284   50052125    0.000000   29.000000   6   5  52125   0
 285   51052125    0.000000   29.000000   6   5  52125   1
 286   50052126    0.000000   19.500000   6   5  52126   0
 287   50052127    0.000000   13.000000   6   5  52127   0
 288   51052127    0.000000   13.000000   6   5  52127   1
 289   50052128    0.000000    4.000000   6   5  52128   0
 290   50052129    0.000000   18.500000   6   5  52129   0
 291   51052129    0.000000   19.500000   6   5  52129   1
 292   50052130    0.000000   17.500000   6   5  52130   0
 293   50053113    0.000000  190.000000   6   5  53113   0
 294   50053114    0.000000  180.000000   6   5  53114   0
 295   51053114    0.000000  180.000000   6   5  53114   1
 296   50053115    0.000000  160.000000   6   5  53115   0
 297   50053116    0.000000  150.000000   6   5  53116   0
 298   50053117    0.000000  140.000000   6   5  53117   0
 299   50053118    0.000000  130.000000   6   5  53118   0
 300   51053118    0.000000  130.000000   6   5  53118   1
 301   50053119    0.000000  110.000000   6   5  53119   0
 302   50053120    0.000000  100.000000   6   5  53120   0
 303   51053120    0.000000  100.000000   6   5  53120   1
 304   50053121    0.000000   90.000000   6   5  53121   0
 305   50053122    0.000000   80.000000   6   5  53122   0
 306   50053123    0.000000   68.000000   6   5  53123   0
 307   50053124    0.000000   60.000000   6   5  53124   0
 308   50053125    0.000000   50.000000   6   5  53125   0
 309   50053126    0.000000   42.000000   6   5  53126   0
 310   50053127    0.000000   34.000000   6   5  53127   0
 311   50053128    0.000000   25.000000   6   5  53128   0
 312   50053129    0.000000   16.500000   6   5  53129   0
 313   50053130    0.000000   16.000000   6   5  53130   0
 314   51053130    0.000000   16.000000   6   5  53130   1
 315   50053131    0.000000    9.500000   6   5  53131   0
 316   50054115    0.000000  180.000000   6   5  54115   0
 317   50054116    0.000000  170.000000   6   5  54116   0
 318   50054117    0.000000  160.000000   6   5  54117   0
 319   50054118    0.000000  140.000000   6   5  54118   0
 320   50054119    0.000000  130.000000   6   5  54119   0
 321   50054120    0.000000  120.000000   6   5  54120   0
 322   50054121    0.000000  110.000000   6   5  54121   0
 323   50054122    0.000000   90.000000   6   5  54122   0
 324   50054123    0.000000   85.000000   6   5  54123   0
 325   50054124    0.000000   70.000000   6   5  54124   0
 326   50054125    0.000000   62.000000   6   5  54125   0
 327   51054125    0.000000   62.000000   6   5  54125   1
 328   50054126    0.000000   52.000000   6   5  54126   0
 329   50054127    0.000000   44.000000   6   5  54127   0
 330   51054127    0.000000   44.000000   6   5  54127   1
 331   50054128    0.000000   34.000000   6   5  54128   0
 332   50054129    0.000000   26.000000   6   5  54129   0
 333   51054129    0.000000   26.000000   6   5  54129   1
 334   50054130    0.000000   16.000000   6   5  54130   0
 335   50054131    0.000000    9.000000   6   5  54131   0
 336   51054131    0.000000    9.500000   6   5  54131   1
 337   50054132    0.000000    1.000000   6   5  54132   0
 
   p   ZAP IP   NR    Tp [MeV]
   1     1  1    1    8.936721
   2     0  2    1    1.000000
   3  1001  9    1    9.125222
   4  1002 31    1   15.478550
   5  1003 32    1   16.000000
   6  2003 33    1   18.500000
   7  2004 34    1    4.000000
--------------------------------------------------------------------------------
 
