 
--------------------------------------------------------------------------------
 55-Cs-135   T= 0.00 K from IAEA/PD-2019       (ACEMAKER)
 ZAID= 55135.38u  MAT=5531  ZA= 55135
 AWR= 133.747100  STA=  1  ELIS=   0.000 MeV  LIS=  0  LISO=  0
--------------------------------------------------------------------------------
 NTOTR= 345 NTRAN=   1 NPROD= 344 NE=     132 EMAX= 200.000 MeV
   i     MT/MTD     Q [MeV]     T [MeV] LMF  MT    ZAP LFS
   1          5    0.000000    1.000000   3   5
   2   50040102    0.000000  160.000000   6   5  40102   0
   3   50040103    0.000000  160.000000   6   5  40103   0
   4   50040104    0.000000  160.000000   6   5  40104   0
   5   50040105    0.000000  160.000000   6   5  40105   0
   6   50040106    0.000000  160.000000   6   5  40106   0
   7   50040107    0.000000  190.000000   6   5  40107   0
   8   50040108    0.000000  190.000000   6   5  40108   0
   9   50041103    0.000000  150.000000   6   5  41103   0
  10   50041104    0.000000  150.000000   6   5  41104   0
  11   50041105    0.000000  150.000000   6   5  41105   0
  12   50041106    0.000000  150.000000   6   5  41106   0
  13   50041107    0.000000  150.000000   6   5  41107   0
  14   50041108    0.000000  160.000000   6   5  41108   0
  15   50041109    0.000000  160.000000   6   5  41109   0
  16   50041110    0.000000  190.000000   6   5  41110   0
  17   50041111    0.000000  190.000000   6   5  41111   0
  18   50042104    0.000000  150.000000   6   5  42104   0
  19   50042105    0.000000  140.000000   6   5  42105   0
  20   50042106    0.000000  140.000000   6   5  42106   0
  21   50042107    0.000000  140.000000   6   5  42107   0
  22   50042108    0.000000  130.000000   6   5  42108   0
  23   50042109    0.000000  130.000000   6   5  42109   0
  24   50042110    0.000000  130.000000   6   5  42110   0
  25   50042111    0.000000  160.000000   6   5  42111   0
  26   50042112    0.000000  160.000000   6   5  42112   0
  27   50042113    0.000000  190.000000   6   5  42113   0
  28   50042114    0.000000  190.000000   6   5  42114   0
  29   50043105    0.000000  140.000000   6   5  43105   0
  30   50043106    0.000000  130.000000   6   5  43106   0
  31   50043107    0.000000  130.000000   6   5  43107   0
  32   50043108    0.000000  120.000000   6   5  43108   0
  33   50043109    0.000000  120.000000   6   5  43109   0
  34   50043110    0.000000  110.000000   6   5  43110   0
  35   50043111    0.000000  110.000000   6   5  43111   0
  36   50043112    0.000000  130.000000   6   5  43112   0
  37   50043113    0.000000  130.000000   6   5  43113   0
  38   50043114    0.000000  160.000000   6   5  43114   0
  39   50043115    0.000000  160.000000   6   5  43115   0
  40   50043116    0.000000  190.000000   6   5  43116   0
  41   50043117    0.000000  190.000000   6   5  43117   0
  42   50044106    0.000000  140.000000   6   5  44106   0
  43   50044107    0.000000  130.000000   6   5  44107   0
  44   50044108    0.000000  130.000000   6   5  44108   0
  45   50044109    0.000000  120.000000   6   5  44109   0
  46   50044110    0.000000  110.000000   6   5  44110   0
  47   50044111    0.000000  110.000000   6   5  44111   0
  48   50044112    0.000000  110.000000   6   5  44112   0
  49   50044113    0.000000  110.000000   6   5  44113   0
  50   50044114    0.000000  110.000000   6   5  44114   0
  51   50044115    0.000000  130.000000   6   5  44115   0
  52   50044116    0.000000  130.000000   6   5  44116   0
  53   50044117    0.000000  160.000000   6   5  44117   0
  54   50044118    0.000000  160.000000   6   5  44118   0
  55   50044119    0.000000  190.000000   6   5  44119   0
  56   50045107    0.000000  140.000000   6   5  45107   0
  57   50045108    0.000000  130.000000   6   5  45108   0
  58   50045109    0.000000  120.000000   6   5  45109   0
  59   50045110    0.000000  110.000000   6   5  45110   0
  60   50045111    0.000000  100.000000   6   5  45111   0
  61   50045112    0.000000   95.000000   6   5  45112   0
  62   50045113    0.000000   85.000000   6   5  45113   0
  63   50045114    0.000000   85.000000   6   5  45114   0
  64   50045115    0.000000   78.000000   6   5  45115   0
  65   50045116    0.000000   85.000000   6   5  45116   0
  66   51045116    0.000000   85.000000   6   5  45116   1
  67   50045117    0.000000  100.000000   6   5  45117   0
  68   50045118    0.000000  130.000000   6   5  45118   0
  69   50045119    0.000000  130.000000   6   5  45119   0
  70   50045120    0.000000  160.000000   6   5  45120   0
  71   50045121    0.000000  160.000000   6   5  45121   0
  72   50046108    0.000000  140.000000   6   5  46108   0
  73   50046109    0.000000  130.000000   6   5  46109   0
  74   51046109    0.000000  130.000000   6   5  46109   1
  75   50046110    0.000000  120.000000   6   5  46110   0
  76   50046111    0.000000  110.000000   6   5  46111   0
  77   51046111    0.000000  110.000000   6   5  46111   1
  78   50046112    0.000000  100.000000   6   5  46112   0
  79   50046113    0.000000   95.000000   6   5  46113   0
  80   51046113    0.000000   95.000000   6   5  46113   1
  81   50046114    0.000000   85.000000   6   5  46114   0
  82   50046115    0.000000   85.000000   6   5  46115   0
  83   51046115    0.000000   85.000000   6   5  46115   1
  84   50046116    0.000000   78.000000   6   5  46116   0
  85   50046117    0.000000   78.000000   6   5  46117   0
  86   50046118    0.000000   78.000000   6   5  46118   0
  87   50046119    0.000000   85.000000   6   5  46119   0
  88   50046120    0.000000   95.000000   6   5  46120   0
  89   50046121    0.000000  120.000000   6   5  46121   0
  90   50046122    0.000000  120.000000   6   5  46122   0
  91   50046123    0.000000  160.000000   6   5  46123   0
  92   50046124    0.000000  170.000000   6   5  46124   0
  93   50047109    0.000000  140.000000   6   5  47109   0
  94   51047109    0.000000  140.000000   6   5  47109   1
  95   50047110    0.000000  130.000000   6   5  47110   0
  96   51047110    0.000000  130.000000   6   5  47110   1
  97   50047111    0.000000  120.000000   6   5  47111   0
  98   51047111    0.000000  120.000000   6   5  47111   1
  99   50047112    0.000000  110.000000   6   5  47112   0
 100   50047113    0.000000  100.000000   6   5  47113   0
 101   51047113    0.000000  100.000000   6   5  47113   1
 102   50047114    0.000000   90.000000   6   5  47114   0
 103   50047115    0.000000   80.000000   6   5  47115   0
 104   51047115    0.000000   80.000000   6   5  47115   1
 105   50047116    0.000000   70.000000   6   5  47116   0
 106   51047116    0.000000   70.000000   6   5  47116   1
 107   50047117    0.000000   64.000000   6   5  47117   0
 108   51047117    0.000000   64.000000   6   5  47117   1
 109   50047118    0.000000   56.000000   6   5  47118   0
 110   50047119    0.000000   54.000000   6   5  47119   0
 111   51047119    0.000000   54.000000   6   5  47119   1
 112   50047120    0.000000   64.000000   6   5  47120   0
 113   50047121    0.000000   76.000000   6   5  47121   0
 114   50047122    0.000000   80.000000   6   5  47122   0
 115   51047122    0.000000   80.000000   6   5  47122   1
 116   50047123    0.000000   90.000000   6   5  47123   0
 117   50047124    0.000000  120.000000   6   5  47124   0
 118   50047125    0.000000  130.000000   6   5  47125   0
 119   50047126    0.000000  170.000000   6   5  47126   0
 120   50048110    0.000000  140.000000   6   5  48110   0
 121   50048111    0.000000  130.000000   6   5  48111   0
 122   51048111    0.000000  130.000000   6   5  48111   1
 123   50048112    0.000000  120.000000   6   5  48112   0
 124   50048113    0.000000  110.000000   6   5  48113   0
 125   51048113    0.000000  110.000000   6   5  48113   1
 126   50048114    0.000000  100.000000   6   5  48114   0
 127   50048115    0.000000   90.000000   6   5  48115   0
 128   51048115    0.000000   90.000000   6   5  48115   1
 129   50048116    0.000000   80.000000   6   5  48116   0
 130   50048117    0.000000   72.000000   6   5  48117   0
 131   51048117    0.000000   72.000000   6   5  48117   1
 132   50048118    0.000000   64.000000   6   5  48118   0
 133   50048119    0.000000   58.000000   6   5  48119   0
 134   51048119    0.000000   58.000000   6   5  48119   1
 135   50048120    0.000000   54.000000   6   5  48120   0
 136   50048121    0.000000   50.000000   6   5  48121   0
 137   51048121    0.000000   50.000000   6   5  48121   1
 138   50048122    0.000000   46.000000   6   5  48122   0
 139   50048123    0.000000   60.000000   6   5  48123   0
 140   51048123    0.000000   60.000000   6   5  48123   1
 141   50048124    0.000000   70.000000   6   5  48124   0
 142   50048125    0.000000   78.000000   6   5  48125   0
 143   51048125    0.000000   78.000000   6   5  48125   1
 144   50048126    0.000000   90.000000   6   5  48126   0
 145   50048127    0.000000  130.000000   6   5  48127   0
 146   50049111    0.000000  150.000000   6   5  49111   0
 147   51049111    0.000000  150.000000   6   5  49111   1
 148   50049112    0.000000  140.000000   6   5  49112   0
 149   51049112    0.000000  140.000000   6   5  49112   1
 150   50049113    0.000000  120.000000   6   5  49113   0
 151   51049113    0.000000  120.000000   6   5  49113   1
 152   50049114    0.000000  110.000000   6   5  49114   0
 153   51049114    0.000000  110.000000   6   5  49114   1
 154   50049115    0.000000  100.000000   6   5  49115   0
 155   51049115    0.000000  100.000000   6   5  49115   1
 156   50049116    0.000000   90.000000   6   5  49116   0
 157   51049116    0.000000   90.000000   6   5  49116   1
 158   52049116    0.000000   90.000000   6   5  49116   2
 159   50049117    0.000000   78.000000   6   5  49117   0
 160   51049117    0.000000   78.000000   6   5  49117   1
 161   50049118    0.000000   70.000000   6   5  49118   0
 162   51049118    0.000000   70.000000   6   5  49118   1
 163   50049119    0.000000   60.000000   6   5  49119   0
 164   51049119    0.000000   60.000000   6   5  49119   1
 165   50049120    0.000000   52.000000   6   5  49120   0
 166   51049120    0.000000   52.000000   6   5  49120   1
 167   50049121    0.000000   44.000000   6   5  49121   0
 168   51049121    0.000000   44.000000   6   5  49121   1
 169   50049122    0.000000   36.000000   6   5  49122   0
 170   51049122    0.000000   36.000000   6   5  49122   1
 171   50049123    0.000000   28.000000   6   5  49123   0
 172   51049123    0.000000   29.000000   6   5  49123   1
 173   50049124    0.000000   42.000000   6   5  49124   0
 174   50049125    0.000000   46.000000   6   5  49125   0
 175   51049125    0.000000   46.000000   6   5  49125   1
 176   50049126    0.000000   58.000000   6   5  49126   0
 177   51049126    0.000000   58.000000   6   5  49126   1
 178   50049127    0.000000   70.000000   6   5  49127   0
 179   51049127    0.000000   70.000000   6   5  49127   1
 180   52049127    0.000000   70.000000   6   5  49127   2
 181   50049128    0.000000   76.000000   6   5  49128   0
 182   50049129    0.000000  130.000000   6   5  49129   0
 183   51049129    0.000000  130.000000   6   5  49129   1
 184   50050112    0.000000  150.000000   6   5  50112   0
 185   50050113    0.000000  140.000000   6   5  50113   0
 186   51050113    0.000000  140.000000   6   5  50113   1
 187   50050114    0.000000  120.000000   6   5  50114   0
 188   50050115    0.000000  110.000000   6   5  50115   0
 189   50050116    0.000000  100.000000   6   5  50116   0
 190   50050117    0.000000   95.000000   6   5  50117   0
 191   51050117    0.000000   95.000000   6   5  50117   1
 192   50050118    0.000000   80.000000   6   5  50118   0
 193   50050119    0.000000   74.000000   6   5  50119   0
 194   51050119    0.000000   74.000000   6   5  50119   1
 195   50050120    0.000000   64.000000   6   5  50120   0
 196   50050121    0.000000   56.000000   6   5  50121   0
 197   51050121    0.000000   56.000000   6   5  50121   1
 198   50050122    0.000000   48.000000   6   5  50122   0
 199   50050123    0.000000   40.000000   6   5  50123   0
 200   51050123    0.000000   40.000000   6   5  50123   1
 201   50050124    0.000000   32.000000   6   5  50124   0
 202   50050125    0.000000   30.000000   6   5  50125   0
 203   51050125    0.000000   30.000000   6   5  50125   1
 204   50050126    0.000000   25.000000   6   5  50126   0
 205   50050127    0.000000   40.000000   6   5  50127   0
 206   51050127    0.000000   40.000000   6   5  50127   1
 207   50050128    0.000000   44.000000   6   5  50128   0
 208   51050128    0.000000   44.000000   6   5  50128   1
 209   50050129    0.000000   56.000000   6   5  50129   0
 210   51050129    0.000000   56.000000   6   5  50129   1
 211   50050130    0.000000   70.000000   6   5  50130   0
 212   51050130    0.000000   70.000000   6   5  50130   1
 213   50051113    0.000000  160.000000   6   5  51113   0
 214   50051114    0.000000  150.000000   6   5  51114   0
 215   50051115    0.000000  130.000000   6   5  51115   0
 216   50051116    0.000000  120.000000   6   5  51116   0
 217   51051116    0.000000  120.000000   6   5  51116   1
 218   50051117    0.000000  110.000000   6   5  51117   0
 219   50051118    0.000000   95.000000   6   5  51118   0
 220   51051118    0.000000   95.000000   6   5  51118   1
 221   50051119    0.000000   85.000000   6   5  51119   0
 222   50051120    0.000000   74.000000   6   5  51120   0
 223   51051120    0.000000   74.000000   6   5  51120   1
 224   50051121    0.000000   62.000000   6   5  51121   0
 225   50051122    0.000000   54.000000   6   5  51122   0
 226   51051122    0.000000   54.000000   6   5  51122   1
 227   50051123    0.000000   44.000000   6   5  51123   0
 228   50051124    0.000000   36.000000   6   5  51124   0
 229   51051124    0.000000   36.000000   6   5  51124   1
 230   52051124    0.000000   36.000000   6   5  51124   2
 231   50051125    0.000000   28.000000   6   5  51125   0
 232   50051126    0.000000   21.000000   6   5  51126   0
 233   51051126    0.000000   21.000000   6   5  51126   1
 234   50051127    0.000000   12.500000   6   5  51127   0
 235   50051128    0.000000   27.000000   6   5  51128   0
 236   51051128    0.000000   27.000000   6   5  51128   1
 237   50051129    0.000000   26.000000   6   5  51129   0
 238   51051129    0.000000   29.000000   6   5  51129   1
 239   50051130    0.000000   42.000000   6   5  51130   0
 240   51051130    0.000000   42.000000   6   5  51130   1
 241   50051131    0.000000   44.000000   6   5  51131   0
 242   50052114    0.000000  160.000000   6   5  52114   0
 243   50052115    0.000000  150.000000   6   5  52115   0
 244   51052115    0.000000  150.000000   6   5  52115   1
 245   50052116    0.000000  140.000000   6   5  52116   0
 246   50052117    0.000000  130.000000   6   5  52117   0
 247   51052117    0.000000  130.000000   6   5  52117   1
 248   50052118    0.000000  120.000000   6   5  52118   0
 249   50052119    0.000000  110.000000   6   5  52119   0
 250   51052119    0.000000  110.000000   6   5  52119   1
 251   50052120    0.000000   95.000000   6   5  52120   0
 252   50052121    0.000000   85.000000   6   5  52121   0
 253   51052121    0.000000   85.000000   6   5  52121   1
 254   50052122    0.000000   72.000000   6   5  52122   0
 255   50052123    0.000000   64.000000   6   5  52123   0
 256   51052123    0.000000   64.000000   6   5  52123   1
 257   50052124    0.000000   54.000000   6   5  52124   0
 258   50052125    0.000000   46.000000   6   5  52125   0
 259   51052125    0.000000   46.000000   6   5  52125   1
 260   50052126    0.000000   36.000000   6   5  52126   0
 261   50052127    0.000000   29.000000   6   5  52127   0
 262   51052127    0.000000   29.000000   6   5  52127   1
 263   50052128    0.000000   20.000000   6   5  52128   0
 264   50052129    0.000000   20.000000   6   5  52129   0
 265   51052129    0.000000   20.000000   6   5  52129   1
 266   50052130    0.000000   13.500000   6   5  52130   0
 267   50052131    0.000000   28.000000   6   5  52131   0
 268   51052131    0.000000   28.000000   6   5  52131   1
 269   50052132    0.000000   28.000000   6   5  52132   0
 270   50053115    0.000000  180.000000   6   5  53115   0
 271   50053116    0.000000  160.000000   6   5  53116   0
 272   50053117    0.000000  150.000000   6   5  53117   0
 273   50053118    0.000000  130.000000   6   5  53118   0
 274   51053118    0.000000  130.000000   6   5  53118   1
 275   50053119    0.000000  120.000000   6   5  53119   0
 276   50053120    0.000000  110.000000   6   5  53120   0
 277   51053120    0.000000  110.000000   6   5  53120   1
 278   50053121    0.000000   95.000000   6   5  53121   0
 279   50053122    0.000000   85.000000   6   5  53122   0
 280   50053123    0.000000   72.000000   6   5  53123   0
 281   50053124    0.000000   64.000000   6   5  53124   0
 282   50053125    0.000000   54.000000   6   5  53125   0
 283   50053126    0.000000   46.000000   6   5  53126   0
 284   50053127    0.000000   36.000000   6   5  53127   0
 285   50053128    0.000000   29.000000   6   5  53128   0
 286   50053129    0.000000   19.500000   6   5  53129   0
 287   50053130    0.000000   12.500000   6   5  53130   0
 288   51053130    0.000000   13.000000   6   5  53130   1
 289   50053131    0.000000    4.000000   6   5  53131   0
 290   50053132    0.000000   18.500000   6   5  53132   0
 291   50053133    0.000000   17.500000   6   5  53133   0
 292   51053133    0.000000   19.000000   6   5  53133   1
 293   50054116    0.000000  190.000000   6   5  54116   0
 294   50054117    0.000000  170.000000   6   5  54117   0
 295   50054118    0.000000  160.000000   6   5  54118   0
 296   50054119    0.000000  150.000000   6   5  54119   0
 297   50054120    0.000000  130.000000   6   5  54120   0
 298   50054121    0.000000  120.000000   6   5  54121   0
 299   50054122    0.000000  110.000000   6   5  54122   0
 300   50054123    0.000000  100.000000   6   5  54123   0
 301   50054124    0.000000   85.000000   6   5  54124   0
 302   50054125    0.000000   76.000000   6   5  54125   0
 303   51054125    0.000000   78.000000   6   5  54125   1
 304   50054126    0.000000   66.000000   6   5  54126   0
 305   50054127    0.000000   58.000000   6   5  54127   0
 306   51054127    0.000000   58.000000   6   5  54127   1
 307   50054128    0.000000   48.000000   6   5  54128   0
 308   50054129    0.000000   40.000000   6   5  54129   0
 309   51054129    0.000000   40.000000   6   5  54129   1
 310   50054130    0.000000   30.000000   6   5  54130   0
 311   50054131    0.000000   23.000000   6   5  54131   0
 312   51054131    0.000000   23.000000   6   5  54131   1
 313   50054132    0.000000   14.000000   6   5  54132   0
 314   50054133    0.000000   13.500000   6   5  54133   0
 315   51054133    0.000000   14.000000   6   5  54133   1
 316   50054134    0.000000    7.000000   6   5  54134   0
 317   51054134    0.000000    9.000000   6   5  54134   1
 318   50055118    0.000000  190.000000   6   5  55118   0
 319   51055118    0.000000  190.000000   6   5  55118   1
 320   50055119    0.000000  170.000000   6   5  55119   0
 321   51055119    0.000000  170.000000   6   5  55119   1
 322   50055120    0.000000  150.000000   6   5  55120   0
 323   51055120    0.000000  150.000000   6   5  55120   1
 324   50055121    0.000000  140.000000   6   5  55121   0
 325   51055121    0.000000  140.000000   6   5  55121   1
 326   50055122    0.000000  130.000000   6   5  55122   0
 327   51055122    0.000000  130.000000   6   5  55122   1
 328   52055122    0.000000  130.000000   6   5  55122   2
 329   50055123    0.000000  120.000000   6   5  55123   0
 330   51055123    0.000000  120.000000   6   5  55123   1
 331   50055124    0.000000  110.000000   6   5  55124   0
 332   51055124    0.000000  110.000000   6   5  55124   1
 333   50055125    0.000000   90.000000   6   5  55125   0
 334   50055126    0.000000   85.000000   6   5  55126   0
 335   50055127    0.000000   70.000000   6   5  55127   0
 336   50055128    0.000000   62.000000   6   5  55128   0
 337   50055129    0.000000   52.000000   6   5  55129   0
 338   50055130    0.000000   44.000000   6   5  55130   0
 339   51055130    0.000000   44.000000   6   5  55130   1
 340   50055131    0.000000   34.000000   6   5  55131   0
 341   50055132    0.000000   25.000000   6   5  55132   0
 342   50055133    0.000000   16.000000   6   5  55133   0
 343   50055134    0.000000    9.000000   6   5  55134   0
 344   51055134    0.000000    9.000000   6   5  55134   1
 345   50055135    0.000000    1.000000   6   5  55135   0
 
   p   ZAP IP   NR    Tp [MeV]
   1     1  1    1    8.761806
   2     0  2    1    1.000000
   3  1001  9    1    6.744792
   4  1002 31    1   13.500000
   5  1003 32    1   13.500000
   6  2003 33    1   18.500000
   7  2004 34    1    4.000000
--------------------------------------------------------------------------------
 
