 
--------------------------------------------------------------------------------
 55-Cs-137   T= 0.00 K from IAEA/PD-2019       (ACEMAKER)
 ZAID= 55137.38u  MAT=5537  ZA= 55137
 AWR= 135.731000  STA=  1  ELIS=   0.000 MeV  LIS=  0  LISO=  0
--------------------------------------------------------------------------------
 NTOTR= 333 NTRAN=   1 NPROD= 332 NE=     133 EMAX= 200.000 MeV
   i     MT/MTD     Q [MeV]     T [MeV] LMF  MT    ZAP LFS
   1          5    0.000000    1.000000   3   5
   2   50040104    0.000000  180.000000   6   5  40104   0
   3   50040105    0.000000  180.000000   6   5  40105   0
   4   50040106    0.000000  180.000000   6   5  40106   0
   5   50040107    0.000000  180.000000   6   5  40107   0
   6   50040108    0.000000  180.000000   6   5  40108   0
   7   50041105    0.000000  160.000000   6   5  41105   0
   8   50041106    0.000000  160.000000   6   5  41106   0
   9   50041107    0.000000  160.000000   6   5  41107   0
  10   50041108    0.000000  160.000000   6   5  41108   0
  11   50041109    0.000000  160.000000   6   5  41109   0
  12   50041110    0.000000  170.000000   6   5  41110   0
  13   50041111    0.000000  170.000000   6   5  41111   0
  14   50042106    0.000000  150.000000   6   5  42106   0
  15   50042107    0.000000  150.000000   6   5  42107   0
  16   50042108    0.000000  150.000000   6   5  42108   0
  17   50042109    0.000000  140.000000   6   5  42109   0
  18   50042110    0.000000  140.000000   6   5  42110   0
  19   50042111    0.000000  140.000000   6   5  42111   0
  20   50042112    0.000000  140.000000   6   5  42112   0
  21   50042113    0.000000  170.000000   6   5  42113   0
  22   50042114    0.000000  170.000000   6   5  42114   0
  23   50043107    0.000000  150.000000   6   5  43107   0
  24   50043108    0.000000  140.000000   6   5  43108   0
  25   50043109    0.000000  130.000000   6   5  43109   0
  26   50043110    0.000000  130.000000   6   5  43110   0
  27   50043111    0.000000  120.000000   6   5  43111   0
  28   50043112    0.000000  120.000000   6   5  43112   0
  29   50043113    0.000000  120.000000   6   5  43113   0
  30   50043114    0.000000  140.000000   6   5  43114   0
  31   50043115    0.000000  140.000000   6   5  43115   0
  32   50043116    0.000000  170.000000   6   5  43116   0
  33   50043117    0.000000  170.000000   6   5  43117   0
  34   50044108    0.000000  140.000000   6   5  44108   0
  35   50044109    0.000000  140.000000   6   5  44109   0
  36   50044110    0.000000  130.000000   6   5  44110   0
  37   50044111    0.000000  120.000000   6   5  44111   0
  38   50044112    0.000000  120.000000   6   5  44112   0
  39   50044113    0.000000  120.000000   6   5  44113   0
  40   50044114    0.000000  120.000000   6   5  44114   0
  41   50044115    0.000000  120.000000   6   5  44115   0
  42   50044116    0.000000  120.000000   6   5  44116   0
  43   50044117    0.000000  140.000000   6   5  44117   0
  44   50044118    0.000000  140.000000   6   5  44118   0
  45   50044119    0.000000  170.000000   6   5  44119   0
  46   50044120    0.000000  170.000000   6   5  44120   0
  47   50045109    0.000000  140.000000   6   5  45109   0
  48   50045110    0.000000  130.000000   6   5  45110   0
  49   50045111    0.000000  120.000000   6   5  45111   0
  50   50045112    0.000000  110.000000   6   5  45112   0
  51   50045113    0.000000  110.000000   6   5  45113   0
  52   50045114    0.000000  100.000000   6   5  45114   0
  53   50045115    0.000000   90.000000   6   5  45115   0
  54   50045116    0.000000   90.000000   6   5  45116   0
  55   51045116    0.000000   90.000000   6   5  45116   1
  56   50045117    0.000000   90.000000   6   5  45117   0
  57   50045118    0.000000  100.000000   6   5  45118   0
  58   50045119    0.000000  110.000000   6   5  45119   0
  59   50045120    0.000000  140.000000   6   5  45120   0
  60   50045121    0.000000  140.000000   6   5  45121   0
  61   50045122    0.000000  170.000000   6   5  45122   0
  62   50045123    0.000000  180.000000   6   5  45123   0
  63   50046110    0.000000  140.000000   6   5  46110   0
  64   50046111    0.000000  130.000000   6   5  46111   0
  65   51046111    0.000000  130.000000   6   5  46111   1
  66   50046112    0.000000  120.000000   6   5  46112   0
  67   50046113    0.000000  110.000000   6   5  46113   0
  68   51046113    0.000000  110.000000   6   5  46113   1
  69   50046114    0.000000  110.000000   6   5  46114   0
  70   50046115    0.000000  100.000000   6   5  46115   0
  71   51046115    0.000000  100.000000   6   5  46115   1
  72   50046116    0.000000   90.000000   6   5  46116   0
  73   50046117    0.000000   90.000000   6   5  46117   0
  74   50046118    0.000000   85.000000   6   5  46118   0
  75   50046119    0.000000   85.000000   6   5  46119   0
  76   50046120    0.000000   85.000000   6   5  46120   0
  77   50046121    0.000000   90.000000   6   5  46121   0
  78   50046122    0.000000  100.000000   6   5  46122   0
  79   50046123    0.000000  130.000000   6   5  46123   0
  80   50046124    0.000000  140.000000   6   5  46124   0
  81   50046125    0.000000  180.000000   6   5  46125   0
  82   50046126    0.000000  180.000000   6   5  46126   0
  83   50047111    0.000000  140.000000   6   5  47111   0
  84   51047111    0.000000  140.000000   6   5  47111   1
  85   50047112    0.000000  130.000000   6   5  47112   0
  86   50047113    0.000000  120.000000   6   5  47113   0
  87   51047113    0.000000  120.000000   6   5  47113   1
  88   50047114    0.000000  110.000000   6   5  47114   0
  89   50047115    0.000000  100.000000   6   5  47115   0
  90   51047115    0.000000  100.000000   6   5  47115   1
  91   50047116    0.000000   90.000000   6   5  47116   0
  92   51047116    0.000000   90.000000   6   5  47116   1
  93   50047117    0.000000   80.000000   6   5  47117   0
  94   51047117    0.000000   80.000000   6   5  47117   1
  95   50047118    0.000000   72.000000   6   5  47118   0
  96   50047119    0.000000   66.000000   6   5  47119   0
  97   51047119    0.000000   66.000000   6   5  47119   1
  98   50047120    0.000000   60.000000   6   5  47120   0
  99   50047121    0.000000   58.000000   6   5  47121   0
 100   50047122    0.000000   68.000000   6   5  47122   0
 101   51047122    0.000000   68.000000   6   5  47122   1
 102   50047123    0.000000   80.000000   6   5  47123   0
 103   50047124    0.000000   85.000000   6   5  47124   0
 104   50047125    0.000000  100.000000   6   5  47125   0
 105   50047126    0.000000  140.000000   6   5  47126   0
 106   50047127    0.000000  140.000000   6   5  47127   0
 107   50047128    0.000000  180.000000   6   5  47128   0
 108   50048112    0.000000  140.000000   6   5  48112   0
 109   50048113    0.000000  130.000000   6   5  48113   0
 110   51048113    0.000000  130.000000   6   5  48113   1
 111   50048114    0.000000  120.000000   6   5  48114   0
 112   50048115    0.000000  110.000000   6   5  48115   0
 113   51048115    0.000000  110.000000   6   5  48115   1
 114   50048116    0.000000  100.000000   6   5  48116   0
 115   50048117    0.000000   90.000000   6   5  48117   0
 116   51048117    0.000000   90.000000   6   5  48117   1
 117   50048118    0.000000   80.000000   6   5  48118   0
 118   50048119    0.000000   74.000000   6   5  48119   0
 119   51048119    0.000000   74.000000   6   5  48119   1
 120   50048120    0.000000   66.000000   6   5  48120   0
 121   50048121    0.000000   60.000000   6   5  48121   0
 122   51048121    0.000000   60.000000   6   5  48121   1
 123   50048122    0.000000   56.000000   6   5  48122   0
 124   50048123    0.000000   52.000000   6   5  48123   0
 125   51048123    0.000000   52.000000   6   5  48123   1
 126   50048124    0.000000   50.000000   6   5  48124   0
 127   50048125    0.000000   62.000000   6   5  48125   0
 128   51048125    0.000000   62.000000   6   5  48125   1
 129   50048126    0.000000   74.000000   6   5  48126   0
 130   50048127    0.000000   80.000000   6   5  48127   0
 131   50048128    0.000000  100.000000   6   5  48128   0
 132   50048129    0.000000  140.000000   6   5  48129   0
 133   50049113    0.000000  150.000000   6   5  49113   0
 134   51049113    0.000000  150.000000   6   5  49113   1
 135   50049114    0.000000  130.000000   6   5  49114   0
 136   51049114    0.000000  130.000000   6   5  49114   1
 137   50049115    0.000000  120.000000   6   5  49115   0
 138   51049115    0.000000  120.000000   6   5  49115   1
 139   50049116    0.000000  110.000000   6   5  49116   0
 140   51049116    0.000000  110.000000   6   5  49116   1
 141   52049116    0.000000  110.000000   6   5  49116   2
 142   50049117    0.000000  100.000000   6   5  49117   0
 143   51049117    0.000000  100.000000   6   5  49117   1
 144   50049118    0.000000   90.000000   6   5  49118   0
 145   51049118    0.000000   90.000000   6   5  49118   1
 146   50049119    0.000000   78.000000   6   5  49119   0
 147   51049119    0.000000   78.000000   6   5  49119   1
 148   50049120    0.000000   70.000000   6   5  49120   0
 149   51049120    0.000000   70.000000   6   5  49120   1
 150   50049121    0.000000   60.000000   6   5  49121   0
 151   51049121    0.000000   60.000000   6   5  49121   1
 152   50049122    0.000000   52.000000   6   5  49122   0
 153   51049122    0.000000   52.000000   6   5  49122   1
 154   50049123    0.000000   44.000000   6   5  49123   0
 155   51049123    0.000000   44.000000   6   5  49123   1
 156   50049124    0.000000   38.000000   6   5  49124   0
 157   50049125    0.000000   30.000000   6   5  49125   0
 158   51049125    0.000000   30.000000   6   5  49125   1
 159   50049126    0.000000   44.000000   6   5  49126   0
 160   51049126    0.000000   44.000000   6   5  49126   1
 161   50049127    0.000000   48.000000   6   5  49127   0
 162   51049127    0.000000   48.000000   6   5  49127   1
 163   52049127    0.000000   48.000000   6   5  49127   2
 164   50049128    0.000000   60.000000   6   5  49128   0
 165   50049129    0.000000   74.000000   6   5  49129   0
 166   51049129    0.000000   74.000000   6   5  49129   1
 167   50049130    0.000000   85.000000   6   5  49130   0
 168   51049130    0.000000   85.000000   6   5  49130   1
 169   50049131    0.000000  150.000000   6   5  49131   0
 170   51049131    0.000000  150.000000   6   5  49131   1
 171   50050114    0.000000  150.000000   6   5  50114   0
 172   50050115    0.000000  130.000000   6   5  50115   0
 173   50050116    0.000000  120.000000   6   5  50116   0
 174   50050117    0.000000  110.000000   6   5  50117   0
 175   51050117    0.000000  110.000000   6   5  50117   1
 176   50050118    0.000000  100.000000   6   5  50118   0
 177   50050119    0.000000   90.000000   6   5  50119   0
 178   51050119    0.000000   90.000000   6   5  50119   1
 179   50050120    0.000000   80.000000   6   5  50120   0
 180   50050121    0.000000   74.000000   6   5  50121   0
 181   51050121    0.000000   74.000000   6   5  50121   1
 182   50050122    0.000000   64.000000   6   5  50122   0
 183   50050123    0.000000   56.000000   6   5  50123   0
 184   51050123    0.000000   56.000000   6   5  50123   1
 185   50050124    0.000000   48.000000   6   5  50124   0
 186   50050125    0.000000   42.000000   6   5  50125   0
 187   51050125    0.000000   42.000000   6   5  50125   1
 188   50050126    0.000000   32.000000   6   5  50126   0
 189   50050127    0.000000   32.000000   6   5  50127   0
 190   51050127    0.000000   32.000000   6   5  50127   1
 191   50050128    0.000000   27.000000   6   5  50128   0
 192   51050128    0.000000   29.000000   6   5  50128   1
 193   50050129    0.000000   42.000000   6   5  50129   0
 194   51050129    0.000000   42.000000   6   5  50129   1
 195   50050130    0.000000   48.000000   6   5  50130   0
 196   51050130    0.000000   48.000000   6   5  50130   1
 197   50050131    0.000000   58.000000   6   5  50131   0
 198   51050131    0.000000   58.000000   6   5  50131   1
 199   50050132    0.000000   85.000000   6   5  50132   0
 200   50051115    0.000000  160.000000   6   5  51115   0
 201   50051116    0.000000  140.000000   6   5  51116   0
 202   51051116    0.000000  140.000000   6   5  51116   1
 203   50051117    0.000000  130.000000   6   5  51117   0
 204   50051118    0.000000  120.000000   6   5  51118   0
 205   51051118    0.000000  120.000000   6   5  51118   1
 206   50051119    0.000000  110.000000   6   5  51119   0
 207   50051120    0.000000   95.000000   6   5  51120   0
 208   51051120    0.000000   95.000000   6   5  51120   1
 209   50051121    0.000000   85.000000   6   5  51121   0
 210   50051122    0.000000   72.000000   6   5  51122   0
 211   51051122    0.000000   72.000000   6   5  51122   1
 212   50051123    0.000000   62.000000   6   5  51123   0
 213   50051124    0.000000   54.000000   6   5  51124   0
 214   51051124    0.000000   54.000000   6   5  51124   1
 215   52051124    0.000000   54.000000   6   5  51124   2
 216   50051125    0.000000   44.000000   6   5  51125   0
 217   50051126    0.000000   38.000000   6   5  51126   0
 218   51051126    0.000000   38.000000   6   5  51126   1
 219   50051127    0.000000   28.000000   6   5  51127   0
 220   50051128    0.000000   22.000000   6   5  51128   0
 221   51051128    0.000000   22.000000   6   5  51128   1
 222   50051129    0.000000   14.000000   6   5  51129   0
 223   51051129    0.000000   17.000000   6   5  51129   1
 224   50051130    0.000000   28.000000   6   5  51130   0
 225   51051130    0.000000   28.000000   6   5  51130   1
 226   50051131    0.000000   28.000000   6   5  51131   0
 227   50051132    0.000000   42.000000   6   5  51132   0
 228   51051132    0.000000   44.000000   6   5  51132   1
 229   50051133    0.000000   48.000000   6   5  51133   0
 230   50052116    0.000000  160.000000   6   5  52116   0
 231   50052117    0.000000  150.000000   6   5  52117   0
 232   51052117    0.000000  150.000000   6   5  52117   1
 233   50052118    0.000000  130.000000   6   5  52118   0
 234   50052119    0.000000  120.000000   6   5  52119   0
 235   51052119    0.000000  120.000000   6   5  52119   1
 236   50052120    0.000000  110.000000   6   5  52120   0
 237   50052121    0.000000  100.000000   6   5  52121   0
 238   51052121    0.000000  100.000000   6   5  52121   1
 239   50052122    0.000000   90.000000   6   5  52122   0
 240   50052123    0.000000   80.000000   6   5  52123   0
 241   51052123    0.000000   80.000000   6   5  52123   1
 242   50052124    0.000000   70.000000   6   5  52124   0
 243   50052125    0.000000   62.000000   6   5  52125   0
 244   51052125    0.000000   62.000000   6   5  52125   1
 245   50052126    0.000000   52.000000   6   5  52126   0
 246   50052127    0.000000   46.000000   6   5  52127   0
 247   51052127    0.000000   46.000000   6   5  52127   1
 248   50052128    0.000000   36.000000   6   5  52128   0
 249   50052129    0.000000   30.000000   6   5  52129   0
 250   51052129    0.000000   30.000000   6   5  52129   1
 251   50052130    0.000000   21.000000   6   5  52130   0
 252   50052131    0.000000   21.000000   6   5  52131   0
 253   51052131    0.000000   21.000000   6   5  52131   1
 254   50052132    0.000000   14.500000   6   5  52132   0
 255   50052133    0.000000   29.000000   6   5  52133   0
 256   51052133    0.000000   29.000000   6   5  52133   1
 257   50052134    0.000000   29.000000   6   5  52134   0
 258   50053117    0.000000  170.000000   6   5  53117   0
 259   50053118    0.000000  160.000000   6   5  53118   0
 260   51053118    0.000000  160.000000   6   5  53118   1
 261   50053119    0.000000  140.000000   6   5  53119   0
 262   50053120    0.000000  130.000000   6   5  53120   0
 263   51053120    0.000000  130.000000   6   5  53120   1
 264   50053121    0.000000  120.000000   6   5  53121   0
 265   50053122    0.000000  110.000000   6   5  53122   0
 266   50053123    0.000000   90.000000   6   5  53123   0
 267   50053124    0.000000   85.000000   6   5  53124   0
 268   50053125    0.000000   70.000000   6   5  53125   0
 269   50053126    0.000000   62.000000   6   5  53126   0
 270   50053127    0.000000   52.000000   6   5  53127   0
 271   50053128    0.000000   46.000000   6   5  53128   0
 272   50053129    0.000000   36.000000   6   5  53129   0
 273   50053130    0.000000   29.000000   6   5  53130   0
 274   51053130    0.000000   29.000000   6   5  53130   1
 275   50053131    0.000000   19.500000   6   5  53131   0
 276   50053132    0.000000   13.000000   6   5  53132   0
 277   50053133    0.000000    4.500000   6   5  53133   0
 278   51053133    0.000000    6.500000   6   5  53133   1
 279   50053134    0.000000   19.000000   6   5  53134   0
 280   50053135    0.000000   18.500000   6   5  53135   0
 281   50054118    0.000000  180.000000   6   5  54118   0
 282   50054119    0.000000  160.000000   6   5  54119   0
 283   50054120    0.000000  150.000000   6   5  54120   0
 284   50054121    0.000000  140.000000   6   5  54121   0
 285   50054122    0.000000  130.000000   6   5  54122   0
 286   50054123    0.000000  120.000000   6   5  54123   0
 287   50054124    0.000000  110.000000   6   5  54124   0
 288   50054125    0.000000   95.000000   6   5  54125   0
 289   51054125    0.000000   95.000000   6   5  54125   1
 290   50054126    0.000000   85.000000   6   5  54126   0
 291   50054127    0.000000   74.000000   6   5  54127   0
 292   51054127    0.000000   74.000000   6   5  54127   1
 293   50054128    0.000000   64.000000   6   5  54128   0
 294   50054129    0.000000   56.000000   6   5  54129   0
 295   51054129    0.000000   56.000000   6   5  54129   1
 296   50054130    0.000000   46.000000   6   5  54130   0
 297   50054131    0.000000   40.000000   6   5  54131   0
 298   51054131    0.000000   40.000000   6   5  54131   1
 299   50054132    0.000000   30.000000   6   5  54132   0
 300   50054133    0.000000   23.000000   6   5  54133   0
 301   51054133    0.000000   23.000000   6   5  54133   1
 302   50054134    0.000000   14.000000   6   5  54134   0
 303   51054134    0.000000   16.000000   6   5  54134   1
 304   50054135    0.000000   14.000000   6   5  54135   0
 305   51054135    0.000000   14.500000   6   5  54135   1
 306   50054136    0.000000    8.000000   6   5  54136   0
 307   50055120    0.000000  180.000000   6   5  55120   0
 308   51055120    0.000000  180.000000   6   5  55120   1
 309   50055121    0.000000  160.000000   6   5  55121   0
 310   51055121    0.000000  160.000000   6   5  55121   1
 311   50055122    0.000000  150.000000   6   5  55122   0
 312   51055122    0.000000  150.000000   6   5  55122   1
 313   52055122    0.000000  150.000000   6   5  55122   2
 314   50055123    0.000000  130.000000   6   5  55123   0
 315   51055123    0.000000  130.000000   6   5  55123   1
 316   50055124    0.000000  120.000000   6   5  55124   0
 317   51055124    0.000000  120.000000   6   5  55124   1
 318   50055125    0.000000  110.000000   6   5  55125   0
 319   50055126    0.000000  100.000000   6   5  55126   0
 320   50055127    0.000000   90.000000   6   5  55127   0
 321   50055128    0.000000   78.000000   6   5  55128   0
 322   50055129    0.000000   68.000000   6   5  55129   0
 323   50055130    0.000000   60.000000   6   5  55130   0
 324   51055130    0.000000   60.000000   6   5  55130   1
 325   50055131    0.000000   50.000000   6   5  55131   0
 326   50055132    0.000000   42.000000   6   5  55132   0
 327   50055133    0.000000   32.000000   6   5  55133   0
 328   50055134    0.000000   25.000000   6   5  55134   0
 329   51055134    0.000000   25.000000   6   5  55134   1
 330   50055135    0.000000   15.500000   6   5  55135   0
 331   50055136    0.000000    8.500000   6   5  55136   0
 332   51055136    0.000000    9.000000   6   5  55136   1
 333   50055137    0.000000    1.000000   6   5  55137   0
 
   p   ZAP IP   NR    Tp [MeV]
   1     1  1    1    8.278226
   2     0  2    1    1.000000
   3  1001  9    1    7.405418
   4  1002 31    1   13.500000
   5  1003 32    1   14.000000
   6  2003 33    1   19.000000
   7  2004 34    1    4.500000
--------------------------------------------------------------------------------
 
