 
--------------------------------------------------------------------------------
 55-Cs-133   T= 0.00 K from IAEA/PD-2019       (ACEMAKER)
 ZAID= 55133.38u  MAT=5525  ZA= 55133
 AWR= 131.763700  STA=  0  ELIS=   0.000 MeV  LIS=  0  LISO=  0
--------------------------------------------------------------------------------
 NTOTR= 134 NTRAN=   1 NPROD= 133 NE=      88 EMAX= 200.000 MeV
   i     MT/MTD     Q [MeV]     T [MeV] LMF  MT    ZAP LFS
   1          5    0.000000    1.000000   3   5
   2   50046104    0.000000  120.000000   6   5  46104   0
   3   50046105    0.000000  120.000000   6   5  46105   0
   4   50046106    0.000000  120.000000   6   5  46106   0
   5   50047105    0.000000  120.000000   6   5  47105   0
   6   51047105    0.000000  120.000000   6   5  47105   1
   7   50047106    0.000000  120.000000   6   5  47106   0
   8   51047106    0.000000  120.000000   6   5  47106   1
   9   50047107    0.000000  120.000000   6   5  47107   0
  10   51047107    0.000000  120.000000   6   5  47107   1
  11   50048106    0.000000  120.000000   6   5  48106   0
  12   50048107    0.000000  110.000000   6   5  48107   0
  13   50048108    0.000000  110.000000   6   5  48108   0
  14   50048109    0.000000  110.000000   6   5  48109   0
  15   50048110    0.000000  110.000000   6   5  48110   0
  16   50049107    0.000000  120.000000   6   5  49107   0
  17   51049107    0.000000  120.000000   6   5  49107   1
  18   50049108    0.000000  120.000000   6   5  49108   0
  19   51049108    0.000000  120.000000   6   5  49108   1
  20   50049109    0.000000  110.000000   6   5  49109   0
  21   51049109    0.000000  110.000000   6   5  49109   1
  22   50049110    0.000000  110.000000   6   5  49110   0
  23   51049110    0.000000  110.000000   6   5  49110   1
  24   50049111    0.000000  110.000000   6   5  49111   0
  25   51049111    0.000000  110.000000   6   5  49111   1
  26   50049112    0.000000  110.000000   6   5  49112   0
  27   51049112    0.000000  110.000000   6   5  49112   1
  28   50050108    0.000000  140.000000   6   5  50108   0
  29   50050109    0.000000  130.000000   6   5  50109   0
  30   50050110    0.000000  120.000000   6   5  50110   0
  31   50050111    0.000000  120.000000   6   5  50111   0
  32   50050112    0.000000  110.000000   6   5  50112   0
  33   50050113    0.000000  110.000000   6   5  50113   0
  34   51050113    0.000000  110.000000   6   5  50113   1
  35   50050114    0.000000  110.000000   6   5  50114   0
  36   50051110    0.000000  130.000000   6   5  51110   0
  37   50051111    0.000000  120.000000   6   5  51111   0
  38   50051112    0.000000  110.000000   6   5  51112   0
  39   50051113    0.000000  110.000000   6   5  51113   0
  40   50051114    0.000000  100.000000   6   5  51114   0
  41   50051115    0.000000  100.000000   6   5  51115   0
  42   50051116    0.000000  100.000000   6   5  51116   0
  43   53051116    0.000000  100.000000   6   5  51116   3
  44   50051117    0.000000  100.000000   6   5  51117   0
  45   50051118    0.000000  100.000000   6   5  51118   0
  46   57051118    0.000000  100.000000   6   5  51118   7
  47   50051119    0.000000  100.000000   6   5  51119   0
  48   50052112    0.000000  150.000000   6   5  52112   0
  49   50052113    0.000000  130.000000   6   5  52113   0
  50   50052114    0.000000  120.000000   6   5  52114   0
  51   50052115    0.000000  110.000000   6   5  52115   0
  52   51052115    0.000000  110.000000   6   5  52115   1
  53   50052116    0.000000  100.000000   6   5  52116   0
  54   50052117    0.000000  100.000000   6   5  52117   0
  55   50052118    0.000000   95.000000   6   5  52118   0
  56   50052119    0.000000   90.000000   6   5  52119   0
  57   52052119    0.000000   90.000000   6   5  52119   2
  58   50052120    0.000000   85.000000   6   5  52120   0
  59   50052121    0.000000   80.000000   6   5  52121   0
  60   52052121    0.000000   80.000000   6   5  52121   2
  61   50052122    0.000000   76.000000   6   5  52122   0
  62   50052123    0.000000   68.000000   6   5  52123   0
  63   52052123    0.000000   68.000000   6   5  52123   2
  64   50052124    0.000000   62.000000   6   5  52124   0
  65   50052125    0.000000   56.000000   6   5  52125   0
  66   52052125    0.000000   56.000000   6   5  52125   2
  67   50052126    0.000000   50.000000   6   5  52126   0
  68   50052127    0.000000   50.000000   6   5  52127   0
  69   52052127    0.000000   50.000000   6   5  52127   2
  70   50053114    0.000000  140.000000   6   5  53114   0
  71   53053114    0.000000  140.000000   6   5  53114   3
  72   50053115    0.000000  120.000000   6   5  53115   0
  73   50053116    0.000000  110.000000   6   5  53116   0
  74   50053117    0.000000  100.000000   6   5  53117   0
  75   50053118    0.000000  100.000000   6   5  53118   0
  76   54053118    0.000000  100.000000   6   5  53118   4
  77   50053119    0.000000   90.000000   6   5  53119   0
  78   50053120    0.000000   85.000000   6   5  53120   0
  79   63053120    0.000000   85.000000   6   5  53120  13
  80   50053121    0.000000   80.000000   6   5  53121   0
  81   50053122    0.000000   76.000000   6   5  53122   0
  82   50053123    0.000000   66.000000   6   5  53123   0
  83   50053124    0.000000   58.000000   6   5  53124   0
  84   50053125    0.000000   48.000000   6   5  53125   0
  85   50053126    0.000000   40.000000   6   5  53126   0
  86   50053127    0.000000   29.000000   6   5  53127   0
  87   50053128    0.000000   22.000000   6   5  53128   0
  88   50053129    0.000000   13.000000   6   5  53129   0
  89   50053130    0.000000   40.000000   6   5  53130   0
  90   51053130    0.000000   40.000000   6   5  53130   1
  91   50053131    0.000000   40.000000   6   5  53131   0
  92   50054116    0.000000  160.000000   6   5  54116   0
  93   50054117    0.000000  140.000000   6   5  54117   0
  94   50054118    0.000000  120.000000   6   5  54118   0
  95   50054119    0.000000  110.000000   6   5  54119   0
  96   50054120    0.000000  100.000000   6   5  54120   0
  97   50054121    0.000000   90.000000   6   5  54121   0
  98   50054122    0.000000   85.000000   6   5  54122   0
  99   50054123    0.000000   80.000000   6   5  54123   0
 100   50054124    0.000000   72.000000   6   5  54124   0
 101   50054125    0.000000   68.000000   6   5  54125   0
 102   52054125    0.000000   68.000000   6   5  54125   2
 103   50054126    0.000000   56.000000   6   5  54126   0
 104   50054127    0.000000   50.000000   6   5  54127   0
 105   52054127    0.000000   50.000000   6   5  54127   2
 106   50054128    0.000000   42.000000   6   5  54128   0
 107   50054129    0.000000   34.000000   6   5  54129   0
 108   52054129    0.000000   34.000000   6   5  54129   2
 109   50054130    0.000000   25.000000   6   5  54130   0
 110   50054131    0.000000   18.500000   6   5  54131   0
 111   52054131    0.000000   18.500000   6   5  54131   2
 112   50054132    0.000000   10.000000   6   5  54132   0
 113   50055119    0.000000  140.000000   6   5  55119   0
 114   51055119    0.000000  140.000000   6   5  55119   1
 115   50055120    0.000000  120.000000   6   5  55120   0
 116   55055120    0.000000  120.000000   6   5  55120   5
 117   50055121    0.000000  110.000000   6   5  55121   0
 118   51055121    0.000000  110.000000   6   5  55121   1
 119   50055122    0.000000  100.000000   6   5  55122   0
 120   58055122    0.000000  100.000000   6   5  55122   8
 121   50055123    0.000000   90.000000   6   5  55123   0
 122   55055123    0.000000   90.000000   6   5  55123   5
 123   50055124    0.000000   80.000000   6   5  55124   0
 124   75055124    0.000000   80.000000   6   5  55124  25
 125   50055125    0.000000   72.000000   6   5  55125   0
 126   50055126    0.000000   62.000000   6   5  55126   0
 127   50055127    0.000000   50.000000   6   5  55127   0
 128   50055128    0.000000   42.000000   6   5  55128   0
 129   50055129    0.000000   32.000000   6   5  55129   0
 130   50055130    0.000000   25.000000   6   5  55130   0
 131   54055130    0.000000   25.000000   6   5  55130   4
 132   50055131    0.000000   16.000000   6   5  55131   0
 133   50055132    0.000000    8.500000   6   5  55132   0
 134   50055133    0.000000    1.000000   6   5  55133   0
 
   p   ZAP IP   NR    Tp [MeV]
   1     1  1    1    8.500000
   2     0  2    1    1.000000
   3  1001  9    1    7.500000
   4  1002 31    1   14.500000
   5  1003 32    1   15.500000
   6  2003 33    1   22.000000
   7  2004 34    1    8.500000
--------------------------------------------------------------------------------
 
