 
--------------------------------------------------------------------------------
 57-La-139   T= 0.00 K from IAEA/PD-2019       (ACEMAKER)
 ZAID= 57139.38u  MAT=5728  ZA= 57139
 AWR= 137.713100  STA=  0  ELIS=   0.000 MeV  LIS=  0  LISO=  0
--------------------------------------------------------------------------------
 NTOTR= 357 NTRAN=   1 NPROD= 356 NE=     130 EMAX= 200.000 MeV
   i     MT/MTD     Q [MeV]     T [MeV] LMF  MT    ZAP LFS
   1          5    0.000000    1.000000   3   5
   2   50042106    0.000000  160.000000   6   5  42106   0
   3   50042107    0.000000  160.000000   6   5  42107   0
   4   50042108    0.000000  160.000000   6   5  42108   0
   5   50042109    0.000000  160.000000   6   5  42109   0
   6   50042110    0.000000  160.000000   6   5  42110   0
   7   50042111    0.000000  180.000000   6   5  42111   0
   8   50042112    0.000000  180.000000   6   5  42112   0
   9   50043107    0.000000  150.000000   6   5  43107   0
  10   50043108    0.000000  140.000000   6   5  43108   0
  11   50043109    0.000000  140.000000   6   5  43109   0
  12   50043110    0.000000  140.000000   6   5  43110   0
  13   50043111    0.000000  140.000000   6   5  43111   0
  14   50043112    0.000000  160.000000   6   5  43112   0
  15   50043113    0.000000  160.000000   6   5  43113   0
  16   50043114    0.000000  180.000000   6   5  43114   0
  17   50043115    0.000000  180.000000   6   5  43115   0
  18   50044108    0.000000  140.000000   6   5  44108   0
  19   50044109    0.000000  140.000000   6   5  44109   0
  20   50044110    0.000000  140.000000   6   5  44110   0
  21   50044111    0.000000  130.000000   6   5  44111   0
  22   50044112    0.000000  130.000000   6   5  44112   0
  23   50044113    0.000000  130.000000   6   5  44113   0
  24   50044114    0.000000  130.000000   6   5  44114   0
  25   50044115    0.000000  150.000000   6   5  44115   0
  26   50044116    0.000000  150.000000   6   5  44116   0
  27   50044117    0.000000  180.000000   6   5  44117   0
  28   50044118    0.000000  180.000000   6   5  44118   0
  29   50045109    0.000000  140.000000   6   5  45109   0
  30   50045110    0.000000  130.000000   6   5  45110   0
  31   50045111    0.000000  120.000000   6   5  45111   0
  32   50045112    0.000000  120.000000   6   5  45112   0
  33   50045113    0.000000  110.000000   6   5  45113   0
  34   50045114    0.000000  110.000000   6   5  45114   0
  35   50045115    0.000000  110.000000   6   5  45115   0
  36   50045116    0.000000  120.000000   6   5  45116   0
  37   51045116    0.000000  120.000000   6   5  45116   1
  38   50045117    0.000000  130.000000   6   5  45117   0
  39   50045118    0.000000  150.000000   6   5  45118   0
  40   50045119    0.000000  150.000000   6   5  45119   0
  41   50045120    0.000000  180.000000   6   5  45120   0
  42   50045121    0.000000  180.000000   6   5  45121   0
  43   50046110    0.000000  140.000000   6   5  46110   0
  44   50046111    0.000000  130.000000   6   5  46111   0
  45   51046111    0.000000  130.000000   6   5  46111   1
  46   50046112    0.000000  120.000000   6   5  46112   0
  47   50046113    0.000000  120.000000   6   5  46113   0
  48   51046113    0.000000  120.000000   6   5  46113   1
  49   50046114    0.000000  110.000000   6   5  46114   0
  50   50046115    0.000000  110.000000   6   5  46115   0
  51   51046115    0.000000  110.000000   6   5  46115   1
  52   50046116    0.000000  100.000000   6   5  46116   0
  53   50046117    0.000000  100.000000   6   5  46117   0
  54   50046118    0.000000  100.000000   6   5  46118   0
  55   50046119    0.000000  120.000000   6   5  46119   0
  56   50046120    0.000000  120.000000   6   5  46120   0
  57   50046121    0.000000  150.000000   6   5  46121   0
  58   50046122    0.000000  150.000000   6   5  46122   0
  59   50046123    0.000000  180.000000   6   5  46123   0
  60   50046124    0.000000  190.000000   6   5  46124   0
  61   50047111    0.000000  140.000000   6   5  47111   0
  62   51047111    0.000000  140.000000   6   5  47111   1
  63   50047112    0.000000  130.000000   6   5  47112   0
  64   50047113    0.000000  120.000000   6   5  47113   0
  65   51047113    0.000000  120.000000   6   5  47113   1
  66   50047114    0.000000  110.000000   6   5  47114   0
  67   50047115    0.000000  100.000000   6   5  47115   0
  68   51047115    0.000000  100.000000   6   5  47115   1
  69   50047116    0.000000   90.000000   6   5  47116   0
  70   51047116    0.000000   90.000000   6   5  47116   1
  71   50047117    0.000000   85.000000   6   5  47117   0
  72   51047117    0.000000   85.000000   6   5  47117   1
  73   50047118    0.000000   78.000000   6   5  47118   0
  74   50047119    0.000000   78.000000   6   5  47119   0
  75   51047119    0.000000   80.000000   6   5  47119   1
  76   50047120    0.000000   80.000000   6   5  47120   0
  77   50047121    0.000000   90.000000   6   5  47121   0
  78   50047122    0.000000  120.000000   6   5  47122   0
  79   51047122    0.000000  120.000000   6   5  47122   1
  80   50047123    0.000000  120.000000   6   5  47123   0
  81   50047124    0.000000  150.000000   6   5  47124   0
  82   50047125    0.000000  150.000000   6   5  47125   0
  83   50047126    0.000000  190.000000   6   5  47126   0
  84   50048112    0.000000  140.000000   6   5  48112   0
  85   50048113    0.000000  130.000000   6   5  48113   0
  86   51048113    0.000000  130.000000   6   5  48113   1
  87   50048114    0.000000  120.000000   6   5  48114   0
  88   50048115    0.000000  110.000000   6   5  48115   0
  89   51048115    0.000000  110.000000   6   5  48115   1
  90   50048116    0.000000  100.000000   6   5  48116   0
  91   50048117    0.000000   90.000000   6   5  48117   0
  92   51048117    0.000000   90.000000   6   5  48117   1
  93   50048118    0.000000   85.000000   6   5  48118   0
  94   50048119    0.000000   78.000000   6   5  48119   0
  95   51048119    0.000000   78.000000   6   5  48119   1
  96   50048120    0.000000   76.000000   6   5  48120   0
  97   50048121    0.000000   70.000000   6   5  48121   0
  98   51048121    0.000000   70.000000   6   5  48121   1
  99   50048122    0.000000   72.000000   6   5  48122   0
 100   50048123    0.000000   78.000000   6   5  48123   0
 101   51048123    0.000000   78.000000   6   5  48123   1
 102   50048124    0.000000   85.000000   6   5  48124   0
 103   50048125    0.000000  110.000000   6   5  48125   0
 104   51048125    0.000000  110.000000   6   5  48125   1
 105   50048126    0.000000  110.000000   6   5  48126   0
 106   50048127    0.000000  150.000000   6   5  48127   0
 107   50048128    0.000000  160.000000   6   5  48128   0
 108   50049113    0.000000  140.000000   6   5  49113   0
 109   51049113    0.000000  140.000000   6   5  49113   1
 110   50049114    0.000000  130.000000   6   5  49114   0
 111   51049114    0.000000  130.000000   6   5  49114   1
 112   50049115    0.000000  120.000000   6   5  49115   0
 113   51049115    0.000000  120.000000   6   5  49115   1
 114   50049116    0.000000  110.000000   6   5  49116   0
 115   51049116    0.000000  110.000000   6   5  49116   1
 116   52049116    0.000000  110.000000   6   5  49116   2
 117   50049117    0.000000  100.000000   6   5  49117   0
 118   51049117    0.000000  100.000000   6   5  49117   1
 119   50049118    0.000000   90.000000   6   5  49118   0
 120   51049118    0.000000   90.000000   6   5  49118   1
 121   50049119    0.000000   78.000000   6   5  49119   0
 122   51049119    0.000000   78.000000   6   5  49119   1
 123   50049120    0.000000   68.000000   6   5  49120   0
 124   51049120    0.000000   68.000000   6   5  49120   1
 125   50049121    0.000000   62.000000   6   5  49121   0
 126   51049121    0.000000   62.000000   6   5  49121   1
 127   50049122    0.000000   52.000000   6   5  49122   0
 128   51049122    0.000000   52.000000   6   5  49122   1
 129   50049123    0.000000   48.000000   6   5  49123   0
 130   51049123    0.000000   48.000000   6   5  49123   1
 131   50049124    0.000000   58.000000   6   5  49124   0
 132   50049125    0.000000   68.000000   6   5  49125   0
 133   51049125    0.000000   68.000000   6   5  49125   1
 134   50049126    0.000000   76.000000   6   5  49126   0
 135   51049126    0.000000   76.000000   6   5  49126   1
 136   50049127    0.000000   85.000000   6   5  49127   0
 137   51049127    0.000000   85.000000   6   5  49127   1
 138   52049127    0.000000   85.000000   6   5  49127   2
 139   50049128    0.000000  110.000000   6   5  49128   0
 140   50049129    0.000000  120.000000   6   5  49129   0
 141   51049129    0.000000  120.000000   6   5  49129   1
 142   50049130    0.000000  160.000000   6   5  49130   0
 143   51049130    0.000000  160.000000   6   5  49130   1
 144   50050114    0.000000  140.000000   6   5  50114   0
 145   50050115    0.000000  130.000000   6   5  50115   0
 146   50050116    0.000000  120.000000   6   5  50116   0
 147   50050117    0.000000  110.000000   6   5  50117   0
 148   51050117    0.000000  110.000000   6   5  50117   1
 149   50050118    0.000000  100.000000   6   5  50118   0
 150   50050119    0.000000   90.000000   6   5  50119   0
 151   51050119    0.000000   90.000000   6   5  50119   1
 152   50050120    0.000000   78.000000   6   5  50120   0
 153   50050121    0.000000   70.000000   6   5  50121   0
 154   51050121    0.000000   70.000000   6   5  50121   1
 155   50050122    0.000000   62.000000   6   5  50122   0
 156   50050123    0.000000   54.000000   6   5  50123   0
 157   51050123    0.000000   54.000000   6   5  50123   1
 158   50050124    0.000000   48.000000   6   5  50124   0
 159   50050125    0.000000   48.000000   6   5  50125   0
 160   51050125    0.000000   48.000000   6   5  50125   1
 161   50050126    0.000000   44.000000   6   5  50126   0
 162   50050127    0.000000   54.000000   6   5  50127   0
 163   51050127    0.000000   54.000000   6   5  50127   1
 164   50050128    0.000000   66.000000   6   5  50128   0
 165   51050128    0.000000   66.000000   6   5  50128   1
 166   50050129    0.000000   70.000000   6   5  50129   0
 167   51050129    0.000000   70.000000   6   5  50129   1
 168   50050130    0.000000   85.000000   6   5  50130   0
 169   51050130    0.000000   85.000000   6   5  50130   1
 170   50050131    0.000000  120.000000   6   5  50131   0
 171   51050131    0.000000  120.000000   6   5  50131   1
 172   50051115    0.000000  150.000000   6   5  51115   0
 173   50051116    0.000000  140.000000   6   5  51116   0
 174   51051116    0.000000  140.000000   6   5  51116   1
 175   50051117    0.000000  130.000000   6   5  51117   0
 176   50051118    0.000000  120.000000   6   5  51118   0
 177   51051118    0.000000  120.000000   6   5  51118   1
 178   50051119    0.000000  100.000000   6   5  51119   0
 179   50051120    0.000000   90.000000   6   5  51120   0
 180   51051120    0.000000   90.000000   6   5  51120   1
 181   50051121    0.000000   78.000000   6   5  51121   0
 182   50051122    0.000000   70.000000   6   5  51122   0
 183   51051122    0.000000   70.000000   6   5  51122   1
 184   50051123    0.000000   60.000000   6   5  51123   0
 185   50051124    0.000000   50.000000   6   5  51124   0
 186   51051124    0.000000   50.000000   6   5  51124   1
 187   52051124    0.000000   50.000000   6   5  51124   2
 188   50051125    0.000000   42.000000   6   5  51125   0
 189   50051126    0.000000   34.000000   6   5  51126   0
 190   51051126    0.000000   34.000000   6   5  51126   1
 191   50051127    0.000000   26.000000   6   5  51127   0
 192   50051128    0.000000   38.000000   6   5  51128   0
 193   51051128    0.000000   38.000000   6   5  51128   1
 194   50051129    0.000000   44.000000   6   5  51129   0
 195   51051129    0.000000   44.000000   6   5  51129   1
 196   50051130    0.000000   54.000000   6   5  51130   0
 197   51051130    0.000000   54.000000   6   5  51130   1
 198   50051131    0.000000   66.000000   6   5  51131   0
 199   50051132    0.000000   70.000000   6   5  51132   0
 200   51051132    0.000000   72.000000   6   5  51132   1
 201   50051133    0.000000  120.000000   6   5  51133   0
 202   50052116    0.000000  150.000000   6   5  52116   0
 203   50052117    0.000000  140.000000   6   5  52117   0
 204   51052117    0.000000  140.000000   6   5  52117   1
 205   50052118    0.000000  130.000000   6   5  52118   0
 206   50052119    0.000000  120.000000   6   5  52119   0
 207   51052119    0.000000  120.000000   6   5  52119   1
 208   50052120    0.000000  110.000000   6   5  52120   0
 209   50052121    0.000000   95.000000   6   5  52121   0
 210   51052121    0.000000   95.000000   6   5  52121   1
 211   50052122    0.000000   85.000000   6   5  52122   0
 212   50052123    0.000000   74.000000   6   5  52123   0
 213   51052123    0.000000   74.000000   6   5  52123   1
 214   50052124    0.000000   64.000000   6   5  52124   0
 215   50052125    0.000000   56.000000   6   5  52125   0
 216   51052125    0.000000   56.000000   6   5  52125   1
 217   50052126    0.000000   48.000000   6   5  52126   0
 218   50052127    0.000000   40.000000   6   5  52127   0
 219   51052127    0.000000   40.000000   6   5  52127   1
 220   50052128    0.000000   32.000000   6   5  52128   0
 221   50052129    0.000000   30.000000   6   5  52129   0
 222   51052129    0.000000   30.000000   6   5  52129   1
 223   50052130    0.000000   24.000000   6   5  52130   0
 224   50052131    0.000000   38.000000   6   5  52131   0
 225   51052131    0.000000   38.000000   6   5  52131   1
 226   50052132    0.000000   42.000000   6   5  52132   0
 227   50052133    0.000000   54.000000   6   5  52133   0
 228   51052133    0.000000   54.000000   6   5  52133   1
 229   50052134    0.000000   70.000000   6   5  52134   0
 230   50053117    0.000000  160.000000   6   5  53117   0
 231   50053118    0.000000  150.000000   6   5  53118   0
 232   51053118    0.000000  150.000000   6   5  53118   1
 233   50053119    0.000000  140.000000   6   5  53119   0
 234   50053120    0.000000  120.000000   6   5  53120   0
 235   51053120    0.000000  120.000000   6   5  53120   1
 236   50053121    0.000000  110.000000   6   5  53121   0
 237   50053122    0.000000  100.000000   6   5  53122   0
 238   50053123    0.000000   85.000000   6   5  53123   0
 239   50053124    0.000000   74.000000   6   5  53124   0
 240   50053125    0.000000   64.000000   6   5  53125   0
 241   50053126    0.000000   56.000000   6   5  53126   0
 242   50053127    0.000000   44.000000   6   5  53127   0
 243   50053128    0.000000   38.000000   6   5  53128   0
 244   50053129    0.000000   27.000000   6   5  53129   0
 245   50053130    0.000000   20.000000   6   5  53130   0
 246   51053130    0.000000   20.000000   6   5  53130   1
 247   50053131    0.000000   12.000000   6   5  53131   0
 248   50053132    0.000000   26.000000   6   5  53132   0
 249   50053133    0.000000   25.000000   6   5  53133   0
 250   51053133    0.000000   27.000000   6   5  53133   1
 251   50053134    0.000000   40.000000   6   5  53134   0
 252   50053135    0.000000   42.000000   6   5  53135   0
 253   50054118    0.000000  170.000000   6   5  54118   0
 254   50054119    0.000000  150.000000   6   5  54119   0
 255   50054120    0.000000  140.000000   6   5  54120   0
 256   50054121    0.000000  130.000000   6   5  54121   0
 257   50054122    0.000000  120.000000   6   5  54122   0
 258   50054123    0.000000  110.000000   6   5  54123   0
 259   50054124    0.000000   95.000000   6   5  54124   0
 260   50054125    0.000000   85.000000   6   5  54125   0
 261   51054125    0.000000   85.000000   6   5  54125   1
 262   50054126    0.000000   72.000000   6   5  54126   0
 263   50054127    0.000000   64.000000   6   5  54127   0
 264   51054127    0.000000   64.000000   6   5  54127   1
 265   50054128    0.000000   54.000000   6   5  54128   0
 266   50054129    0.000000   46.000000   6   5  54129   0
 267   51054129    0.000000   46.000000   6   5  54129   1
 268   50054130    0.000000   36.000000   6   5  54130   0
 269   50054131    0.000000   29.000000   6   5  54131   0
 270   51054131    0.000000   29.000000   6   5  54131   1
 271   50054132    0.000000   20.000000   6   5  54132   0
 272   50054133    0.000000   19.500000   6   5  54133   0
 273   51054133    0.000000   19.500000   6   5  54133   1
 274   50054134    0.000000   12.500000   6   5  54134   0
 275   51054134    0.000000   14.500000   6   5  54134   1
 276   50054135    0.000000   26.000000   6   5  54135   0
 277   51054135    0.000000   27.000000   6   5  54135   1
 278   50054136    0.000000   26.000000   6   5  54136   0
 279   50055119    0.000000  180.000000   6   5  55119   0
 280   51055119    0.000000  180.000000   6   5  55119   1
 281   50055120    0.000000  170.000000   6   5  55120   0
 282   51055120    0.000000  170.000000   6   5  55120   1
 283   50055121    0.000000  150.000000   6   5  55121   0
 284   51055121    0.000000  150.000000   6   5  55121   1
 285   50055122    0.000000  140.000000   6   5  55122   0
 286   51055122    0.000000  140.000000   6   5  55122   1
 287   52055122    0.000000  140.000000   6   5  55122   2
 288   50055123    0.000000  120.000000   6   5  55123   0
 289   51055123    0.000000  120.000000   6   5  55123   1
 290   50055124    0.000000  110.000000   6   5  55124   0
 291   51055124    0.000000  110.000000   6   5  55124   1
 292   50055125    0.000000  100.000000   6   5  55125   0
 293   50055126    0.000000   85.000000   6   5  55126   0
 294   50055127    0.000000   74.000000   6   5  55127   0
 295   50055128    0.000000   66.000000   6   5  55128   0
 296   50055129    0.000000   56.000000   6   5  55129   0
 297   50055130    0.000000   48.000000   6   5  55130   0
 298   51055130    0.000000   48.000000   6   5  55130   1
 299   50055131    0.000000   38.000000   6   5  55131   0
 300   50055132    0.000000   29.000000   6   5  55132   0
 301   50055133    0.000000   19.500000   6   5  55133   0
 302   50055134    0.000000   12.500000   6   5  55134   0
 303   51055134    0.000000   13.000000   6   5  55134   1
 304   50055135    0.000000    3.500000   6   5  55135   0
 305   50055136    0.000000   17.500000   6   5  55136   0
 306   51055136    0.000000   17.500000   6   5  55136   1
 307   50055137    0.000000   16.500000   6   5  55137   0
 308   50056120    0.000000  190.000000   6   5  56120   0
 309   50056121    0.000000  170.000000   6   5  56121   0
 310   50056122    0.000000  160.000000   6   5  56122   0
 311   50056123    0.000000  150.000000   6   5  56123   0
 312   50056124    0.000000  140.000000   6   5  56124   0
 313   50056125    0.000000  130.000000   6   5  56125   0
 314   50056126    0.000000  110.000000   6   5  56126   0
 315   50056127    0.000000  100.000000   6   5  56127   0
 316   51056127    0.000000  100.000000   6   5  56127   1
 317   50056128    0.000000   90.000000   6   5  56128   0
 318   50056129    0.000000   78.000000   6   5  56129   0
 319   51056129    0.000000   78.000000   6   5  56129   1
 320   50056130    0.000000   68.000000   6   5  56130   0
 321   50056131    0.000000   60.000000   6   5  56131   0
 322   51056131    0.000000   60.000000   6   5  56131   1
 323   50056132    0.000000   48.000000   6   5  56132   0
 324   50056133    0.000000   40.000000   6   5  56133   0
 325   51056133    0.000000   42.000000   6   5  56133   1
 326   50056134    0.000000   32.000000   6   5  56134   0
 327   50056135    0.000000   23.000000   6   5  56135   0
 328   51056135    0.000000   24.000000   6   5  56135   1
 329   50056136    0.000000   14.000000   6   5  56136   0
 330   51056136    0.000000   16.000000   6   5  56136   1
 331   50056137    0.000000   13.000000   6   5  56137   0
 332   51056137    0.000000   14.000000   6   5  56137   1
 333   50056138    0.000000    6.500000   6   5  56138   0
 334   50057123    0.000000  180.000000   6   5  57123   0
 335   50057124    0.000000  160.000000   6   5  57124   0
 336   51057124    0.000000  160.000000   6   5  57124   1
 337   50057125    0.000000  140.000000   6   5  57125   0
 338   51057125    0.000000  140.000000   6   5  57125   1
 339   50057126    0.000000  130.000000   6   5  57126   0
 340   50057127    0.000000  120.000000   6   5  57127   0
 341   51057127    0.000000  120.000000   6   5  57127   1
 342   50057128    0.000000  110.000000   6   5  57128   0
 343   51057128    0.000000  110.000000   6   5  57128   1
 344   50057129    0.000000   95.000000   6   5  57129   0
 345   51057129    0.000000   95.000000   6   5  57129   1
 346   50057130    0.000000   85.000000   6   5  57130   0
 347   50057131    0.000000   72.000000   6   5  57131   0
 348   50057132    0.000000   64.000000   6   5  57132   0
 349   51057132    0.000000   64.000000   6   5  57132   1
 350   50057133    0.000000   52.000000   6   5  57133   0
 351   50057134    0.000000   44.000000   6   5  57134   0
 352   50057135    0.000000   34.000000   6   5  57135   0
 353   50057136    0.000000   26.000000   6   5  57136   0
 354   51057136    0.000000   27.000000   6   5  57136   1
 355   50057137    0.000000   16.500000   6   5  57137   0
 356   50057138    0.000000    9.000000   6   5  57138   0
 357   50057139    0.000000    1.000000   6   5  57139   0
 
   p   ZAP IP   NR    Tp [MeV]
   1     1  1    1    8.778349
   2     0  2    1    1.000000
   3  1001  9    1    6.500000
   4  1002 31    1   13.000000
   5  1003 32    1   14.000000
   6  2003 33    1   17.500000
   7  2004 34    1    3.500000
--------------------------------------------------------------------------------
 
