 
--------------------------------------------------------------------------------
 58-Ce-140   T= 0.00 K from IAEA/PD-2019       (ACEMAKER)
 ZAID= 58140.38u  MAT=5837  ZA= 58140
 AWR= 138.703600  STA=  0  ELIS=   0.000 MeV  LIS=  0  LISO=  0
--------------------------------------------------------------------------------
 NTOTR= 132 NTRAN=   1 NPROD= 131 NE=      87 EMAX= 200.000 MeV
   i     MT/MTD     Q [MeV]     T [MeV] LMF  MT    ZAP LFS
   1          5    0.000000    1.500000   3   5
   2   50049111    0.000000  130.000000   6   5  49111   0
   3   51049111    0.000000  130.000000   6   5  49111   1
   4   50050112    0.000000  130.000000   6   5  50112   0
   5   50050113    0.000000  130.000000   6   5  50113   0
   6   51050113    0.000000  130.000000   6   5  50113   1
   7   50051113    0.000000  120.000000   6   5  51113   0
   8   50051114    0.000000  120.000000   6   5  51114   0
   9   50051115    0.000000  110.000000   6   5  51115   0
  10   50052114    0.000000  130.000000   6   5  52114   0
  11   50052115    0.000000  120.000000   6   5  52115   0
  12   51052115    0.000000  120.000000   6   5  52115   1
  13   50052116    0.000000  110.000000   6   5  52116   0
  14   50052117    0.000000  110.000000   6   5  52117   0
  15   50052118    0.000000  110.000000   6   5  52118   0
  16   50053115    0.000000  140.000000   6   5  53115   0
  17   50053116    0.000000  130.000000   6   5  53116   0
  18   50053117    0.000000  120.000000   6   5  53117   0
  19   50053118    0.000000  110.000000   6   5  53118   0
  20   54053118    0.000000  110.000000   6   5  53118   4
  21   50053119    0.000000  110.000000   6   5  53119   0
  22   50053120    0.000000  100.000000   6   5  53120   0
  23   63053120    0.000000  100.000000   6   5  53120  13
  24   50053121    0.000000  100.000000   6   5  53121   0
  25   50054116    0.000000  150.000000   6   5  54116   0
  26   50054117    0.000000  140.000000   6   5  54117   0
  27   50054118    0.000000  130.000000   6   5  54118   0
  28   50054119    0.000000  120.000000   6   5  54119   0
  29   50054120    0.000000  110.000000   6   5  54120   0
  30   50054121    0.000000  100.000000   6   5  54121   0
  31   50054122    0.000000  100.000000   6   5  54122   0
  32   50054123    0.000000   95.000000   6   5  54123   0
  33   50054124    0.000000   95.000000   6   5  54124   0
  34   50054126    0.000000   78.000000   6   5  54126   0
  35   50054128    0.000000   68.000000   6   5  54128   0
  36   50055118    0.000000  160.000000   6   5  55118   0
  37   51055118    0.000000  160.000000   6   5  55118   1
  38   50055119    0.000000  140.000000   6   5  55119   0
  39   51055119    0.000000  140.000000   6   5  55119   1
  40   50055120    0.000000  130.000000   6   5  55120   0
  41   55055120    0.000000  130.000000   6   5  55120   5
  42   50055121    0.000000  120.000000   6   5  55121   0
  43   51055121    0.000000  120.000000   6   5  55121   1
  44   50055122    0.000000  110.000000   6   5  55122   0
  45   58055122    0.000000  110.000000   6   5  55122   8
  46   50055123    0.000000  100.000000   6   5  55123   0
  47   55055123    0.000000  100.000000   6   5  55123   5
  48   50055124    0.000000  100.000000   6   5  55124   0
  49   75055124    0.000000  100.000000   6   5  55124  25
  50   50055125    0.000000   90.000000   6   5  55125   0
  51   50055126    0.000000   85.000000   6   5  55126   0
  52   50055127    0.000000   80.000000   6   5  55127   0
  53   50055128    0.000000   78.000000   6   5  55128   0
  54   50055129    0.000000   72.000000   6   5  55129   0
  55   50055130    0.000000   68.000000   6   5  55130   0
  56   54055130    0.000000   68.000000   6   5  55130   4
  57   50055131    0.000000   62.000000   6   5  55131   0
  58   50055132    0.000000   58.000000   6   5  55132   0
  59   50055133    0.000000   56.000000   6   5  55133   0
  60   50055134    0.000000   56.000000   6   5  55134   0
  61   53055134    0.000000   56.000000   6   5  55134   3
  62   50056119    0.000000  190.000000   6   5  56119   0
  63   50056120    0.000000  160.000000   6   5  56120   0
  64   50056121    0.000000  140.000000   6   5  56121   0
  65   50056122    0.000000  120.000000   6   5  56122   0
  66   50056123    0.000000  120.000000   6   5  56123   0
  67   50056124    0.000000  110.000000   6   5  56124   0
  68   50056125    0.000000  100.000000   6   5  56125   0
  69   50056126    0.000000   85.000000   6   5  56126   0
  70   50056127    0.000000   80.000000   6   5  56127   0
  71   52056127    0.000000   80.000000   6   5  56127   2
  72   50056128    0.000000   72.000000   6   5  56128   0
  73   50056129    0.000000   66.000000   6   5  56129   0
  74   51056129    0.000000   66.000000   6   5  56129   1
  75   50056130    0.000000   60.000000   6   5  56130   0
  76   50056131    0.000000   54.000000   6   5  56131   0
  77   52056131    0.000000   54.000000   6   5  56131   2
  78   50056132    0.000000   46.000000   6   5  56132   0
  79   50056133    0.000000   38.000000   6   5  56133   0
  80   52056133    0.000000   38.000000   6   5  56133   2
  81   50056134    0.000000   30.000000   6   5  56134   0
  82   50056135    0.000000   22.000000   6   5  56135   0
  83   52056135    0.000000   22.000000   6   5  56135   2
  84   50056136    0.000000   11.000000   6   5  56136   0
  85   50056137    0.000000   44.000000   6   5  56137   0
  86   52056137    0.000000   44.000000   6   5  56137   2
  87   50056138    0.000000   40.000000   6   5  56138   0
  88   50057122    0.000000  160.000000   6   5  57122   0
  89   50057123    0.000000  150.000000   6   5  57123   0
  90   50057124    0.000000  130.000000   6   5  57124   0
  91   51057124    0.000000  130.000000   6   5  57124   1
  92   50057125    0.000000  120.000000   6   5  57125   0
  93   50057126    0.000000  110.000000   6   5  57126   0
  94   51057126    0.000000  110.000000   6   5  57126   1
  95   50057127    0.000000  100.000000   6   5  57127   0
  96   51057127    0.000000  100.000000   6   5  57127   1
  97   50057128    0.000000   95.000000   6   5  57128   0
  98   56057128    0.000000   95.000000   6   5  57128   6
  99   50057129    0.000000   85.000000   6   5  57129   0
 100   50057130    0.000000   78.000000   6   5  57130   0
 101   50057131    0.000000   70.000000   6   5  57131   0
 102   50057132    0.000000   64.000000   6   5  57132   0
 103   54057132    0.000000   64.000000   6   5  57132   4
 104   50057133    0.000000   56.000000   6   5  57133   0
 105   50057134    0.000000   48.000000   6   5  57134   0
 106   50057135    0.000000   40.000000   6   5  57135   0
 107   50057136    0.000000   36.000000   6   5  57136   0
 108   50057137    0.000000   28.000000   6   5  57137   0
 109   50057138    0.000000   21.000000   6   5  57138   0
 110   50057139    0.000000   11.500000   6   5  57139   0
 111   50058125    0.000000  150.000000   6   5  58125   0
 112   50058126    0.000000  130.000000   6   5  58126   0
 113   50058127    0.000000  120.000000   6   5  58127   0
 114   51058127    0.000000  120.000000   6   5  58127   1
 115   50058128    0.000000  110.000000   6   5  58128   0
 116   50058129    0.000000  100.000000   6   5  58129   0
 117   50058130    0.000000   95.000000   6   5  58130   0
 118   50058131    0.000000   85.000000   6   5  58131   0
 119   51058131    0.000000   85.000000   6   5  58131   1
 120   50058132    0.000000   72.000000   6   5  58132   0
 121   50058133    0.000000   62.000000   6   5  58133   0
 122   51058133    0.000000   62.000000   6   5  58133   1
 123   50058134    0.000000   52.000000   6   5  58134   0
 124   50058135    0.000000   44.000000   6   5  58135   0
 125   54058135    0.000000   44.000000   6   5  58135   4
 126   50058136    0.000000   32.000000   6   5  58136   0
 127   50058137    0.000000   26.000000   6   5  58137   0
 128   52058137    0.000000   26.000000   6   5  58137   2
 129   50058138    0.000000   16.500000   6   5  58138   0
 130   50058139    0.000000    9.000000   6   5  58139   0
 131   52058139    0.000000    9.500000   6   5  58139   2
 132   50058140    0.000000    1.500000   6   5  58140   0
 
   p   ZAP IP   NR    Tp [MeV]
   1     1  1    1    9.000000
   2     0  2    1    1.500000
   3  1001  9    1   10.000000
   4  1002 31    1   16.000000
   5  1003 32    1   18.500000
   6  2003 33    1   22.000000
   7  2004 34    1    8.000000
--------------------------------------------------------------------------------
 
