 
--------------------------------------------------------------------------------
 58-Ce-142   T= 0.00 K from IAEA/PD-2019       (ACEMAKER)
 ZAID= 58142.38u  MAT=5843  ZA= 58142
 AWR= 140.690200  STA=  0  ELIS=   0.000 MeV  LIS=  0  LISO=  0
--------------------------------------------------------------------------------
 NTOTR= 135 NTRAN=   1 NPROD= 134 NE=      88 EMAX= 200.000 MeV
   i     MT/MTD     Q [MeV]     T [MeV] LMF  MT    ZAP LFS
   1          5    0.000000    1.000000   3   5
   2   50050114    0.000000  120.000000   6   5  50114   0
   3   50051115    0.000000  110.000000   6   5  51115   0
   4   50051116    0.000000  110.000000   6   5  51116   0
   5   53051116    0.000000  110.000000   6   5  51116   3
   6   50052116    0.000000  120.000000   6   5  52116   0
   7   50052117    0.000000  110.000000   6   5  52117   0
   8   50052118    0.000000  110.000000   6   5  52118   0
   9   50052119    0.000000  110.000000   6   5  52119   0
  10   52052119    0.000000  110.000000   6   5  52119   2
  11   50052120    0.000000  110.000000   6   5  52120   0
  12   50053117    0.000000  130.000000   6   5  53117   0
  13   50053118    0.000000  130.000000   6   5  53118   0
  14   54053118    0.000000  130.000000   6   5  53118   4
  15   50053119    0.000000  110.000000   6   5  53119   0
  16   50053120    0.000000  110.000000   6   5  53120   0
  17   63053120    0.000000  110.000000   6   5  53120  13
  18   50053121    0.000000  100.000000   6   5  53121   0
  19   50053122    0.000000  100.000000   6   5  53122   0
  20   50054118    0.000000  140.000000   6   5  54118   0
  21   50054119    0.000000  130.000000   6   5  54119   0
  22   50054120    0.000000  120.000000   6   5  54120   0
  23   50054121    0.000000  110.000000   6   5  54121   0
  24   50054122    0.000000  100.000000   6   5  54122   0
  25   50054123    0.000000  100.000000   6   5  54123   0
  26   50054124    0.000000  100.000000   6   5  54124   0
  27   50054125    0.000000   95.000000   6   5  54125   0
  28   52054125    0.000000   95.000000   6   5  54125   2
  29   50054126    0.000000   90.000000   6   5  54126   0
  30   50054127    0.000000   90.000000   6   5  54127   0
  31   52054127    0.000000   90.000000   6   5  54127   2
  32   50054128    0.000000   90.000000   6   5  54128   0
  33   50054129    0.000000   85.000000   6   5  54129   0
  34   52054129    0.000000   85.000000   6   5  54129   2
  35   50054130    0.000000   85.000000   6   5  54130   0
  36   50054131    0.000000   85.000000   6   5  54131   0
  37   52054131    0.000000   85.000000   6   5  54131   2
  38   50054132    0.000000   85.000000   6   5  54132   0
  39   50055119    0.000000  160.000000   6   5  55119   0
  40   51055119    0.000000  160.000000   6   5  55119   1
  41   50055120    0.000000  150.000000   6   5  55120   0
  42   55055120    0.000000  150.000000   6   5  55120   5
  43   50055121    0.000000  130.000000   6   5  55121   0
  44   51055121    0.000000  130.000000   6   5  55121   1
  45   50055122    0.000000  120.000000   6   5  55122   0
  46   58055122    0.000000  120.000000   6   5  55122   8
  47   50055123    0.000000  110.000000   6   5  55123   0
  48   55055123    0.000000  110.000000   6   5  55123   5
  49   50055124    0.000000  110.000000   6   5  55124   0
  50   75055124    0.000000  110.000000   6   5  55124  25
  51   50055125    0.000000  100.000000   6   5  55125   0
  52   50055126    0.000000   95.000000   6   5  55126   0
  53   50055127    0.000000   85.000000   6   5  55127   0
  54   50055128    0.000000   85.000000   6   5  55128   0
  55   50055129    0.000000   78.000000   6   5  55129   0
  56   50055130    0.000000   74.000000   6   5  55130   0
  57   54055130    0.000000   74.000000   6   5  55130   4
  58   50055131    0.000000   70.000000   6   5  55131   0
  59   50055132    0.000000   70.000000   6   5  55132   0
  60   50055133    0.000000   66.000000   6   5  55133   0
  61   50055134    0.000000   62.000000   6   5  55134   0
  62   53055134    0.000000   62.000000   6   5  55134   3
  63   50055135    0.000000   60.000000   6   5  55135   0
  64   60055135    0.000000   60.000000   6   5  55135  10
  65   50056121    0.000000  150.000000   6   5  56121   0
  66   50056122    0.000000  140.000000   6   5  56122   0
  67   50056123    0.000000  130.000000   6   5  56123   0
  68   50056124    0.000000  120.000000   6   5  56124   0
  69   50056125    0.000000  110.000000   6   5  56125   0
  70   50056126    0.000000  100.000000   6   5  56126   0
  71   50056127    0.000000   90.000000   6   5  56127   0
  72   52056127    0.000000   90.000000   6   5  56127   2
  73   50056128    0.000000   85.000000   6   5  56128   0
  74   50056129    0.000000   78.000000   6   5  56129   0
  75   51056129    0.000000   78.000000   6   5  56129   1
  76   50056130    0.000000   72.000000   6   5  56130   0
  77   50056131    0.000000   68.000000   6   5  56131   0
  78   52056131    0.000000   68.000000   6   5  56131   2
  79   50056132    0.000000   60.000000   6   5  56132   0
  80   50056133    0.000000   54.000000   6   5  56133   0
  81   52056133    0.000000   54.000000   6   5  56133   2
  82   50056134    0.000000   44.000000   6   5  56134   0
  83   50056135    0.000000   38.000000   6   5  56135   0
  84   52056135    0.000000   38.000000   6   5  56135   2
  85   50056136    0.000000   28.000000   6   5  56136   0
  86   50056137    0.000000   17.000000   6   5  56137   0
  87   52056137    0.000000   17.000000   6   5  56137   2
  88   50056138    0.000000    1.000000   6   5  56138   0
  89   50056139    0.000000   44.000000   6   5  56139   0
  90   50057123    0.000000  160.000000   6   5  57123   0
  91   50057124    0.000000  150.000000   6   5  57124   0
  92   51057124    0.000000  150.000000   6   5  57124   1
  93   50057125    0.000000  130.000000   6   5  57125   0
  94   50057126    0.000000  120.000000   6   5  57126   0
  95   51057126    0.000000  130.000000   6   5  57126   1
  96   50057127    0.000000  110.000000   6   5  57127   0
  97   51057127    0.000000  110.000000   6   5  57127   1
  98   50057128    0.000000  100.000000   6   5  57128   0
  99   56057128    0.000000  100.000000   6   5  57128   6
 100   50057129    0.000000   95.000000   6   5  57129   0
 101   50057130    0.000000   90.000000   6   5  57130   0
 102   50057131    0.000000   80.000000   6   5  57131   0
 103   50057132    0.000000   72.000000   6   5  57132   0
 104   54057132    0.000000   72.000000   6   5  57132   4
 105   50057133    0.000000   66.000000   6   5  57133   0
 106   50057134    0.000000   60.000000   6   5  57134   0
 107   50057135    0.000000   56.000000   6   5  57135   0
 108   50057136    0.000000   48.000000   6   5  57136   0
 109   50057137    0.000000   40.000000   6   5  57137   0
 110   50057138    0.000000   32.000000   6   5  57138   0
 111   50057139    0.000000   25.000000   6   5  57139   0
 112   50057140    0.000000   19.500000   6   5  57140   0
 113   50057141    0.000000   14.500000   6   5  57141   0
 114   50058127    0.000000  130.000000   6   5  58127   0
 115   51058127    0.000000  130.000000   6   5  58127   1
 116   50058128    0.000000  120.000000   6   5  58128   0
 117   50058129    0.000000  110.000000   6   5  58129   0
 118   50058130    0.000000  100.000000   6   5  58130   0
 119   50058131    0.000000   90.000000   6   5  58131   0
 120   51058131    0.000000   90.000000   6   5  58131   1
 121   50058132    0.000000   80.000000   6   5  58132   0
 122   50058133    0.000000   74.000000   6   5  58133   0
 123   51058133    0.000000   74.000000   6   5  58133   1
 124   50058134    0.000000   64.000000   6   5  58134   0
 125   50058135    0.000000   56.000000   6   5  58135   0
 126   54058135    0.000000   56.000000   6   5  58135   4
 127   50058136    0.000000   46.000000   6   5  58136   0
 128   50058137    0.000000   38.000000   6   5  58137   0
 129   52058137    0.000000   38.000000   6   5  58137   2
 130   50058138    0.000000   29.000000   6   5  58138   0
 131   50058139    0.000000   21.000000   6   5  58139   0
 132   52058139    0.000000   22.000000   6   5  58139   2
 133   50058140    0.000000   12.500000   6   5  58140   0
 134   50058141    0.000000    7.000000   6   5  58141   0
 135   50058142    0.000000    1.000000   6   5  58142   0
 
   p   ZAP IP   NR    Tp [MeV]
   1     1  1    1    7.000000
   2     0  2    1    1.000000
   3  1001  9    1   10.500000
   4  1002 31    1   15.000000
   5  1003 32    1   15.000000
   6  2003 33    1   21.000000
   7  2004 34    1    5.000000
--------------------------------------------------------------------------------
 
