 
--------------------------------------------------------------------------------
 59-Pr-141   T= 0.00 K from IAEA/PD-2019       (ACEMAKER)
 ZAID= 59141.38u  MAT=5925  ZA= 59141
 AWR= 139.697200  STA=  0  ELIS=   0.000 MeV  LIS=  0  LISO=  0
--------------------------------------------------------------------------------
 NTOTR= 374 NTRAN=   1 NPROD= 373 NE=     134 EMAX= 200.000 MeV
   i     MT/MTD     Q [MeV]     T [MeV] LMF  MT    ZAP LFS
   1          5    0.000000    1.000000   3   5
   2   50044108    0.000000  150.000000   6   5  44108   0
   3   50044109    0.000000  150.000000   6   5  44109   0
   4   50044110    0.000000  140.000000   6   5  44110   0
   5   50044111    0.000000  140.000000   6   5  44111   0
   6   50044112    0.000000  140.000000   6   5  44112   0
   7   50044113    0.000000  160.000000   6   5  44113   0
   8   50044114    0.000000  160.000000   6   5  44114   0
   9   50044115    0.000000  190.000000   6   5  44115   0
  10   50044116    0.000000  190.000000   6   5  44116   0
  11   50045109    0.000000  140.000000   6   5  45109   0
  12   50045110    0.000000  130.000000   6   5  45110   0
  13   50045111    0.000000  130.000000   6   5  45111   0
  14   50045112    0.000000  130.000000   6   5  45112   0
  15   50045113    0.000000  130.000000   6   5  45113   0
  16   50045114    0.000000  140.000000   6   5  45114   0
  17   50045115    0.000000  140.000000   6   5  45115   0
  18   50045116    0.000000  160.000000   6   5  45116   0
  19   51045116    0.000000  160.000000   6   5  45116   1
  20   50045117    0.000000  160.000000   6   5  45117   0
  21   50045118    0.000000  190.000000   6   5  45118   0
  22   50045119    0.000000  190.000000   6   5  45119   0
  23   50046110    0.000000  140.000000   6   5  46110   0
  24   50046111    0.000000  130.000000   6   5  46111   0
  25   51046111    0.000000  130.000000   6   5  46111   1
  26   50046112    0.000000  130.000000   6   5  46112   0
  27   50046113    0.000000  120.000000   6   5  46113   0
  28   51046113    0.000000  120.000000   6   5  46113   1
  29   50046114    0.000000  120.000000   6   5  46114   0
  30   50046115    0.000000  120.000000   6   5  46115   0
  31   51046115    0.000000  120.000000   6   5  46115   1
  32   50046116    0.000000  120.000000   6   5  46116   0
  33   50046117    0.000000  130.000000   6   5  46117   0
  34   50046118    0.000000  130.000000   6   5  46118   0
  35   50046119    0.000000  160.000000   6   5  46119   0
  36   50046120    0.000000  160.000000   6   5  46120   0
  37   50046121    0.000000  190.000000   6   5  46121   0
  38   50046122    0.000000  190.000000   6   5  46122   0
  39   50047111    0.000000  140.000000   6   5  47111   0
  40   51047111    0.000000  140.000000   6   5  47111   1
  41   50047112    0.000000  130.000000   6   5  47112   0
  42   50047113    0.000000  120.000000   6   5  47113   0
  43   51047113    0.000000  120.000000   6   5  47113   1
  44   50047114    0.000000  110.000000   6   5  47114   0
  45   50047115    0.000000  100.000000   6   5  47115   0
  46   51047115    0.000000  100.000000   6   5  47115   1
  47   50047116    0.000000  100.000000   6   5  47116   0
  48   51047116    0.000000  100.000000   6   5  47116   1
  49   50047117    0.000000  100.000000   6   5  47117   0
  50   51047117    0.000000  100.000000   6   5  47117   1
  51   50047118    0.000000  110.000000   6   5  47118   0
  52   50047119    0.000000  110.000000   6   5  47119   0
  53   51047119    0.000000  110.000000   6   5  47119   1
  54   50047120    0.000000  130.000000   6   5  47120   0
  55   50047121    0.000000  130.000000   6   5  47121   0
  56   50047122    0.000000  160.000000   6   5  47122   0
  57   51047122    0.000000  160.000000   6   5  47122   1
  58   50047123    0.000000  160.000000   6   5  47123   0
  59   50047124    0.000000  190.000000   6   5  47124   0
  60   50048112    0.000000  140.000000   6   5  48112   0
  61   50048113    0.000000  130.000000   6   5  48113   0
  62   51048113    0.000000  130.000000   6   5  48113   1
  63   50048114    0.000000  120.000000   6   5  48114   0
  64   50048115    0.000000  110.000000   6   5  48115   0
  65   51048115    0.000000  110.000000   6   5  48115   1
  66   50048116    0.000000  100.000000   6   5  48116   0
  67   50048117    0.000000  100.000000   6   5  48117   0
  68   51048117    0.000000  100.000000   6   5  48117   1
  69   50048118    0.000000   95.000000   6   5  48118   0
  70   50048119    0.000000   90.000000   6   5  48119   0
  71   51048119    0.000000   90.000000   6   5  48119   1
  72   50048120    0.000000   90.000000   6   5  48120   0
  73   50048121    0.000000  100.000000   6   5  48121   0
  74   51048121    0.000000  100.000000   6   5  48121   1
  75   50048122    0.000000  110.000000   6   5  48122   0
  76   50048123    0.000000  130.000000   6   5  48123   0
  77   51048123    0.000000  130.000000   6   5  48123   1
  78   50048124    0.000000  130.000000   6   5  48124   0
  79   50048125    0.000000  160.000000   6   5  48125   0
  80   51048125    0.000000  160.000000   6   5  48125   1
  81   50048126    0.000000  160.000000   6   5  48126   0
  82   50049113    0.000000  140.000000   6   5  49113   0
  83   51049113    0.000000  140.000000   6   5  49113   1
  84   50049114    0.000000  130.000000   6   5  49114   0
  85   51049114    0.000000  130.000000   6   5  49114   1
  86   50049115    0.000000  120.000000   6   5  49115   0
  87   51049115    0.000000  120.000000   6   5  49115   1
  88   50049116    0.000000  110.000000   6   5  49116   0
  89   51049116    0.000000  110.000000   6   5  49116   1
  90   52049116    0.000000  110.000000   6   5  49116   2
  91   50049117    0.000000   95.000000   6   5  49117   0
  92   51049117    0.000000   95.000000   6   5  49117   1
  93   50049118    0.000000   85.000000   6   5  49118   0
  94   51049118    0.000000   85.000000   6   5  49118   1
  95   50049119    0.000000   78.000000   6   5  49119   0
  96   51049119    0.000000   78.000000   6   5  49119   1
  97   50049120    0.000000   72.000000   6   5  49120   0
  98   51049120    0.000000   72.000000   6   5  49120   1
  99   50049121    0.000000   70.000000   6   5  49121   0
 100   51049121    0.000000   70.000000   6   5  49121   1
 101   50049122    0.000000   72.000000   6   5  49122   0
 102   51049122    0.000000   72.000000   6   5  49122   1
 103   50049123    0.000000   80.000000   6   5  49123   0
 104   51049123    0.000000   80.000000   6   5  49123   1
 105   50049124    0.000000   95.000000   6   5  49124   0
 106   50049125    0.000000  100.000000   6   5  49125   0
 107   51049125    0.000000  100.000000   6   5  49125   1
 108   50049126    0.000000  130.000000   6   5  49126   0
 109   51049126    0.000000  130.000000   6   5  49126   1
 110   50049127    0.000000  130.000000   6   5  49127   0
 111   51049127    0.000000  130.000000   6   5  49127   1
 112   52049127    0.000000  130.000000   6   5  49127   2
 113   50049128    0.000000  160.000000   6   5  49128   0
 114   50049129    0.000000  180.000000   6   5  49129   0
 115   51049129    0.000000  180.000000   6   5  49129   1
 116   50050114    0.000000  140.000000   6   5  50114   0
 117   50050115    0.000000  130.000000   6   5  50115   0
 118   50050116    0.000000  120.000000   6   5  50116   0
 119   50050117    0.000000  110.000000   6   5  50117   0
 120   51050117    0.000000  110.000000   6   5  50117   1
 121   50050118    0.000000   95.000000   6   5  50118   0
 122   50050119    0.000000   85.000000   6   5  50119   0
 123   51050119    0.000000   85.000000   6   5  50119   1
 124   50050120    0.000000   78.000000   6   5  50120   0
 125   50050121    0.000000   72.000000   6   5  50121   0
 126   51050121    0.000000   72.000000   6   5  50121   1
 127   50050122    0.000000   70.000000   6   5  50122   0
 128   50050123    0.000000   66.000000   6   5  50123   0
 129   51050123    0.000000   66.000000   6   5  50123   1
 130   50050124    0.000000   64.000000   6   5  50124   0
 131   50050125    0.000000   66.000000   6   5  50125   0
 132   51050125    0.000000   66.000000   6   5  50125   1
 133   50050126    0.000000   76.000000   6   5  50126   0
 134   50050127    0.000000   95.000000   6   5  50127   0
 135   51050127    0.000000   95.000000   6   5  50127   1
 136   50050128    0.000000  100.000000   6   5  50128   0
 137   51050128    0.000000  100.000000   6   5  50128   1
 138   50050129    0.000000  130.000000   6   5  50129   0
 139   51050129    0.000000  130.000000   6   5  50129   1
 140   50050130    0.000000  140.000000   6   5  50130   0
 141   51050130    0.000000  140.000000   6   5  50130   1
 142   50050131    0.000000  180.000000   6   5  50131   0
 143   51050131    0.000000  180.000000   6   5  50131   1
 144   50051115    0.000000  150.000000   6   5  51115   0
 145   50051116    0.000000  140.000000   6   5  51116   0
 146   51051116    0.000000  140.000000   6   5  51116   1
 147   50051117    0.000000  120.000000   6   5  51117   0
 148   50051118    0.000000  110.000000   6   5  51118   0
 149   51051118    0.000000  110.000000   6   5  51118   1
 150   50051119    0.000000  100.000000   6   5  51119   0
 151   50051120    0.000000   90.000000   6   5  51120   0
 152   51051120    0.000000   90.000000   6   5  51120   1
 153   50051121    0.000000   76.000000   6   5  51121   0
 154   50051122    0.000000   66.000000   6   5  51122   0
 155   51051122    0.000000   66.000000   6   5  51122   1
 156   50051123    0.000000   58.000000   6   5  51123   0
 157   50051124    0.000000   50.000000   6   5  51124   0
 158   51051124    0.000000   50.000000   6   5  51124   1
 159   52051124    0.000000   50.000000   6   5  51124   2
 160   50051125    0.000000   44.000000   6   5  51125   0
 161   50051126    0.000000   52.000000   6   5  51126   0
 162   51051126    0.000000   52.000000   6   5  51126   1
 163   50051127    0.000000   60.000000   6   5  51127   0
 164   50051128    0.000000   66.000000   6   5  51128   0
 165   51051128    0.000000   66.000000   6   5  51128   1
 166   50051129    0.000000   76.000000   6   5  51129   0
 167   51051129    0.000000   78.000000   6   5  51129   1
 168   50051130    0.000000   95.000000   6   5  51130   0
 169   51051130    0.000000   95.000000   6   5  51130   1
 170   50051131    0.000000  100.000000   6   5  51131   0
 171   50051132    0.000000  140.000000   6   5  51132   0
 172   51051132    0.000000  140.000000   6   5  51132   1
 173   50052116    0.000000  150.000000   6   5  52116   0
 174   50052117    0.000000  140.000000   6   5  52117   0
 175   51052117    0.000000  140.000000   6   5  52117   1
 176   50052118    0.000000  120.000000   6   5  52118   0
 177   50052119    0.000000  110.000000   6   5  52119   0
 178   51052119    0.000000  110.000000   6   5  52119   1
 179   50052120    0.000000  100.000000   6   5  52120   0
 180   50052121    0.000000   90.000000   6   5  52121   0
 181   51052121    0.000000   90.000000   6   5  52121   1
 182   50052122    0.000000   78.000000   6   5  52122   0
 183   50052123    0.000000   70.000000   6   5  52123   0
 184   51052123    0.000000   70.000000   6   5  52123   1
 185   50052124    0.000000   60.000000   6   5  52124   0
 186   50052125    0.000000   52.000000   6   5  52125   0
 187   51052125    0.000000   52.000000   6   5  52125   1
 188   50052126    0.000000   44.000000   6   5  52126   0
 189   50052127    0.000000   44.000000   6   5  52127   0
 190   51052127    0.000000   44.000000   6   5  52127   1
 191   50052128    0.000000   40.000000   6   5  52128   0
 192   50052129    0.000000   50.000000   6   5  52129   0
 193   51052129    0.000000   50.000000   6   5  52129   1
 194   50052130    0.000000   58.000000   6   5  52130   0
 195   50052131    0.000000   64.000000   6   5  52131   0
 196   51052131    0.000000   64.000000   6   5  52131   1
 197   50052132    0.000000   74.000000   6   5  52132   0
 198   50052133    0.000000   95.000000   6   5  52133   0
 199   51052133    0.000000   95.000000   6   5  52133   1
 200   50052134    0.000000  170.000000   6   5  52134   0
 201   50053117    0.000000  160.000000   6   5  53117   0
 202   50053118    0.000000  140.000000   6   5  53118   0
 203   51053118    0.000000  150.000000   6   5  53118   1
 204   50053119    0.000000  130.000000   6   5  53119   0
 205   50053120    0.000000  120.000000   6   5  53120   0
 206   51053120    0.000000  120.000000   6   5  53120   1
 207   50053121    0.000000  110.000000   6   5  53121   0
 208   50053122    0.000000   95.000000   6   5  53122   0
 209   50053123    0.000000   80.000000   6   5  53123   0
 210   50053124    0.000000   70.000000   6   5  53124   0
 211   50053125    0.000000   60.000000   6   5  53125   0
 212   50053126    0.000000   52.000000   6   5  53126   0
 213   50053127    0.000000   40.000000   6   5  53127   0
 214   50053128    0.000000   34.000000   6   5  53128   0
 215   50053129    0.000000   22.000000   6   5  53129   0
 216   50053130    0.000000   36.000000   6   5  53130   0
 217   51053130    0.000000   36.000000   6   5  53130   1
 218   50053131    0.000000   36.000000   6   5  53131   0
 219   50053132    0.000000   50.000000   6   5  53132   0
 220   50053133    0.000000   58.000000   6   5  53133   0
 221   51053133    0.000000   60.000000   6   5  53133   1
 222   50053134    0.000000   64.000000   6   5  53134   0
 223   50053135    0.000000   95.000000   6   5  53135   0
 224   50054118    0.000000  170.000000   6   5  54118   0
 225   50054119    0.000000  150.000000   6   5  54119   0
 226   50054120    0.000000  130.000000   6   5  54120   0
 227   50054121    0.000000  120.000000   6   5  54121   0
 228   50054122    0.000000  110.000000   6   5  54122   0
 229   50054123    0.000000   95.000000   6   5  54123   0
 230   50054124    0.000000   85.000000   6   5  54124   0
 231   50054125    0.000000   76.000000   6   5  54125   0
 232   51054125    0.000000   78.000000   6   5  54125   1
 233   50054126    0.000000   66.000000   6   5  54126   0
 234   50054127    0.000000   58.000000   6   5  54127   0
 235   51054127    0.000000   58.000000   6   5  54127   1
 236   50054128    0.000000   48.000000   6   5  54128   0
 237   50054129    0.000000   40.000000   6   5  54129   0
 238   51054129    0.000000   40.000000   6   5  54129   1
 239   50054130    0.000000   30.000000   6   5  54130   0
 240   50054131    0.000000   28.000000   6   5  54131   0
 241   51054131    0.000000   28.000000   6   5  54131   1
 242   50054132    0.000000   21.000000   6   5  54132   0
 243   50054133    0.000000   34.000000   6   5  54133   0
 244   51054133    0.000000   34.000000   6   5  54133   1
 245   50054134    0.000000   36.000000   6   5  54134   0
 246   51054134    0.000000   36.000000   6   5  54134   1
 247   50054135    0.000000   48.000000   6   5  54135   0
 248   51054135    0.000000   48.000000   6   5  54135   1
 249   50054136    0.000000   60.000000   6   5  54136   0
 250   50055119    0.000000  170.000000   6   5  55119   0
 251   51055119    0.000000  170.000000   6   5  55119   1
 252   50055120    0.000000  160.000000   6   5  55120   0
 253   51055120    0.000000  160.000000   6   5  55120   1
 254   50055121    0.000000  150.000000   6   5  55121   0
 255   51055121    0.000000  150.000000   6   5  55121   1
 256   50055122    0.000000  130.000000   6   5  55122   0
 257   51055122    0.000000  130.000000   6   5  55122   1
 258   52055122    0.000000  130.000000   6   5  55122   2
 259   50055123    0.000000  120.000000   6   5  55123   0
 260   51055123    0.000000  120.000000   6   5  55123   1
 261   50055124    0.000000  110.000000   6   5  55124   0
 262   51055124    0.000000  110.000000   6   5  55124   1
 263   50055125    0.000000   90.000000   6   5  55125   0
 264   50055126    0.000000   78.000000   6   5  55126   0
 265   50055127    0.000000   66.000000   6   5  55127   0
 266   50055128    0.000000   58.000000   6   5  55128   0
 267   50055129    0.000000   46.000000   6   5  55129   0
 268   50055130    0.000000   36.000000   6   5  55130   0
 269   51055130    0.000000   36.000000   6   5  55130   1
 270   50055131    0.000000   26.000000   6   5  55131   0
 271   50055132    0.000000   19.500000   6   5  55132   0
 272   50055133    0.000000   10.000000   6   5  55133   0
 273   50055134    0.000000   23.000000   6   5  55134   0
 274   51055134    0.000000   24.000000   6   5  55134   1
 275   50055135    0.000000   22.000000   6   5  55135   0
 276   50055136    0.000000   36.000000   6   5  55136   0
 277   51055136    0.000000   36.000000   6   5  55136   1
 278   50055137    0.000000   38.000000   6   5  55137   0
 279   50056120    0.000000  180.000000   6   5  56120   0
 280   50056121    0.000000  170.000000   6   5  56121   0
 281   50056122    0.000000  150.000000   6   5  56122   0
 282   50056123    0.000000  140.000000   6   5  56123   0
 283   50056124    0.000000  120.000000   6   5  56124   0
 284   50056125    0.000000  110.000000   6   5  56125   0
 285   50056126    0.000000  100.000000   6   5  56126   0
 286   50056127    0.000000   90.000000   6   5  56127   0
 287   51056127    0.000000   90.000000   6   5  56127   1
 288   50056128    0.000000   76.000000   6   5  56128   0
 289   50056129    0.000000   66.000000   6   5  56129   0
 290   51056129    0.000000   66.000000   6   5  56129   1
 291   50056130    0.000000   56.000000   6   5  56130   0
 292   50056131    0.000000   48.000000   6   5  56131   0
 293   51056131    0.000000   48.000000   6   5  56131   1
 294   50056132    0.000000   38.000000   6   5  56132   0
 295   50056133    0.000000   29.000000   6   5  56133   0
 296   51056133    0.000000   29.000000   6   5  56133   1
 297   50056134    0.000000   19.500000   6   5  56134   0
 298   50056135    0.000000   18.000000   6   5  56135   0
 299   51056135    0.000000   18.500000   6   5  56135   1
 300   50056136    0.000000   10.500000   6   5  56136   0
 301   51056136    0.000000   13.000000   6   5  56136   1
 302   50056137    0.000000   24.000000   6   5  56137   0
 303   51056137    0.000000   25.000000   6   5  56137   1
 304   50056138    0.000000   23.000000   6   5  56138   0
 305   50057121    0.000000  190.000000   6   5  57121   0
 306   50057122    0.000000  180.000000   6   5  57122   0
 307   50057123    0.000000  170.000000   6   5  57123   0
 308   50057124    0.000000  150.000000   6   5  57124   0
 309   51057124    0.000000  150.000000   6   5  57124   1
 310   50057125    0.000000  130.000000   6   5  57125   0
 311   51057125    0.000000  130.000000   6   5  57125   1
 312   50057126    0.000000  120.000000   6   5  57126   0
 313   50057127    0.000000  110.000000   6   5  57127   0
 314   51057127    0.000000  110.000000   6   5  57127   1
 315   50057128    0.000000   90.000000   6   5  57128   0
 316   51057128    0.000000   90.000000   6   5  57128   1
 317   50057129    0.000000   78.000000   6   5  57129   0
 318   51057129    0.000000   78.000000   6   5  57129   1
 319   50057130    0.000000   70.000000   6   5  57130   0
 320   50057131    0.000000   58.000000   6   5  57131   0
 321   50057132    0.000000   50.000000   6   5  57132   0
 322   51057132    0.000000   50.000000   6   5  57132   1
 323   50057133    0.000000   38.000000   6   5  57133   0
 324   50057134    0.000000   30.000000   6   5  57134   0
 325   50057135    0.000000   20.000000   6   5  57135   0
 326   50057136    0.000000   12.000000   6   5  57136   0
 327   51057136    0.000000   12.500000   6   5  57136   1
 328   50057137    0.000000    3.000000   6   5  57137   0
 329   50057138    0.000000   16.000000   6   5  57138   0
 330   50057139    0.000000   14.500000   6   5  57139   0
 331   50058123    0.000000  190.000000   6   5  58123   0
 332   50058124    0.000000  170.000000   6   5  58124   0
 333   50058125    0.000000  160.000000   6   5  58125   0
 334   50058126    0.000000  140.000000   6   5  58126   0
 335   50058127    0.000000  130.000000   6   5  58127   0
 336   51058127    0.000000  130.000000   6   5  58127   1
 337   50058128    0.000000  120.000000   6   5  58128   0
 338   50058129    0.000000  110.000000   6   5  58129   0
 339   50058130    0.000000   95.000000   6   5  58130   0
 340   50058131    0.000000   85.000000   6   5  58131   0
 341   51058131    0.000000   85.000000   6   5  58131   1
 342   50058132    0.000000   70.000000   6   5  58132   0
 343   50058133    0.000000   62.000000   6   5  58133   0
 344   51058133    0.000000   62.000000   6   5  58133   1
 345   50058134    0.000000   52.000000   6   5  58134   0
 346   50058135    0.000000   42.000000   6   5  58135   0
 347   51058135    0.000000   44.000000   6   5  58135   1
 348   50058136    0.000000   32.000000   6   5  58136   0
 349   50058137    0.000000   24.000000   6   5  58137   0
 350   51058137    0.000000   24.000000   6   5  58137   1
 351   50058138    0.000000   14.000000   6   5  58138   0
 352   50058139    0.000000   13.000000   6   5  58139   0
 353   51058139    0.000000   13.500000   6   5  58139   1
 354   50058140    0.000000    5.500000   6   5  58140   0
 355   50059126    0.000000  170.000000   6   5  59126   0
 356   50059127    0.000000  150.000000   6   5  59127   0
 357   50059128    0.000000  140.000000   6   5  59128   0
 358   50059129    0.000000  130.000000   6   5  59129   0
 359   50059130    0.000000  120.000000   6   5  59130   0
 360   50059131    0.000000  100.000000   6   5  59131   0
 361   51059131    0.000000  100.000000   6   5  59131   1
 362   50059132    0.000000   90.000000   6   5  59132   0
 363   50059133    0.000000   76.000000   6   5  59133   0
 364   51059133    0.000000   76.000000   6   5  59133   1
 365   50059134    0.000000   68.000000   6   5  59134   0
 366   51059134    0.000000   68.000000   6   5  59134   1
 367   50059135    0.000000   56.000000   6   5  59135   0
 368   50059136    0.000000   48.000000   6   5  59136   0
 369   50059137    0.000000   36.000000   6   5  59137   0
 370   50059138    0.000000   28.000000   6   5  59138   0
 371   51059138    0.000000   28.000000   6   5  59138   1
 372   50059139    0.000000   17.500000   6   5  59139   0
 373   50059140    0.000000    9.500000   6   5  59140   0
 374   50059141    0.000000    1.000000   6   5  59141   0
 
   p   ZAP IP   NR    Tp [MeV]
   1     1  1    1    9.398872
   2     0  2    1    1.000000
   3  1001  9    1    5.228526
   4  1002 31    1   12.500000
   5  1003 32    1   14.000000
   6  2003 33    1   16.000000
   7  2004 34    1    3.000000
--------------------------------------------------------------------------------
 
