 
--------------------------------------------------------------------------------
  6-C - 14   T= 0.00 K from IAEA/PD-2019       (ACEMAKER)
 ZAID=  6014.38u  MAT= 631  ZA=  6014
 AWR=  13.882950  STA=  0  ELIS=   0.000 MeV  LIS=  0  LISO=  0
--------------------------------------------------------------------------------
 NTOTR=  23 NTRAN=   1 NPROD=  22 NE=      75 EMAX= 200.000 MeV
   i     MT/MTD     Q [MeV]     T [MeV] LMF  MT    ZAP LFS
   1          5    0.000000    7.500000   3   5
   2   50003006    0.000000   40.000000   6   5   3006   0
   3   50003007    0.000000   30.000000   6   5   3007   0
   4   50003008    0.000000   36.000000   6   5   3008   0
   5   50003009    0.000000   32.000000   6   5   3009   0
   6   50003010    0.000000   70.000000   6   5   3010   0
   7   50004007    0.000000   44.000000   6   5   4007   0
   8   50004008    0.000000   27.000000   6   5   4008   0
   9   50004009    0.000000   20.000000   6   5   4009   0
  10   50004010    0.000000   12.500000   6   5   4010   0
  11   50004011    0.000000   32.000000   6   5   4011   0
  12   50004012    0.000000   40.000000   6   5   4012   0
  13   50005008    0.000000   80.000000   6   5   5008   0
  14   50005009    0.000000   46.000000   6   5   5009   0
  15   50005010    0.000000   32.000000   6   5   5010   0
  16   50005011    0.000000   20.000000   6   5   5011   0
  17   50005012    0.000000   23.000000   6   5   5012   0
  18   50005013    0.000000   20.000000   6   5   5013   0
  19   50006010    0.000000   64.000000   6   5   6010   0
  20   50006011    0.000000   32.000000   6   5   6011   0
  21   50006012    0.000000   17.500000   6   5   6012   0
  22   50006013    0.000000    8.000000   6   5   6013   0
  23   50006014    0.000000    7.500000   6   5   6014   0
 
   p   ZAP IP   NR    Tp [MeV]
   1     1  1    1    8.000000
   2     0  2    1    7.500000
   3  1001  9    1   20.000000
   4  1002 31    1   23.000000
   5  1003 32    1   20.000000
   6  2003 33    1   32.000000
   7  2004 34    1   12.000000
--------------------------------------------------------------------------------
 
