 
--------------------------------------------------------------------------------
 60-Nd-146   T= 0.00 K from IAEA/PD-2019       (ACEMAKER)
 ZAID= 60146.38u  MAT=6037  ZA= 60146
 AWR= 144.659700  STA=  0  ELIS=   0.000 MeV  LIS=  0  LISO=  0
--------------------------------------------------------------------------------
 NTOTR= 131 NTRAN=   1 NPROD= 130 NE=      88 EMAX= 200.000 MeV
   i     MT/MTD     Q [MeV]     T [MeV] LMF  MT    ZAP LFS
   1          5    0.000000    1.000000   3   5
   2   50052118    0.000000  120.000000   6   5  52118   0
   3   50052119    0.000000  120.000000   6   5  52119   0
   4   52052119    0.000000  120.000000   6   5  52119   2
   5   50053119    0.000000  120.000000   6   5  53119   0
   6   50053120    0.000000  110.000000   6   5  53120   0
   7   63053120    0.000000  110.000000   6   5  53120  13
   8   50053121    0.000000  110.000000   6   5  53121   0
   9   50053122    0.000000  110.000000   6   5  53122   0
  10   50054120    0.000000  120.000000   6   5  54120   0
  11   50054121    0.000000  120.000000   6   5  54121   0
  12   50054122    0.000000  110.000000   6   5  54122   0
  13   50054123    0.000000  110.000000   6   5  54123   0
  14   50054124    0.000000  110.000000   6   5  54124   0
  15   50055121    0.000000  130.000000   6   5  55121   0
  16   51055121    0.000000  130.000000   6   5  55121   1
  17   50055122    0.000000  120.000000   6   5  55122   0
  18   58055122    0.000000  120.000000   6   5  55122   8
  19   50055123    0.000000  120.000000   6   5  55123   0
  20   55055123    0.000000  120.000000   6   5  55123   5
  21   50055124    0.000000  110.000000   6   5  55124   0
  22   75055124    0.000000  110.000000   6   5  55124  25
  23   50055125    0.000000  110.000000   6   5  55125   0
  24   50055126    0.000000  110.000000   6   5  55126   0
  25   50055127    0.000000  110.000000   6   5  55127   0
  26   50056122    0.000000  140.000000   6   5  56122   0
  27   50056123    0.000000  130.000000   6   5  56123   0
  28   50056124    0.000000  120.000000   6   5  56124   0
  29   50056125    0.000000  110.000000   6   5  56125   0
  30   50056126    0.000000  110.000000   6   5  56126   0
  31   50056127    0.000000  110.000000   6   5  56127   0
  32   52056127    0.000000  110.000000   6   5  56127   2
  33   50056128    0.000000  100.000000   6   5  56128   0
  34   50056129    0.000000  100.000000   6   5  56129   0
  35   51056129    0.000000  100.000000   6   5  56129   1
  36   50056130    0.000000  100.000000   6   5  56130   0
  37   50056131    0.000000  100.000000   6   5  56131   0
  38   52056131    0.000000  100.000000   6   5  56131   2
  39   50056132    0.000000  100.000000   6   5  56132   0
  40   50057123    0.000000  160.000000   6   5  57123   0
  41   50057124    0.000000  150.000000   6   5  57124   0
  42   51057124    0.000000  150.000000   6   5  57124   1
  43   50057125    0.000000  130.000000   6   5  57125   0
  44   50057126    0.000000  120.000000   6   5  57126   0
  45   51057126    0.000000  120.000000   6   5  57126   1
  46   50057127    0.000000  110.000000   6   5  57127   0
  47   51057127    0.000000  110.000000   6   5  57127   1
  48   50057128    0.000000  110.000000   6   5  57128   0
  49   56057128    0.000000  110.000000   6   5  57128   6
  50   50057129    0.000000  100.000000   6   5  57129   0
  51   50057130    0.000000   95.000000   6   5  57130   0
  52   50057131    0.000000   90.000000   6   5  57131   0
  53   50057132    0.000000   85.000000   6   5  57132   0
  54   54057132    0.000000   85.000000   6   5  57132   4
  55   50057133    0.000000   80.000000   6   5  57133   0
  56   50057134    0.000000   78.000000   6   5  57134   0
  57   50057135    0.000000   74.000000   6   5  57135   0
  58   50057136    0.000000   68.000000   6   5  57136   0
  59   50057137    0.000000   62.000000   6   5  57137   0
  60   50057138    0.000000   56.000000   6   5  57138   0
  61   50057139    0.000000   56.000000   6   5  57139   0
  62   50057140    0.000000   56.000000   6   5  57140   0
  63   50058126    0.000000  150.000000   6   5  58126   0
  64   50058127    0.000000  130.000000   6   5  58127   0
  65   51058127    0.000000  130.000000   6   5  58127   1
  66   50058128    0.000000  120.000000   6   5  58128   0
  67   50058129    0.000000  110.000000   6   5  58129   0
  68   50058130    0.000000  100.000000   6   5  58130   0
  69   50058131    0.000000   95.000000   6   5  58131   0
  70   51058131    0.000000   95.000000   6   5  58131   1
  71   50058132    0.000000   85.000000   6   5  58132   0
  72   50058133    0.000000   80.000000   6   5  58133   0
  73   51058133    0.000000   80.000000   6   5  58133   1
  74   50058134    0.000000   74.000000   6   5  58134   0
  75   50058135    0.000000   68.000000   6   5  58135   0
  76   54058135    0.000000   68.000000   6   5  58135   4
  77   50058136    0.000000   58.000000   6   5  58136   0
  78   50058137    0.000000   52.000000   6   5  58137   0
  79   52058137    0.000000   52.000000   6   5  58137   2
  80   50058138    0.000000   42.000000   6   5  58138   0
  81   50058139    0.000000   32.000000   6   5  58139   0
  82   52058139    0.000000   32.000000   6   5  58139   2
  83   50058140    0.000000   20.000000   6   5  58140   0
  84   50058141    0.000000   16.000000   6   5  58141   0
  85   50058142    0.000000    1.000000   6   5  58142   0
  86   50058143    0.000000   42.000000   6   5  58143   0
  87   50058144    0.000000   40.000000   6   5  58144   0
  88   50059128    0.000000  160.000000   6   5  59128   0
  89   50059129    0.000000  140.000000   6   5  59129   0
  90   50059130    0.000000  130.000000   6   5  59130   0
  91   50059131    0.000000  110.000000   6   5  59131   0
  92   52059131    0.000000  110.000000   6   5  59131   2
  93   50059132    0.000000  110.000000   6   5  59132   0
  94   50059133    0.000000   95.000000   6   5  59133   0
  95   53059133    0.000000   95.000000   6   5  59133   3
  96   50059134    0.000000   90.000000   6   5  59134   0
  97   51059134    0.000000   90.000000   6   5  59134   1
  98   50059135    0.000000   80.000000   6   5  59135   0
  99   50059136    0.000000   76.000000   6   5  59136   0
 100   50059137    0.000000   68.000000   6   5  59137   0
 101   50059138    0.000000   62.000000   6   5  59138   0
 102   55059138    0.000000   62.000000   6   5  59138   5
 103   50059139    0.000000   54.000000   6   5  59139   0
 104   50059140    0.000000   46.000000   6   5  59140   0
 105   50059141    0.000000   38.000000   6   5  59141   0
 106   50059142    0.000000   32.000000   6   5  59142   0
 107   51059142    0.000000   32.000000   6   5  59142   1
 108   50059143    0.000000   26.000000   6   5  59143   0
 109   50059144    0.000000   20.000000   6   5  59144   0
 110   51059144    0.000000   20.000000   6   5  59144   1
 111   50059145    0.000000   14.000000   6   5  59145   0
 112   50060131    0.000000  140.000000   6   5  60131   0
 113   50060132    0.000000  120.000000   6   5  60132   0
 114   50060133    0.000000  110.000000   6   5  60133   0
 115   51060133    0.000000  110.000000   6   5  60133   1
 116   50060134    0.000000  100.000000   6   5  60134   0
 117   50060135    0.000000   95.000000   6   5  60135   0
 118   50060136    0.000000   85.000000   6   5  60136   0
 119   50060137    0.000000   78.000000   6   5  60137   0
 120   54060137    0.000000   78.000000   6   5  60137   4
 121   50060138    0.000000   66.000000   6   5  60138   0
 122   50060139    0.000000   58.000000   6   5  60139   0
 123   52060139    0.000000   58.000000   6   5  60139   2
 124   50060140    0.000000   46.000000   6   5  60140   0
 125   50060141    0.000000   36.000000   6   5  60141   0
 126   52060141    0.000000   36.000000   6   5  60141   2
 127   50060142    0.000000   27.000000   6   5  60142   0
 128   50060143    0.000000   21.000000   6   5  60143   0
 129   50060144    0.000000   13.000000   6   5  60144   0
 130   50060145    0.000000    7.500000   6   5  60145   0
 131   50060146    0.000000    1.000000   6   5  60146   0
 
   p   ZAP IP   NR    Tp [MeV]
   1     1  1    1    7.500000
   2     0  2    1    1.000000
   3  1001  9    1   10.000000
   4  1002 31    1   15.000000
   5  1003 32    1   15.000000
   6  2003 33    1   21.000000
   7  2004 34    1    4.500000
--------------------------------------------------------------------------------
 
