 
--------------------------------------------------------------------------------
 60-Nd-142   T= 0.00 K from IAEA/PD-2019       (ACEMAKER)
 ZAID= 60142.38u  MAT=6025  ZA= 60142
 AWR= 140.688700  STA=  0  ELIS=   0.000 MeV  LIS=  0  LISO=  0
--------------------------------------------------------------------------------
 NTOTR= 131 NTRAN=   1 NPROD= 130 NE=      87 EMAX= 200.000 MeV
   i     MT/MTD     Q [MeV]     T [MeV] LMF  MT    ZAP LFS
   1          5    0.000000    1.500000   3   5
   2   50050112    0.000000  130.000000   6   5  50112   0
   3   50051113    0.000000  130.000000   6   5  51113   0
   4   50051114    0.000000  130.000000   6   5  51114   0
   5   50051115    0.000000  130.000000   6   5  51115   0
   6   50052114    0.000000  130.000000   6   5  52114   0
   7   50052115    0.000000  120.000000   6   5  52115   0
   8   51052115    0.000000  120.000000   6   5  52115   1
   9   50052116    0.000000  120.000000   6   5  52116   0
  10   50052117    0.000000  120.000000   6   5  52117   0
  11   50053115    0.000000  130.000000   6   5  53115   0
  12   50053116    0.000000  120.000000   6   5  53116   0
  13   50053117    0.000000  120.000000   6   5  53117   0
  14   50053118    0.000000  120.000000   6   5  53118   0
  15   54053118    0.000000  120.000000   6   5  53118   4
  16   50053119    0.000000  120.000000   6   5  53119   0
  17   50054116    0.000000  140.000000   6   5  54116   0
  18   50054117    0.000000  130.000000   6   5  54117   0
  19   50054118    0.000000  120.000000   6   5  54118   0
  20   50054119    0.000000  120.000000   6   5  54119   0
  21   50054120    0.000000  120.000000   6   5  54120   0
  22   50054121    0.000000  120.000000   6   5  54121   0
  23   50054122    0.000000  120.000000   6   5  54122   0
  24   50055118    0.000000  150.000000   6   5  55118   0
  25   51055118    0.000000  150.000000   6   5  55118   1
  26   50055119    0.000000  130.000000   6   5  55119   0
  27   51055119    0.000000  130.000000   6   5  55119   1
  28   50055120    0.000000  120.000000   6   5  55120   0
  29   55055120    0.000000  120.000000   6   5  55120   5
  30   50055121    0.000000  110.000000   6   5  55121   0
  31   51055121    0.000000  110.000000   6   5  55121   1
  32   50055122    0.000000  110.000000   6   5  55122   0
  33   58055122    0.000000  110.000000   6   5  55122   8
  34   50055123    0.000000  110.000000   6   5  55123   0
  35   55055123    0.000000  110.000000   6   5  55123   5
  36   50055124    0.000000  110.000000   6   5  55124   0
  37   75055124    0.000000  110.000000   6   5  55124  25
  38   50055125    0.000000  110.000000   6   5  55125   0
  39   50056119    0.000000  190.000000   6   5  56119   0
  40   50056120    0.000000  150.000000   6   5  56120   0
  41   50056121    0.000000  130.000000   6   5  56121   0
  42   50056122    0.000000  120.000000   6   5  56122   0
  43   50056123    0.000000  110.000000   6   5  56123   0
  44   50056124    0.000000  110.000000   6   5  56124   0
  45   50056125    0.000000  100.000000   6   5  56125   0
  46   50056126    0.000000   95.000000   6   5  56126   0
  47   50056127    0.000000   90.000000   6   5  56127   0
  48   52056127    0.000000   90.000000   6   5  56127   2
  49   50056128    0.000000   90.000000   6   5  56128   0
  50   50056129    0.000000   90.000000   6   5  56129   0
  51   51056129    0.000000   90.000000   6   5  56129   1
  52   50057122    0.000000  150.000000   6   5  57122   0
  53   50057123    0.000000  130.000000   6   5  57123   0
  54   50057124    0.000000  120.000000   6   5  57124   0
  55   51057124    0.000000  120.000000   6   5  57124   1
  56   50057125    0.000000  110.000000   6   5  57125   0
  57   50057126    0.000000  100.000000   6   5  57126   0
  58   51057126    0.000000  100.000000   6   5  57126   1
  59   50057127    0.000000   95.000000   6   5  57127   0
  60   51057127    0.000000   95.000000   6   5  57127   1
  61   50057128    0.000000   90.000000   6   5  57128   0
  62   56057128    0.000000   90.000000   6   5  57128   6
  63   50057129    0.000000   85.000000   6   5  57129   0
  64   50057130    0.000000   80.000000   6   5  57130   0
  65   50057131    0.000000   78.000000   6   5  57131   0
  66   50057132    0.000000   72.000000   6   5  57132   0
  67   54057132    0.000000   72.000000   6   5  57132   4
  68   50057133    0.000000   66.000000   6   5  57133   0
  69   50057134    0.000000   60.000000   6   5  57134   0
  70   50057135    0.000000   52.000000   6   5  57135   0
  71   50057136    0.000000   50.000000   6   5  57136   0
  72   50057137    0.000000   50.000000   6   5  57137   0
  73   50058125    0.000000  130.000000   6   5  58125   0
  74   50058126    0.000000  110.000000   6   5  58126   0
  75   50058127    0.000000  100.000000   6   5  58127   0
  76   51058127    0.000000  100.000000   6   5  58127   1
  77   50058128    0.000000   95.000000   6   5  58128   0
  78   50058129    0.000000   85.000000   6   5  58129   0
  79   50058130    0.000000   80.000000   6   5  58130   0
  80   50058131    0.000000   74.000000   6   5  58131   0
  81   51058131    0.000000   74.000000   6   5  58131   1
  82   50058132    0.000000   68.000000   6   5  58132   0
  83   50058133    0.000000   60.000000   6   5  58133   0
  84   51058133    0.000000   60.000000   6   5  58133   1
  85   50058134    0.000000   48.000000   6   5  58134   0
  86   50058135    0.000000   40.000000   6   5  58135   0
  87   54058135    0.000000   40.000000   6   5  58135   4
  88   50058136    0.000000   30.000000   6   5  58136   0
  89   50058137    0.000000   21.000000   6   5  58137   0
  90   52058137    0.000000   21.000000   6   5  58137   2
  91   50058138    0.000000    9.000000   6   5  58138   0
  92   50058139    0.000000   38.000000   6   5  58139   0
  93   52058139    0.000000   38.000000   6   5  58139   2
  94   50058140    0.000000   32.000000   6   5  58140   0
  95   50059127    0.000000  140.000000   6   5  59127   0
  96   50059128    0.000000  120.000000   6   5  59128   0
  97   50059129    0.000000  110.000000   6   5  59129   0
  98   50059130    0.000000  100.000000   6   5  59130   0
  99   50059131    0.000000   95.000000   6   5  59131   0
 100   52059131    0.000000   95.000000   6   5  59131   2
 101   50059132    0.000000   85.000000   6   5  59132   0
 102   50059133    0.000000   80.000000   6   5  59133   0
 103   53059133    0.000000   80.000000   6   5  59133   3
 104   50059134    0.000000   70.000000   6   5  59134   0
 105   51059134    0.000000   70.000000   6   5  59134   1
 106   50059135    0.000000   64.000000   6   5  59135   0
 107   50059136    0.000000   56.000000   6   5  59136   0
 108   50059137    0.000000   46.000000   6   5  59137   0
 109   50059138    0.000000   38.000000   6   5  59138   0
 110   55059138    0.000000   38.000000   6   5  59138   5
 111   50059139    0.000000   28.000000   6   5  59139   0
 112   50059140    0.000000   20.000000   6   5  59140   0
 113   50059141    0.000000   10.000000   6   5  59141   0
 114   50060129    0.000000  130.000000   6   5  60129   0
 115   50060130    0.000000  110.000000   6   5  60130   0
 116   50060131    0.000000  100.000000   6   5  60131   0
 117   50060132    0.000000   95.000000   6   5  60132   0
 118   50060133    0.000000   85.000000   6   5  60133   0
 119   51060133    0.000000   85.000000   6   5  60133   1
 120   50060134    0.000000   74.000000   6   5  60134   0
 121   50060135    0.000000   66.000000   6   5  60135   0
 122   50060136    0.000000   54.000000   6   5  60136   0
 123   50060137    0.000000   46.000000   6   5  60137   0
 124   54060137    0.000000   46.000000   6   5  60137   4
 125   50060138    0.000000   36.000000   6   5  60138   0
 126   50060139    0.000000   28.000000   6   5  60139   0
 127   52060139    0.000000   28.000000   6   5  60139   2
 128   50060140    0.000000   17.500000   6   5  60140   0
 129   50060141    0.000000    9.500000   6   5  60141   0
 130   52060141    0.000000   10.500000   6   5  60141   2
 131   50060142    0.000000    1.500000   6   5  60142   0
 
   p   ZAP IP   NR    Tp [MeV]
   1     1  1    1    9.500000
   2     0  2    1    1.500000
   3  1001  9    1    9.000000
   4  1002 31    1   16.000000
   5  1003 32    1   19.000000
   6  2003 33    1   20.000000
   7  2004 34    1    7.500000
--------------------------------------------------------------------------------
 
