 
--------------------------------------------------------------------------------
 62-Sm-152   T= 0.00 K from IAEA/PD-2019       (ACEMAKER)
 ZAID= 62152.38u  MAT=6249  ZA= 62152
 AWR= 150.614700  STA=  0  ELIS=   0.000 MeV  LIS=  0  LISO=  0
--------------------------------------------------------------------------------
 NTOTR= 340 NTRAN=   1 NPROD= 339 NE=     132 EMAX= 200.000 MeV
   i     MT/MTD     Q [MeV]     T [MeV] LMF  MT    ZAP LFS
   1          5    0.000000    1.000000   3   5
   2   50047119    0.000000  160.000000   6   5  47119   0
   3   51047119    0.000000  160.000000   6   5  47119   1
   4   50047120    0.000000  150.000000   6   5  47120   0
   5   50047121    0.000000  150.000000   6   5  47121   0
   6   50047122    0.000000  150.000000   6   5  47122   0
   7   51047122    0.000000  150.000000   6   5  47122   1
   8   50047123    0.000000  150.000000   6   5  47123   0
   9   50047124    0.000000  180.000000   6   5  47124   0
  10   50047125    0.000000  180.000000   6   5  47125   0
  11   50048120    0.000000  140.000000   6   5  48120   0
  12   50048121    0.000000  130.000000   6   5  48121   0
  13   51048121    0.000000  130.000000   6   5  48121   1
  14   50048122    0.000000  130.000000   6   5  48122   0
  15   50048123    0.000000  130.000000   6   5  48123   0
  16   51048123    0.000000  130.000000   6   5  48123   1
  17   50048124    0.000000  130.000000   6   5  48124   0
  18   50048125    0.000000  150.000000   6   5  48125   0
  19   51048125    0.000000  150.000000   6   5  48125   1
  20   50048126    0.000000  150.000000   6   5  48126   0
  21   50048127    0.000000  180.000000   6   5  48127   0
  22   50048128    0.000000  180.000000   6   5  48128   0
  23   50049121    0.000000  140.000000   6   5  49121   0
  24   51049121    0.000000  140.000000   6   5  49121   1
  25   50049122    0.000000  130.000000   6   5  49122   0
  26   51049122    0.000000  130.000000   6   5  49122   1
  27   50049123    0.000000  130.000000   6   5  49123   0
  28   51049123    0.000000  130.000000   6   5  49123   1
  29   50049124    0.000000  130.000000   6   5  49124   0
  30   50049125    0.000000  120.000000   6   5  49125   0
  31   51049125    0.000000  120.000000   6   5  49125   1
  32   50049126    0.000000  120.000000   6   5  49126   0
  33   51049126    0.000000  120.000000   6   5  49126   1
  34   50049127    0.000000  120.000000   6   5  49127   0
  35   51049127    0.000000  120.000000   6   5  49127   1
  36   52049127    0.000000  120.000000   6   5  49127   2
  37   50049128    0.000000  150.000000   6   5  49128   0
  38   50049129    0.000000  150.000000   6   5  49129   0
  39   51049129    0.000000  150.000000   6   5  49129   1
  40   50049130    0.000000  180.000000   6   5  49130   0
  41   51049130    0.000000  180.000000   6   5  49130   1
  42   50049131    0.000000  180.000000   6   5  49131   0
  43   51049131    0.000000  180.000000   6   5  49131   1
  44   50050122    0.000000  130.000000   6   5  50122   0
  45   50050123    0.000000  120.000000   6   5  50123   0
  46   51050123    0.000000  120.000000   6   5  50123   1
  47   50050124    0.000000  110.000000   6   5  50124   0
  48   50050125    0.000000  110.000000   6   5  50125   0
  49   51050125    0.000000  110.000000   6   5  50125   1
  50   50050126    0.000000  100.000000   6   5  50126   0
  51   50050127    0.000000   95.000000   6   5  50127   0
  52   51050127    0.000000   95.000000   6   5  50127   1
  53   50050128    0.000000   95.000000   6   5  50128   0
  54   51050128    0.000000   95.000000   6   5  50128   1
  55   50050129    0.000000  120.000000   6   5  50129   0
  56   51050129    0.000000  120.000000   6   5  50129   1
  57   50050130    0.000000  120.000000   6   5  50130   0
  58   51050130    0.000000  120.000000   6   5  50130   1
  59   50050131    0.000000  150.000000   6   5  50131   0
  60   51050131    0.000000  150.000000   6   5  50131   1
  61   50050132    0.000000  150.000000   6   5  50132   0
  62   50050133    0.000000  180.000000   6   5  50133   0
  63   50050134    0.000000  180.000000   6   5  50134   0
  64   50051123    0.000000  130.000000   6   5  51123   0
  65   50051124    0.000000  120.000000   6   5  51124   0
  66   51051124    0.000000  120.000000   6   5  51124   1
  67   52051124    0.000000  120.000000   6   5  51124   2
  68   50051125    0.000000  110.000000   6   5  51125   0
  69   50051126    0.000000  110.000000   6   5  51126   0
  70   51051126    0.000000  110.000000   6   5  51126   1
  71   50051127    0.000000  100.000000   6   5  51127   0
  72   50051128    0.000000   95.000000   6   5  51128   0
  73   51051128    0.000000   95.000000   6   5  51128   1
  74   50051129    0.000000   95.000000   6   5  51129   0
  75   51051129    0.000000   95.000000   6   5  51129   1
  76   50051130    0.000000   90.000000   6   5  51130   0
  77   51051130    0.000000   90.000000   6   5  51130   1
  78   50051131    0.000000   90.000000   6   5  51131   0
  79   50051132    0.000000  120.000000   6   5  51132   0
  80   51051132    0.000000  120.000000   6   5  51132   1
  81   50051133    0.000000  120.000000   6   5  51133   0
  82   50051134    0.000000  150.000000   6   5  51134   0
  83   51051134    0.000000  150.000000   6   5  51134   1
  84   50051135    0.000000  150.000000   6   5  51135   0
  85   50051136    0.000000  180.000000   6   5  51136   0
  86   50052124    0.000000  130.000000   6   5  52124   0
  87   50052125    0.000000  120.000000   6   5  52125   0
  88   51052125    0.000000  120.000000   6   5  52125   1
  89   50052126    0.000000  110.000000   6   5  52126   0
  90   50052127    0.000000  100.000000   6   5  52127   0
  91   51052127    0.000000  100.000000   6   5  52127   1
  92   50052128    0.000000   90.000000   6   5  52128   0
  93   50052129    0.000000   80.000000   6   5  52129   0
  94   51052129    0.000000   80.000000   6   5  52129   1
  95   50052130    0.000000   74.000000   6   5  52130   0
  96   50052131    0.000000   68.000000   6   5  52131   0
  97   51052131    0.000000   68.000000   6   5  52131   1
  98   50052132    0.000000   68.000000   6   5  52132   0
  99   50052133    0.000000   72.000000   6   5  52133   0
 100   51052133    0.000000   72.000000   6   5  52133   1
 101   50052134    0.000000   85.000000   6   5  52134   0
 102   50052135    0.000000  110.000000   6   5  52135   0
 103   50052136    0.000000  120.000000   6   5  52136   0
 104   50052137    0.000000  150.000000   6   5  52137   0
 105   50052138    0.000000  150.000000   6   5  52138   0
 106   50053125    0.000000  130.000000   6   5  53125   0
 107   50053126    0.000000  120.000000   6   5  53126   0
 108   50053127    0.000000  110.000000   6   5  53127   0
 109   50053128    0.000000  100.000000   6   5  53128   0
 110   50053129    0.000000   90.000000   6   5  53129   0
 111   50053130    0.000000   80.000000   6   5  53130   0
 112   51053130    0.000000   80.000000   6   5  53130   1
 113   50053131    0.000000   74.000000   6   5  53131   0
 114   50053132    0.000000   68.000000   6   5  53132   0
 115   50053133    0.000000   68.000000   6   5  53133   0
 116   51053133    0.000000   68.000000   6   5  53133   1
 117   50053134    0.000000   66.000000   6   5  53134   0
 118   50053135    0.000000   66.000000   6   5  53135   0
 119   50053136    0.000000   72.000000   6   5  53136   0
 120   50053137    0.000000   85.000000   6   5  53137   0
 121   50053138    0.000000  120.000000   6   5  53138   0
 122   50053139    0.000000  120.000000   6   5  53139   0
 123   50053140    0.000000  150.000000   6   5  53140   0
 124   50053141    0.000000  160.000000   6   5  53141   0
 125   50054126    0.000000  130.000000   6   5  54126   0
 126   50054127    0.000000  120.000000   6   5  54127   0
 127   51054127    0.000000  120.000000   6   5  54127   1
 128   50054128    0.000000  110.000000   6   5  54128   0
 129   50054129    0.000000  100.000000   6   5  54129   0
 130   51054129    0.000000  100.000000   6   5  54129   1
 131   50054130    0.000000   90.000000   6   5  54130   0
 132   50054131    0.000000   78.000000   6   5  54131   0
 133   51054131    0.000000   78.000000   6   5  54131   1
 134   50054132    0.000000   70.000000   6   5  54132   0
 135   50054133    0.000000   62.000000   6   5  54133   0
 136   51054133    0.000000   62.000000   6   5  54133   1
 137   50054134    0.000000   52.000000   6   5  54134   0
 138   51054134    0.000000   52.000000   6   5  54134   1
 139   50054135    0.000000   48.000000   6   5  54135   0
 140   51054135    0.000000   48.000000   6   5  54135   1
 141   50054136    0.000000   44.000000   6   5  54136   0
 142   50054137    0.000000   48.000000   6   5  54137   0
 143   50054138    0.000000   62.000000   6   5  54138   0
 144   50054139    0.000000   72.000000   6   5  54139   0
 145   50054140    0.000000   90.000000   6   5  54140   0
 146   50054141    0.000000  120.000000   6   5  54141   0
 147   50054142    0.000000  130.000000   6   5  54142   0
 148   50054143    0.000000  160.000000   6   5  54143   0
 149   50055127    0.000000  130.000000   6   5  55127   0
 150   50055128    0.000000  120.000000   6   5  55128   0
 151   50055129    0.000000  110.000000   6   5  55129   0
 152   50055130    0.000000  100.000000   6   5  55130   0
 153   51055130    0.000000  100.000000   6   5  55130   1
 154   50055131    0.000000   90.000000   6   5  55131   0
 155   50055132    0.000000   80.000000   6   5  55132   0
 156   50055133    0.000000   70.000000   6   5  55133   0
 157   50055134    0.000000   62.000000   6   5  55134   0
 158   51055134    0.000000   64.000000   6   5  55134   1
 159   50055135    0.000000   54.000000   6   5  55135   0
 160   50055136    0.000000   48.000000   6   5  55136   0
 161   51055136    0.000000   48.000000   6   5  55136   1
 162   50055137    0.000000   44.000000   6   5  55137   0
 163   50055138    0.000000   44.000000   6   5  55138   0
 164   51055138    0.000000   44.000000   6   5  55138   1
 165   50055139    0.000000   44.000000   6   5  55139   0
 166   50055140    0.000000   52.000000   6   5  55140   0
 167   50055141    0.000000   66.000000   6   5  55141   0
 168   50055142    0.000000   76.000000   6   5  55142   0
 169   50055143    0.000000   95.000000   6   5  55143   0
 170   50055144    0.000000  130.000000   6   5  55144   0
 171   50056128    0.000000  140.000000   6   5  56128   0
 172   50056129    0.000000  130.000000   6   5  56129   0
 173   51056129    0.000000  130.000000   6   5  56129   1
 174   50056130    0.000000  120.000000   6   5  56130   0
 175   50056131    0.000000  100.000000   6   5  56131   0
 176   51056131    0.000000  100.000000   6   5  56131   1
 177   50056132    0.000000   95.000000   6   5  56132   0
 178   50056133    0.000000   80.000000   6   5  56133   0
 179   51056133    0.000000   80.000000   6   5  56133   1
 180   50056134    0.000000   70.000000   6   5  56134   0
 181   50056135    0.000000   60.000000   6   5  56135   0
 182   51056135    0.000000   60.000000   6   5  56135   1
 183   50056136    0.000000   52.000000   6   5  56136   0
 184   51056136    0.000000   52.000000   6   5  56136   1
 185   50056137    0.000000   44.000000   6   5  56137   0
 186   51056137    0.000000   44.000000   6   5  56137   1
 187   50056138    0.000000   36.000000   6   5  56138   0
 188   50056139    0.000000   29.000000   6   5  56139   0
 189   50056140    0.000000   23.000000   6   5  56140   0
 190   50056141    0.000000   34.000000   6   5  56141   0
 191   50056142    0.000000   46.000000   6   5  56142   0
 192   50056143    0.000000   54.000000   6   5  56143   0
 193   50056144    0.000000   68.000000   6   5  56144   0
 194   50056145    0.000000   78.000000   6   5  56145   0
 195   50056146    0.000000  130.000000   6   5  56146   0
 196   50057129    0.000000  140.000000   6   5  57129   0
 197   51057129    0.000000  140.000000   6   5  57129   1
 198   50057130    0.000000  130.000000   6   5  57130   0
 199   50057131    0.000000  120.000000   6   5  57131   0
 200   50057132    0.000000  110.000000   6   5  57132   0
 201   51057132    0.000000  110.000000   6   5  57132   1
 202   50057133    0.000000   95.000000   6   5  57133   0
 203   50057134    0.000000   85.000000   6   5  57134   0
 204   50057135    0.000000   76.000000   6   5  57135   0
 205   50057136    0.000000   68.000000   6   5  57136   0
 206   51057136    0.000000   68.000000   6   5  57136   1
 207   50057137    0.000000   56.000000   6   5  57137   0
 208   50057138    0.000000   48.000000   6   5  57138   0
 209   50057139    0.000000   38.000000   6   5  57139   0
 210   50057140    0.000000   32.000000   6   5  57140   0
 211   50057141    0.000000   27.000000   6   5  57141   0
 212   50057142    0.000000   27.000000   6   5  57142   0
 213   50057143    0.000000   23.000000   6   5  57143   0
 214   50057144    0.000000   38.000000   6   5  57144   0
 215   50057145    0.000000   46.000000   6   5  57145   0
 216   50057146    0.000000   58.000000   6   5  57146   0
 217   51057146    0.000000   58.000000   6   5  57146   1
 218   50057147    0.000000   78.000000   6   5  57147   0
 219   50058130    0.000000  150.000000   6   5  58130   0
 220   50058131    0.000000  140.000000   6   5  58131   0
 221   51058131    0.000000  140.000000   6   5  58131   1
 222   50058132    0.000000  120.000000   6   5  58132   0
 223   50058133    0.000000  110.000000   6   5  58133   0
 224   51058133    0.000000  110.000000   6   5  58133   1
 225   50058134    0.000000  100.000000   6   5  58134   0
 226   50058135    0.000000   85.000000   6   5  58135   0
 227   51058135    0.000000   85.000000   6   5  58135   1
 228   50058136    0.000000   76.000000   6   5  58136   0
 229   50058137    0.000000   64.000000   6   5  58137   0
 230   51058137    0.000000   64.000000   6   5  58137   1
 231   50058138    0.000000   54.000000   6   5  58138   0
 232   50058139    0.000000   46.000000   6   5  58139   0
 233   51058139    0.000000   46.000000   6   5  58139   1
 234   50058140    0.000000   38.000000   6   5  58140   0
 235   50058141    0.000000   29.000000   6   5  58141   0
 236   50058142    0.000000   21.000000   6   5  58142   0
 237   50058143    0.000000   14.000000   6   5  58143   0
 238   50058144    0.000000    7.500000   6   5  58144   0
 239   50058145    0.000000   23.000000   6   5  58145   0
 240   50058146    0.000000   24.000000   6   5  58146   0
 241   50058147    0.000000   40.000000   6   5  58147   0
 242   50058148    0.000000   50.000000   6   5  58148   0
 243   50059131    0.000000  160.000000   6   5  59131   0
 244   51059131    0.000000  160.000000   6   5  59131   1
 245   50059132    0.000000  150.000000   6   5  59132   0
 246   50059133    0.000000  130.000000   6   5  59133   0
 247   51059133    0.000000  130.000000   6   5  59133   1
 248   50059134    0.000000  120.000000   6   5  59134   0
 249   51059134    0.000000  120.000000   6   5  59134   1
 250   50059135    0.000000  110.000000   6   5  59135   0
 251   50059136    0.000000  100.000000   6   5  59136   0
 252   50059137    0.000000   85.000000   6   5  59137   0
 253   50059138    0.000000   76.000000   6   5  59138   0
 254   51059138    0.000000   76.000000   6   5  59138   1
 255   50059139    0.000000   64.000000   6   5  59139   0
 256   50059140    0.000000   56.000000   6   5  59140   0
 257   50059141    0.000000   46.000000   6   5  59141   0
 258   50059142    0.000000   40.000000   6   5  59142   0
 259   51059142    0.000000   40.000000   6   5  59142   1
 260   50059143    0.000000   32.000000   6   5  59143   0
 261   50059144    0.000000   25.000000   6   5  59144   0
 262   51059144    0.000000   25.000000   6   5  59144   1
 263   50059145    0.000000   18.000000   6   5  59145   0
 264   50059146    0.000000   18.500000   6   5  59146   0
 265   50059147    0.000000   13.000000   6   5  59147   0
 266   50059148    0.000000   29.000000   6   5  59148   0
 267   51059148    0.000000   29.000000   6   5  59148   1
 268   50059149    0.000000   30.000000   6   5  59149   0
 269   50060132    0.000000  160.000000   6   5  60132   0
 270   50060133    0.000000  150.000000   6   5  60133   0
 271   51060133    0.000000  150.000000   6   5  60133   1
 272   50060134    0.000000  140.000000   6   5  60134   0
 273   50060135    0.000000  120.000000   6   5  60135   0
 274   50060136    0.000000  110.000000   6   5  60136   0
 275   50060137    0.000000  100.000000   6   5  60137   0
 276   51060137    0.000000  100.000000   6   5  60137   1
 277   50060138    0.000000   85.000000   6   5  60138   0
 278   50060139    0.000000   76.000000   6   5  60139   0
 279   51060139    0.000000   76.000000   6   5  60139   1
 280   50060140    0.000000   64.000000   6   5  60140   0
 281   50060141    0.000000   54.000000   6   5  60141   0
 282   51060141    0.000000   56.000000   6   5  60141   1
 283   50060142    0.000000   46.000000   6   5  60142   0
 284   50060143    0.000000   38.000000   6   5  60143   0
 285   50060144    0.000000   29.000000   6   5  60144   0
 286   50060145    0.000000   22.000000   6   5  60145   0
 287   50060146    0.000000   14.500000   6   5  60146   0
 288   50060147    0.000000    9.000000   6   5  60147   0
 289   50060148    0.000000    1.500000   6   5  60148   0
 290   50060149    0.000000   17.000000   6   5  60149   0
 291   50060150    0.000000   17.000000   6   5  60150   0
 292   50061133    0.000000  180.000000   6   5  61133   0
 293   51061133    0.000000  180.000000   6   5  61133   1
 294   50061134    0.000000  170.000000   6   5  61134   0
 295   51061134    0.000000  170.000000   6   5  61134   1
 296   50061135    0.000000  150.000000   6   5  61135   0
 297   51061135    0.000000  150.000000   6   5  61135   1
 298   50061136    0.000000  140.000000   6   5  61136   0
 299   51061136    0.000000  140.000000   6   5  61136   1
 300   50061137    0.000000  130.000000   6   5  61137   0
 301   50061138    0.000000  120.000000   6   5  61138   0
 302   51061138    0.000000  120.000000   6   5  61138   1
 303   50061139    0.000000  110.000000   6   5  61139   0
 304   51061139    0.000000  110.000000   6   5  61139   1
 305   50061140    0.000000   90.000000   6   5  61140   0
 306   51061140    0.000000   95.000000   6   5  61140   1
 307   50061141    0.000000   80.000000   6   5  61141   0
 308   50061142    0.000000   70.000000   6   5  61142   0
 309   50061143    0.000000   58.000000   6   5  61143   0
 310   50061144    0.000000   52.000000   6   5  61144   0
 311   50061145    0.000000   44.000000   6   5  61145   0
 312   50061146    0.000000   36.000000   6   5  61146   0
 313   50061147    0.000000   28.000000   6   5  61147   0
 314   50061148    0.000000   22.000000   6   5  61148   0
 315   51061148    0.000000   22.000000   6   5  61148   1
 316   50061149    0.000000   14.500000   6   5  61149   0
 317   50061150    0.000000   15.000000   6   5  61150   0
 318   50061151    0.000000    9.000000   6   5  61151   0
 319   50062134    0.000000  180.000000   6   5  62134   0
 320   50062135    0.000000  170.000000   6   5  62135   0
 321   50062136    0.000000  160.000000   6   5  62136   0
 322   50062137    0.000000  150.000000   6   5  62137   0
 323   50062138    0.000000  130.000000   6   5  62138   0
 324   50062139    0.000000  120.000000   6   5  62139   0
 325   51062139    0.000000  120.000000   6   5  62139   1
 326   50062140    0.000000  110.000000   6   5  62140   0
 327   50062141    0.000000   95.000000   6   5  62141   0
 328   51062141    0.000000   95.000000   6   5  62141   1
 329   50062142    0.000000   85.000000   6   5  62142   0
 330   50062143    0.000000   72.000000   6   5  62143   0
 331   51062143    0.000000   74.000000   6   5  62143   1
 332   50062144    0.000000   62.000000   6   5  62144   0
 333   50062145    0.000000   54.000000   6   5  62145   0
 334   50062146    0.000000   44.000000   6   5  62146   0
 335   50062147    0.000000   38.000000   6   5  62147   0
 336   50062148    0.000000   29.000000   6   5  62148   0
 337   50062149    0.000000   23.000000   6   5  62149   0
 338   50062150    0.000000   14.000000   6   5  62150   0
 339   50062151    0.000000    8.500000   6   5  62151   0
 340   50062152    0.000000    1.000000   6   5  62152   0
 
   p   ZAP IP   NR    Tp [MeV]
   1     1  1    1    8.000000
   2     0  2    1    1.000000
   3  1001  9    1    8.665511
   4  1002 31    1   14.500000
   5  1003 32    1   14.500000
   6  2003 33    1   17.000000
   7  2004 34    1    1.000000
--------------------------------------------------------------------------------
 
