 
--------------------------------------------------------------------------------
 62-Sm-150   T= 0.00 K from IAEA/PD-2019       (ACEMAKER)
 ZAID= 62150.38u  MAT=6243  ZA= 62150
 AWR= 148.629400  STA=  0  ELIS=   0.000 MeV  LIS=  0  LISO=  0
--------------------------------------------------------------------------------
 NTOTR= 353 NTRAN=   1 NPROD= 352 NE=     132 EMAX= 200.000 MeV
   i     MT/MTD     Q [MeV]     T [MeV] LMF  MT    ZAP LFS
   1          5    0.000000    1.000000   3   5
   2   50047117    0.000000  150.000000   6   5  47117   0
   3   51047117    0.000000  150.000000   6   5  47117   1
   4   50047118    0.000000  150.000000   6   5  47118   0
   5   50047119    0.000000  150.000000   6   5  47119   0
   6   51047119    0.000000  150.000000   6   5  47119   1
   7   50047120    0.000000  150.000000   6   5  47120   0
   8   50047121    0.000000  150.000000   6   5  47121   0
   9   50047122    0.000000  170.000000   6   5  47122   0
  10   51047122    0.000000  170.000000   6   5  47122   1
  11   50047123    0.000000  170.000000   6   5  47123   0
  12   50048118    0.000000  130.000000   6   5  48118   0
  13   50048119    0.000000  130.000000   6   5  48119   0
  14   51048119    0.000000  130.000000   6   5  48119   1
  15   50048120    0.000000  120.000000   6   5  48120   0
  16   50048121    0.000000  120.000000   6   5  48121   0
  17   51048121    0.000000  120.000000   6   5  48121   1
  18   50048122    0.000000  120.000000   6   5  48122   0
  19   50048123    0.000000  140.000000   6   5  48123   0
  20   51048123    0.000000  140.000000   6   5  48123   1
  21   50048124    0.000000  140.000000   6   5  48124   0
  22   50048125    0.000000  170.000000   6   5  48125   0
  23   51048125    0.000000  170.000000   6   5  48125   1
  24   50048126    0.000000  170.000000   6   5  48126   0
  25   50049119    0.000000  130.000000   6   5  49119   0
  26   51049119    0.000000  130.000000   6   5  49119   1
  27   50049120    0.000000  130.000000   6   5  49120   0
  28   51049120    0.000000  130.000000   6   5  49120   1
  29   50049121    0.000000  120.000000   6   5  49121   0
  30   51049121    0.000000  120.000000   6   5  49121   1
  31   50049122    0.000000  120.000000   6   5  49122   0
  32   51049122    0.000000  120.000000   6   5  49122   1
  33   50049123    0.000000  120.000000   6   5  49123   0
  34   51049123    0.000000  120.000000   6   5  49123   1
  35   50049124    0.000000  120.000000   6   5  49124   0
  36   50049125    0.000000  120.000000   6   5  49125   0
  37   51049125    0.000000  120.000000   6   5  49125   1
  38   50049126    0.000000  140.000000   6   5  49126   0
  39   51049126    0.000000  140.000000   6   5  49126   1
  40   50049127    0.000000  140.000000   6   5  49127   0
  41   51049127    0.000000  140.000000   6   5  49127   1
  42   52049127    0.000000  140.000000   6   5  49127   2
  43   50049128    0.000000  170.000000   6   5  49128   0
  44   50049129    0.000000  170.000000   6   5  49129   0
  45   51049129    0.000000  170.000000   6   5  49129   1
  46   50050120    0.000000  130.000000   6   5  50120   0
  47   50050121    0.000000  120.000000   6   5  50121   0
  48   51050121    0.000000  120.000000   6   5  50121   1
  49   50050122    0.000000  110.000000   6   5  50122   0
  50   50050123    0.000000  110.000000   6   5  50123   0
  51   51050123    0.000000  110.000000   6   5  50123   1
  52   50050124    0.000000   95.000000   6   5  50124   0
  53   50050125    0.000000   90.000000   6   5  50125   0
  54   51050125    0.000000   90.000000   6   5  50125   1
  55   50050126    0.000000   90.000000   6   5  50126   0
  56   50050127    0.000000  110.000000   6   5  50127   0
  57   51050127    0.000000  110.000000   6   5  50127   1
  58   50050128    0.000000  110.000000   6   5  50128   0
  59   51050128    0.000000  110.000000   6   5  50128   1
  60   50050129    0.000000  140.000000   6   5  50129   0
  61   51050129    0.000000  140.000000   6   5  50129   1
  62   50050130    0.000000  140.000000   6   5  50130   0
  63   51050130    0.000000  140.000000   6   5  50130   1
  64   50050131    0.000000  170.000000   6   5  50131   0
  65   51050131    0.000000  170.000000   6   5  50131   1
  66   50050132    0.000000  170.000000   6   5  50132   0
  67   50051121    0.000000  130.000000   6   5  51121   0
  68   50051122    0.000000  120.000000   6   5  51122   0
  69   51051122    0.000000  120.000000   6   5  51122   1
  70   50051123    0.000000  110.000000   6   5  51123   0
  71   50051124    0.000000  110.000000   6   5  51124   0
  72   51051124    0.000000  110.000000   6   5  51124   1
  73   52051124    0.000000  110.000000   6   5  51124   2
  74   50051125    0.000000   95.000000   6   5  51125   0
  75   50051126    0.000000   90.000000   6   5  51126   0
  76   51051126    0.000000   90.000000   6   5  51126   1
  77   50051127    0.000000   90.000000   6   5  51127   0
  78   50051128    0.000000   85.000000   6   5  51128   0
  79   51051128    0.000000   85.000000   6   5  51128   1
  80   50051129    0.000000   85.000000   6   5  51129   0
  81   51051129    0.000000   85.000000   6   5  51129   1
  82   50051130    0.000000  110.000000   6   5  51130   0
  83   51051130    0.000000  110.000000   6   5  51130   1
  84   50051131    0.000000  110.000000   6   5  51131   0
  85   50051132    0.000000  140.000000   6   5  51132   0
  86   51051132    0.000000  140.000000   6   5  51132   1
  87   50051133    0.000000  140.000000   6   5  51133   0
  88   50051134    0.000000  170.000000   6   5  51134   0
  89   51051134    0.000000  170.000000   6   5  51134   1
  90   50051135    0.000000  180.000000   6   5  51135   0
  91   50052122    0.000000  130.000000   6   5  52122   0
  92   50052123    0.000000  120.000000   6   5  52123   0
  93   51052123    0.000000  120.000000   6   5  52123   1
  94   50052124    0.000000  110.000000   6   5  52124   0
  95   50052125    0.000000  100.000000   6   5  52125   0
  96   51052125    0.000000  100.000000   6   5  52125   1
  97   50052126    0.000000   90.000000   6   5  52126   0
  98   50052127    0.000000   85.000000   6   5  52127   0
  99   51052127    0.000000   85.000000   6   5  52127   1
 100   50052128    0.000000   74.000000   6   5  52128   0
 101   50052129    0.000000   68.000000   6   5  52129   0
 102   51052129    0.000000   68.000000   6   5  52129   1
 103   50052130    0.000000   68.000000   6   5  52130   0
 104   50052131    0.000000   68.000000   6   5  52131   0
 105   51052131    0.000000   68.000000   6   5  52131   1
 106   50052132    0.000000   80.000000   6   5  52132   0
 107   50052133    0.000000   95.000000   6   5  52133   0
 108   51052133    0.000000   95.000000   6   5  52133   1
 109   50052134    0.000000  110.000000   6   5  52134   0
 110   50052135    0.000000  140.000000   6   5  52135   0
 111   50052136    0.000000  140.000000   6   5  52136   0
 112   50052137    0.000000  180.000000   6   5  52137   0
 113   50052138    0.000000  190.000000   6   5  52138   0
 114   50053123    0.000000  130.000000   6   5  53123   0
 115   50053124    0.000000  120.000000   6   5  53124   0
 116   50053125    0.000000  110.000000   6   5  53125   0
 117   50053126    0.000000  100.000000   6   5  53126   0
 118   50053127    0.000000   90.000000   6   5  53127   0
 119   50053128    0.000000   85.000000   6   5  53128   0
 120   50053129    0.000000   74.000000   6   5  53129   0
 121   50053130    0.000000   68.000000   6   5  53130   0
 122   51053130    0.000000   68.000000   6   5  53130   1
 123   50053131    0.000000   68.000000   6   5  53131   0
 124   50053132    0.000000   64.000000   6   5  53132   0
 125   50053133    0.000000   64.000000   6   5  53133   0
 126   51053133    0.000000   64.000000   6   5  53133   1
 127   50053134    0.000000   64.000000   6   5  53134   0
 128   50053135    0.000000   78.000000   6   5  53135   0
 129   50053136    0.000000  100.000000   6   5  53136   0
 130   50053137    0.000000  110.000000   6   5  53137   0
 131   50053138    0.000000  140.000000   6   5  53138   0
 132   50053139    0.000000  150.000000   6   5  53139   0
 133   50053140    0.000000  190.000000   6   5  53140   0
 134   50054124    0.000000  140.000000   6   5  54124   0
 135   50054125    0.000000  130.000000   6   5  54125   0
 136   51054125    0.000000  130.000000   6   5  54125   1
 137   50054126    0.000000  110.000000   6   5  54126   0
 138   50054127    0.000000  100.000000   6   5  54127   0
 139   51054127    0.000000  100.000000   6   5  54127   1
 140   50054128    0.000000   90.000000   6   5  54128   0
 141   50054129    0.000000   80.000000   6   5  54129   0
 142   51054129    0.000000   80.000000   6   5  54129   1
 143   50054130    0.000000   70.000000   6   5  54130   0
 144   50054131    0.000000   62.000000   6   5  54131   0
 145   51054131    0.000000   62.000000   6   5  54131   1
 146   50054132    0.000000   54.000000   6   5  54132   0
 147   50054133    0.000000   46.000000   6   5  54133   0
 148   51054133    0.000000   46.000000   6   5  54133   1
 149   50054134    0.000000   40.000000   6   5  54134   0
 150   51054134    0.000000   40.000000   6   5  54134   1
 151   50054135    0.000000   46.000000   6   5  54135   0
 152   51054135    0.000000   46.000000   6   5  54135   1
 153   50054136    0.000000   56.000000   6   5  54136   0
 154   50054137    0.000000   64.000000   6   5  54137   0
 155   50054138    0.000000   80.000000   6   5  54138   0
 156   50054139    0.000000  110.000000   6   5  54139   0
 157   50054140    0.000000  120.000000   6   5  54140   0
 158   50054141    0.000000  150.000000   6   5  54141   0
 159   50055125    0.000000  140.000000   6   5  55125   0
 160   50055126    0.000000  130.000000   6   5  55126   0
 161   50055127    0.000000  110.000000   6   5  55127   0
 162   50055128    0.000000  100.000000   6   5  55128   0
 163   50055129    0.000000   90.000000   6   5  55129   0
 164   50055130    0.000000   80.000000   6   5  55130   0
 165   51055130    0.000000   80.000000   6   5  55130   1
 166   50055131    0.000000   72.000000   6   5  55131   0
 167   50055132    0.000000   64.000000   6   5  55132   0
 168   50055133    0.000000   54.000000   6   5  55133   0
 169   50055134    0.000000   46.000000   6   5  55134   0
 170   51055134    0.000000   48.000000   6   5  55134   1
 171   50055135    0.000000   40.000000   6   5  55135   0
 172   50055136    0.000000   40.000000   6   5  55136   0
 173   51055136    0.000000   40.000000   6   5  55136   1
 174   50055137    0.000000   40.000000   6   5  55137   0
 175   50055138    0.000000   48.000000   6   5  55138   0
 176   51055138    0.000000   48.000000   6   5  55138   1
 177   50055139    0.000000   60.000000   6   5  55139   0
 178   50055140    0.000000   68.000000   6   5  55140   0
 179   50055141    0.000000   85.000000   6   5  55141   0
 180   50055142    0.000000  120.000000   6   5  55142   0
 181   50055143    0.000000  190.000000   6   5  55143   0
 182   50056126    0.000000  140.000000   6   5  56126   0
 183   50056127    0.000000  130.000000   6   5  56127   0
 184   51056127    0.000000  130.000000   6   5  56127   1
 185   50056128    0.000000  120.000000   6   5  56128   0
 186   50056129    0.000000  110.000000   6   5  56129   0
 187   51056129    0.000000  110.000000   6   5  56129   1
 188   50056130    0.000000   95.000000   6   5  56130   0
 189   50056131    0.000000   85.000000   6   5  56131   0
 190   51056131    0.000000   85.000000   6   5  56131   1
 191   50056132    0.000000   74.000000   6   5  56132   0
 192   50056133    0.000000   64.000000   6   5  56133   0
 193   51056133    0.000000   64.000000   6   5  56133   1
 194   50056134    0.000000   54.000000   6   5  56134   0
 195   50056135    0.000000   44.000000   6   5  56135   0
 196   51056135    0.000000   44.000000   6   5  56135   1
 197   50056136    0.000000   34.000000   6   5  56136   0
 198   51056136    0.000000   34.000000   6   5  56136   1
 199   50056137    0.000000   27.000000   6   5  56137   0
 200   51056137    0.000000   27.000000   6   5  56137   1
 201   50056138    0.000000   19.500000   6   5  56138   0
 202   50056139    0.000000   30.000000   6   5  56139   0
 203   50056140    0.000000   42.000000   6   5  56140   0
 204   50056141    0.000000   48.000000   6   5  56141   0
 205   50056142    0.000000   62.000000   6   5  56142   0
 206   50056143    0.000000   72.000000   6   5  56143   0
 207   50056144    0.000000  120.000000   6   5  56144   0
 208   50057127    0.000000  150.000000   6   5  57127   0
 209   51057127    0.000000  150.000000   6   5  57127   1
 210   50057128    0.000000  140.000000   6   5  57128   0
 211   51057128    0.000000  140.000000   6   5  57128   1
 212   50057129    0.000000  120.000000   6   5  57129   0
 213   51057129    0.000000  120.000000   6   5  57129   1
 214   50057130    0.000000  110.000000   6   5  57130   0
 215   50057131    0.000000  100.000000   6   5  57131   0
 216   50057132    0.000000   90.000000   6   5  57132   0
 217   51057132    0.000000   90.000000   6   5  57132   1
 218   50057133    0.000000   80.000000   6   5  57133   0
 219   50057134    0.000000   70.000000   6   5  57134   0
 220   50057135    0.000000   60.000000   6   5  57135   0
 221   50057136    0.000000   52.000000   6   5  57136   0
 222   51057136    0.000000   52.000000   6   5  57136   1
 223   50057137    0.000000   40.000000   6   5  57137   0
 224   50057138    0.000000   32.000000   6   5  57138   0
 225   50057139    0.000000   24.000000   6   5  57139   0
 226   50057140    0.000000   24.000000   6   5  57140   0
 227   50057141    0.000000   19.500000   6   5  57141   0
 228   50057142    0.000000   34.000000   6   5  57142   0
 229   50057143    0.000000   42.000000   6   5  57143   0
 230   50057144    0.000000   54.000000   6   5  57144   0
 231   50057145    0.000000   72.000000   6   5  57145   0
 232   50058128    0.000000  160.000000   6   5  58128   0
 233   50058129    0.000000  140.000000   6   5  58129   0
 234   50058130    0.000000  130.000000   6   5  58130   0
 235   50058131    0.000000  120.000000   6   5  58131   0
 236   51058131    0.000000  120.000000   6   5  58131   1
 237   50058132    0.000000  110.000000   6   5  58132   0
 238   50058133    0.000000   90.000000   6   5  58133   0
 239   51058133    0.000000   90.000000   6   5  58133   1
 240   50058134    0.000000   80.000000   6   5  58134   0
 241   50058135    0.000000   68.000000   6   5  58135   0
 242   51058135    0.000000   68.000000   6   5  58135   1
 243   50058136    0.000000   58.000000   6   5  58136   0
 244   50058137    0.000000   48.000000   6   5  58137   0
 245   51058137    0.000000   48.000000   6   5  58137   1
 246   50058138    0.000000   38.000000   6   5  58138   0
 247   50058139    0.000000   29.000000   6   5  58139   0
 248   51058139    0.000000   29.000000   6   5  58139   1
 249   50058140    0.000000   21.000000   6   5  58140   0
 250   50058141    0.000000   13.000000   6   5  58141   0
 251   50058142    0.000000    6.500000   6   5  58142   0
 252   50058143    0.000000   20.000000   6   5  58143   0
 253   50058144    0.000000   22.000000   6   5  58144   0
 254   50058145    0.000000   38.000000   6   5  58145   0
 255   50058146    0.000000   44.000000   6   5  58146   0
 256   50059129    0.000000  160.000000   6   5  59129   0
 257   50059130    0.000000  150.000000   6   5  59130   0
 258   50059131    0.000000  140.000000   6   5  59131   0
 259   51059131    0.000000  140.000000   6   5  59131   1
 260   50059132    0.000000  130.000000   6   5  59132   0
 261   50059133    0.000000  120.000000   6   5  59133   0
 262   51059133    0.000000  120.000000   6   5  59133   1
 263   50059134    0.000000  110.000000   6   5  59134   0
 264   51059134    0.000000  110.000000   6   5  59134   1
 265   50059135    0.000000   90.000000   6   5  59135   0
 266   50059136    0.000000   80.000000   6   5  59136   0
 267   50059137    0.000000   68.000000   6   5  59137   0
 268   50059138    0.000000   60.000000   6   5  59138   0
 269   51059138    0.000000   60.000000   6   5  59138   1
 270   50059139    0.000000   50.000000   6   5  59139   0
 271   50059140    0.000000   40.000000   6   5  59140   0
 272   50059141    0.000000   30.000000   6   5  59141   0
 273   50059142    0.000000   24.000000   6   5  59142   0
 274   51059142    0.000000   24.000000   6   5  59142   1
 275   50059143    0.000000   17.000000   6   5  59143   0
 276   50059144    0.000000   16.500000   6   5  59144   0
 277   51059144    0.000000   16.500000   6   5  59144   1
 278   50059145    0.000000   11.000000   6   5  59145   0
 279   50059146    0.000000   27.000000   6   5  59146   0
 280   50059147    0.000000   28.000000   6   5  59147   0
 281   50060130    0.000000  170.000000   6   5  60130   0
 282   50060131    0.000000  160.000000   6   5  60131   0
 283   50060132    0.000000  140.000000   6   5  60132   0
 284   50060133    0.000000  130.000000   6   5  60133   0
 285   51060133    0.000000  130.000000   6   5  60133   1
 286   50060134    0.000000  120.000000   6   5  60134   0
 287   50060135    0.000000  110.000000   6   5  60135   0
 288   50060136    0.000000   90.000000   6   5  60136   0
 289   50060137    0.000000   80.000000   6   5  60137   0
 290   51060137    0.000000   80.000000   6   5  60137   1
 291   50060138    0.000000   68.000000   6   5  60138   0
 292   50060139    0.000000   60.000000   6   5  60139   0
 293   51060139    0.000000   60.000000   6   5  60139   1
 294   50060140    0.000000   48.000000   6   5  60140   0
 295   50060141    0.000000   40.000000   6   5  60141   0
 296   51060141    0.000000   40.000000   6   5  60141   1
 297   50060142    0.000000   29.000000   6   5  60142   0
 298   50060143    0.000000   22.000000   6   5  60143   0
 299   50060144    0.000000   14.000000   6   5  60144   0
 300   50060145    0.000000    8.000000   6   5  60145   0
 301   50060146    0.000000    1.000000   6   5  60146   0
 302   50060147    0.000000   15.500000   6   5  60147   0
 303   50060148    0.000000   15.500000   6   5  60148   0
 304   50061131    0.000000  190.000000   6   5  61131   0
 305   50061132    0.000000  170.000000   6   5  61132   0
 306   50061133    0.000000  160.000000   6   5  61133   0
 307   51061133    0.000000  160.000000   6   5  61133   1
 308   50061134    0.000000  150.000000   6   5  61134   0
 309   51061134    0.000000  150.000000   6   5  61134   1
 310   50061135    0.000000  130.000000   6   5  61135   0
 311   51061135    0.000000  130.000000   6   5  61135   1
 312   50061136    0.000000  120.000000   6   5  61136   0
 313   51061136    0.000000  120.000000   6   5  61136   1
 314   50061137    0.000000  110.000000   6   5  61137   0
 315   50061138    0.000000  100.000000   6   5  61138   0
 316   51061138    0.000000  100.000000   6   5  61138   1
 317   50061139    0.000000   85.000000   6   5  61139   0
 318   51061139    0.000000   85.000000   6   5  61139   1
 319   50061140    0.000000   74.000000   6   5  61140   0
 320   51061140    0.000000   76.000000   6   5  61140   1
 321   50061141    0.000000   64.000000   6   5  61141   0
 322   50061142    0.000000   54.000000   6   5  61142   0
 323   50061143    0.000000   44.000000   6   5  61143   0
 324   50061144    0.000000   36.000000   6   5  61144   0
 325   50061145    0.000000   28.000000   6   5  61145   0
 326   50061146    0.000000   22.000000   6   5  61146   0
 327   50061147    0.000000   13.500000   6   5  61147   0
 328   50061148    0.000000   14.000000   6   5  61148   0
 329   51061148    0.000000   14.000000   6   5  61148   1
 330   50061149    0.000000    8.500000   6   5  61149   0
 331   50062132    0.000000  190.000000   6   5  62132   0
 332   50062133    0.000000  180.000000   6   5  62133   0
 333   51062133    0.000000  180.000000   6   5  62133   1
 334   50062134    0.000000  170.000000   6   5  62134   0
 335   50062135    0.000000  150.000000   6   5  62135   0
 336   50062136    0.000000  140.000000   6   5  62136   0
 337   50062137    0.000000  130.000000   6   5  62137   0
 338   50062138    0.000000  120.000000   6   5  62138   0
 339   50062139    0.000000  110.000000   6   5  62139   0
 340   51062139    0.000000  110.000000   6   5  62139   1
 341   50062140    0.000000   90.000000   6   5  62140   0
 342   50062141    0.000000   78.000000   6   5  62141   0
 343   51062141    0.000000   80.000000   6   5  62141   1
 344   50062142    0.000000   66.000000   6   5  62142   0
 345   50062143    0.000000   58.000000   6   5  62143   0
 346   51062143    0.000000   58.000000   6   5  62143   1
 347   50062144    0.000000   46.000000   6   5  62144   0
 348   50062145    0.000000   38.000000   6   5  62145   0
 349   50062146    0.000000   29.000000   6   5  62146   0
 350   50062147    0.000000   23.000000   6   5  62147   0
 351   50062148    0.000000   14.000000   6   5  62148   0
 352   50062149    0.000000    8.000000   6   5  62149   0
 353   50062150    0.000000    1.000000   6   5  62150   0
 
   p   ZAP IP   NR    Tp [MeV]
   1     1  1    1    7.500000
   2     0  2    1    1.000000
   3  1001  9    1    8.500000
   4  1002 31    1   13.500000
   5  1003 32    1   13.500000
   6  2003 33    1   15.500000
   7  2004 34    1    1.000000
--------------------------------------------------------------------------------
 
