 
--------------------------------------------------------------------------------
 62-Sm-148   T= 0.00 K from IAEA/PD-2019       (ACEMAKER)
 ZAID= 62148.38u  MAT=6237  ZA= 62148
 AWR= 146.644200  STA=  0  ELIS=   0.000 MeV  LIS=  0  LISO=  0
--------------------------------------------------------------------------------
 NTOTR= 371 NTRAN=   1 NPROD= 370 NE=     133 EMAX= 200.000 MeV
   i     MT/MTD     Q [MeV]     T [MeV] LMF  MT    ZAP LFS
   1          5    0.000000    1.000000   3   5
   2   50047115    0.000000  140.000000   6   5  47115   0
   3   51047115    0.000000  140.000000   6   5  47115   1
   4   50047116    0.000000  140.000000   6   5  47116   0
   5   51047116    0.000000  140.000000   6   5  47116   1
   6   50047117    0.000000  140.000000   6   5  47117   0
   7   51047117    0.000000  140.000000   6   5  47117   1
   8   50047118    0.000000  140.000000   6   5  47118   0
   9   50047119    0.000000  140.000000   6   5  47119   0
  10   51047119    0.000000  140.000000   6   5  47119   1
  11   50047120    0.000000  150.000000   6   5  47120   0
  12   50047121    0.000000  150.000000   6   5  47121   0
  13   50047122    0.000000  180.000000   6   5  47122   0
  14   51047122    0.000000  180.000000   6   5  47122   1
  15   50047123    0.000000  180.000000   6   5  47123   0
  16   50048116    0.000000  130.000000   6   5  48116   0
  17   50048117    0.000000  120.000000   6   5  48117   0
  18   51048117    0.000000  120.000000   6   5  48117   1
  19   50048118    0.000000  120.000000   6   5  48118   0
  20   50048119    0.000000  110.000000   6   5  48119   0
  21   51048119    0.000000  110.000000   6   5  48119   1
  22   50048120    0.000000  110.000000   6   5  48120   0
  23   50048121    0.000000  130.000000   6   5  48121   0
  24   51048121    0.000000  130.000000   6   5  48121   1
  25   50048122    0.000000  130.000000   6   5  48122   0
  26   50048123    0.000000  150.000000   6   5  48123   0
  27   51048123    0.000000  150.000000   6   5  48123   1
  28   50048124    0.000000  150.000000   6   5  48124   0
  29   50048125    0.000000  180.000000   6   5  48125   0
  30   51048125    0.000000  180.000000   6   5  48125   1
  31   50048126    0.000000  180.000000   6   5  48126   0
  32   50049117    0.000000  130.000000   6   5  49117   0
  33   51049117    0.000000  130.000000   6   5  49117   1
  34   50049118    0.000000  120.000000   6   5  49118   0
  35   51049118    0.000000  120.000000   6   5  49118   1
  36   50049119    0.000000  120.000000   6   5  49119   0
  37   51049119    0.000000  120.000000   6   5  49119   1
  38   50049120    0.000000  110.000000   6   5  49120   0
  39   51049120    0.000000  110.000000   6   5  49120   1
  40   50049121    0.000000  110.000000   6   5  49121   0
  41   51049121    0.000000  110.000000   6   5  49121   1
  42   50049122    0.000000  110.000000   6   5  49122   0
  43   51049122    0.000000  110.000000   6   5  49122   1
  44   50049123    0.000000  110.000000   6   5  49123   0
  45   51049123    0.000000  110.000000   6   5  49123   1
  46   50049124    0.000000  120.000000   6   5  49124   0
  47   50049125    0.000000  120.000000   6   5  49125   0
  48   51049125    0.000000  120.000000   6   5  49125   1
  49   50049126    0.000000  150.000000   6   5  49126   0
  50   51049126    0.000000  150.000000   6   5  49126   1
  51   50049127    0.000000  150.000000   6   5  49127   0
  52   51049127    0.000000  150.000000   6   5  49127   1
  53   52049127    0.000000  150.000000   6   5  49127   2
  54   50049128    0.000000  180.000000   6   5  49128   0
  55   50049129    0.000000  180.000000   6   5  49129   0
  56   51049129    0.000000  180.000000   6   5  49129   1
  57   50050118    0.000000  130.000000   6   5  50118   0
  58   50050119    0.000000  120.000000   6   5  50119   0
  59   51050119    0.000000  120.000000   6   5  50119   1
  60   50050120    0.000000  110.000000   6   5  50120   0
  61   50050121    0.000000  100.000000   6   5  50121   0
  62   51050121    0.000000  100.000000   6   5  50121   1
  63   50050122    0.000000   95.000000   6   5  50122   0
  64   50050123    0.000000   90.000000   6   5  50123   0
  65   51050123    0.000000   90.000000   6   5  50123   1
  66   50050124    0.000000   90.000000   6   5  50124   0
  67   50050125    0.000000   90.000000   6   5  50125   0
  68   51050125    0.000000   90.000000   6   5  50125   1
  69   50050126    0.000000  100.000000   6   5  50126   0
  70   50050127    0.000000  120.000000   6   5  50127   0
  71   51050127    0.000000  120.000000   6   5  50127   1
  72   50050128    0.000000  120.000000   6   5  50128   0
  73   51050128    0.000000  120.000000   6   5  50128   1
  74   50050129    0.000000  150.000000   6   5  50129   0
  75   51050129    0.000000  150.000000   6   5  50129   1
  76   50050130    0.000000  150.000000   6   5  50130   0
  77   51050130    0.000000  150.000000   6   5  50130   1
  78   50050131    0.000000  180.000000   6   5  50131   0
  79   51050131    0.000000  180.000000   6   5  50131   1
  80   50050132    0.000000  190.000000   6   5  50132   0
  81   50051119    0.000000  130.000000   6   5  51119   0
  82   50051120    0.000000  120.000000   6   5  51120   0
  83   51051120    0.000000  120.000000   6   5  51120   1
  84   50051121    0.000000  110.000000   6   5  51121   0
  85   50051122    0.000000  100.000000   6   5  51122   0
  86   51051122    0.000000  100.000000   6   5  51122   1
  87   50051123    0.000000   95.000000   6   5  51123   0
  88   50051124    0.000000   90.000000   6   5  51124   0
  89   51051124    0.000000   90.000000   6   5  51124   1
  90   52051124    0.000000   90.000000   6   5  51124   2
  91   50051125    0.000000   90.000000   6   5  51125   0
  92   50051126    0.000000   85.000000   6   5  51126   0
  93   51051126    0.000000   85.000000   6   5  51126   1
  94   50051127    0.000000   85.000000   6   5  51127   0
  95   50051128    0.000000   85.000000   6   5  51128   0
  96   51051128    0.000000   85.000000   6   5  51128   1
  97   50051129    0.000000   95.000000   6   5  51129   0
  98   51051129    0.000000   95.000000   6   5  51129   1
  99   50051130    0.000000  120.000000   6   5  51130   0
 100   51051130    0.000000  120.000000   6   5  51130   1
 101   50051131    0.000000  120.000000   6   5  51131   0
 102   50051132    0.000000  150.000000   6   5  51132   0
 103   51051132    0.000000  150.000000   6   5  51132   1
 104   50051133    0.000000  160.000000   6   5  51133   0
 105   50051134    0.000000  190.000000   6   5  51134   0
 106   51051134    0.000000  190.000000   6   5  51134   1
 107   50052120    0.000000  130.000000   6   5  52120   0
 108   50052121    0.000000  120.000000   6   5  52121   0
 109   51052121    0.000000  120.000000   6   5  52121   1
 110   50052122    0.000000  110.000000   6   5  52122   0
 111   50052123    0.000000  100.000000   6   5  52123   0
 112   51052123    0.000000  100.000000   6   5  52123   1
 113   50052124    0.000000   90.000000   6   5  52124   0
 114   50052125    0.000000   80.000000   6   5  52125   0
 115   51052125    0.000000   80.000000   6   5  52125   1
 116   50052126    0.000000   72.000000   6   5  52126   0
 117   50052127    0.000000   64.000000   6   5  52127   0
 118   51052127    0.000000   64.000000   6   5  52127   1
 119   50052128    0.000000   60.000000   6   5  52128   0
 120   50052129    0.000000   62.000000   6   5  52129   0
 121   51052129    0.000000   62.000000   6   5  52129   1
 122   50052130    0.000000   74.000000   6   5  52130   0
 123   50052131    0.000000   85.000000   6   5  52131   0
 124   51052131    0.000000   85.000000   6   5  52131   1
 125   50052132    0.000000   95.000000   6   5  52132   0
 126   50052133    0.000000  120.000000   6   5  52133   0
 127   51052133    0.000000  120.000000   6   5  52133   1
 128   50052134    0.000000  120.000000   6   5  52134   0
 129   50052135    0.000000  160.000000   6   5  52135   0
 130   50052136    0.000000  160.000000   6   5  52136   0
 131   50053121    0.000000  130.000000   6   5  53121   0
 132   50053122    0.000000  120.000000   6   5  53122   0
 133   50053123    0.000000  110.000000   6   5  53123   0
 134   50053124    0.000000  100.000000   6   5  53124   0
 135   50053125    0.000000   90.000000   6   5  53125   0
 136   50053126    0.000000   80.000000   6   5  53126   0
 137   50053127    0.000000   72.000000   6   5  53127   0
 138   50053128    0.000000   64.000000   6   5  53128   0
 139   50053129    0.000000   60.000000   6   5  53129   0
 140   50053130    0.000000   60.000000   6   5  53130   0
 141   51053130    0.000000   60.000000   6   5  53130   1
 142   50053131    0.000000   54.000000   6   5  53131   0
 143   50053132    0.000000   60.000000   6   5  53132   0
 144   50053133    0.000000   70.000000   6   5  53133   0
 145   51053133    0.000000   72.000000   6   5  53133   1
 146   50053134    0.000000   80.000000   6   5  53134   0
 147   50053135    0.000000   95.000000   6   5  53135   0
 148   50053136    0.000000  120.000000   6   5  53136   0
 149   50053137    0.000000  130.000000   6   5  53137   0
 150   50053138    0.000000  160.000000   6   5  53138   0
 151   50054122    0.000000  140.000000   6   5  54122   0
 152   50054123    0.000000  130.000000   6   5  54123   0
 153   50054124    0.000000  120.000000   6   5  54124   0
 154   50054125    0.000000  110.000000   6   5  54125   0
 155   51054125    0.000000  110.000000   6   5  54125   1
 156   50054126    0.000000   95.000000   6   5  54126   0
 157   50054127    0.000000   85.000000   6   5  54127   0
 158   51054127    0.000000   85.000000   6   5  54127   1
 159   50054128    0.000000   72.000000   6   5  54128   0
 160   50054129    0.000000   62.000000   6   5  54129   0
 161   51054129    0.000000   62.000000   6   5  54129   1
 162   50054130    0.000000   52.000000   6   5  54130   0
 163   50054131    0.000000   44.000000   6   5  54131   0
 164   51054131    0.000000   44.000000   6   5  54131   1
 165   50054132    0.000000   36.000000   6   5  54132   0
 166   50054133    0.000000   44.000000   6   5  54133   0
 167   51054133    0.000000   44.000000   6   5  54133   1
 168   50054134    0.000000   54.000000   6   5  54134   0
 169   51054134    0.000000   54.000000   6   5  54134   1
 170   50054135    0.000000   58.000000   6   5  54135   0
 171   51054135    0.000000   58.000000   6   5  54135   1
 172   50054136    0.000000   72.000000   6   5  54136   0
 173   50054137    0.000000   85.000000   6   5  54137   0
 174   50054138    0.000000  100.000000   6   5  54138   0
 175   50054139    0.000000  130.000000   6   5  54139   0
 176   50055123    0.000000  140.000000   6   5  55123   0
 177   51055123    0.000000  140.000000   6   5  55123   1
 178   50055124    0.000000  130.000000   6   5  55124   0
 179   51055124    0.000000  130.000000   6   5  55124   1
 180   50055125    0.000000  120.000000   6   5  55125   0
 181   50055126    0.000000  110.000000   6   5  55126   0
 182   50055127    0.000000   95.000000   6   5  55127   0
 183   50055128    0.000000   85.000000   6   5  55128   0
 184   50055129    0.000000   76.000000   6   5  55129   0
 185   50055130    0.000000   66.000000   6   5  55130   0
 186   51055130    0.000000   68.000000   6   5  55130   1
 187   50055131    0.000000   56.000000   6   5  55131   0
 188   50055132    0.000000   48.000000   6   5  55132   0
 189   50055133    0.000000   38.000000   6   5  55133   0
 190   50055134    0.000000   36.000000   6   5  55134   0
 191   51055134    0.000000   38.000000   6   5  55134   1
 192   50055135    0.000000   34.000000   6   5  55135   0
 193   50055136    0.000000   44.000000   6   5  55136   0
 194   51055136    0.000000   44.000000   6   5  55136   1
 195   50055137    0.000000   52.000000   6   5  55137   0
 196   50055138    0.000000   60.000000   6   5  55138   0
 197   51055138    0.000000   60.000000   6   5  55138   1
 198   50055139    0.000000   74.000000   6   5  55139   0
 199   50055140    0.000000   95.000000   6   5  55140   0
 200   50055141    0.000000  160.000000   6   5  55141   0
 201   50056124    0.000000  150.000000   6   5  56124   0
 202   50056125    0.000000  140.000000   6   5  56125   0
 203   50056126    0.000000  130.000000   6   5  56126   0
 204   50056127    0.000000  110.000000   6   5  56127   0
 205   51056127    0.000000  110.000000   6   5  56127   1
 206   50056128    0.000000  100.000000   6   5  56128   0
 207   50056129    0.000000   90.000000   6   5  56129   0
 208   51056129    0.000000   90.000000   6   5  56129   1
 209   50056130    0.000000   78.000000   6   5  56130   0
 210   50056131    0.000000   66.000000   6   5  56131   0
 211   51056131    0.000000   66.000000   6   5  56131   1
 212   50056132    0.000000   56.000000   6   5  56132   0
 213   50056133    0.000000   46.000000   6   5  56133   0
 214   51056133    0.000000   46.000000   6   5  56133   1
 215   50056134    0.000000   36.000000   6   5  56134   0
 216   50056135    0.000000   27.000000   6   5  56135   0
 217   51056135    0.000000   27.000000   6   5  56135   1
 218   50056136    0.000000   16.500000   6   5  56136   0
 219   51056136    0.000000   16.500000   6   5  56136   1
 220   50056137    0.000000   29.000000   6   5  56137   0
 221   51056137    0.000000   30.000000   6   5  56137   1
 222   50056138    0.000000   34.000000   6   5  56138   0
 223   50056139    0.000000   44.000000   6   5  56139   0
 224   50056140    0.000000   56.000000   6   5  56140   0
 225   50056141    0.000000   62.000000   6   5  56141   0
 226   50056142    0.000000   95.000000   6   5  56142   0
 227   50057125    0.000000  150.000000   6   5  57125   0
 228   51057125    0.000000  150.000000   6   5  57125   1
 229   50057126    0.000000  140.000000   6   5  57126   0
 230   50057127    0.000000  130.000000   6   5  57127   0
 231   51057127    0.000000  130.000000   6   5  57127   1
 232   50057128    0.000000  120.000000   6   5  57128   0
 233   51057128    0.000000  120.000000   6   5  57128   1
 234   50057129    0.000000  110.000000   6   5  57129   0
 235   51057129    0.000000  110.000000   6   5  57129   1
 236   50057130    0.000000   95.000000   6   5  57130   0
 237   50057131    0.000000   85.000000   6   5  57131   0
 238   50057132    0.000000   74.000000   6   5  57132   0
 239   51057132    0.000000   74.000000   6   5  57132   1
 240   50057133    0.000000   64.000000   6   5  57133   0
 241   50057134    0.000000   54.000000   6   5  57134   0
 242   50057135    0.000000   44.000000   6   5  57135   0
 243   50057136    0.000000   34.000000   6   5  57136   0
 244   51057136    0.000000   36.000000   6   5  57136   1
 245   50057137    0.000000   25.000000   6   5  57137   0
 246   50057138    0.000000   24.000000   6   5  57138   0
 247   50057139    0.000000   16.500000   6   5  57139   0
 248   50057140    0.000000   32.000000   6   5  57140   0
 249   50057141    0.000000   36.000000   6   5  57141   0
 250   50057142    0.000000   48.000000   6   5  57142   0
 251   50057143    0.000000   60.000000   6   5  57143   0
 252   50058126    0.000000  170.000000   6   5  58126   0
 253   50058127    0.000000  150.000000   6   5  58127   0
 254   51058127    0.000000  150.000000   6   5  58127   1
 255   50058128    0.000000  140.000000   6   5  58128   0
 256   50058129    0.000000  130.000000   6   5  58129   0
 257   50058130    0.000000  110.000000   6   5  58130   0
 258   50058131    0.000000  100.000000   6   5  58131   0
 259   51058131    0.000000  100.000000   6   5  58131   1
 260   50058132    0.000000   85.000000   6   5  58132   0
 261   50058133    0.000000   74.000000   6   5  58133   0
 262   51058133    0.000000   74.000000   6   5  58133   1
 263   50058134    0.000000   64.000000   6   5  58134   0
 264   50058135    0.000000   52.000000   6   5  58135   0
 265   51058135    0.000000   52.000000   6   5  58135   1
 266   50058136    0.000000   42.000000   6   5  58136   0
 267   50058137    0.000000   32.000000   6   5  58137   0
 268   51058137    0.000000   32.000000   6   5  58137   1
 269   50058138    0.000000   22.000000   6   5  58138   0
 270   50058139    0.000000   13.500000   6   5  58139   0
 271   51058139    0.000000   13.500000   6   5  58139   1
 272   50058140    0.000000    6.500000   6   5  58140   0
 273   50058141    0.000000   19.500000   6   5  58141   0
 274   50058142    0.000000   19.000000   6   5  58142   0
 275   50058143    0.000000   34.000000   6   5  58143   0
 276   50058144    0.000000   38.000000   6   5  58144   0
 277   50059127    0.000000  170.000000   6   5  59127   0
 278   50059128    0.000000  160.000000   6   5  59128   0
 279   50059129    0.000000  150.000000   6   5  59129   0
 280   50059130    0.000000  140.000000   6   5  59130   0
 281   50059131    0.000000  120.000000   6   5  59131   0
 282   51059131    0.000000  120.000000   6   5  59131   1
 283   50059132    0.000000  110.000000   6   5  59132   0
 284   50059133    0.000000   95.000000   6   5  59133   0
 285   51059133    0.000000   95.000000   6   5  59133   1
 286   50059134    0.000000   85.000000   6   5  59134   0
 287   51059134    0.000000   85.000000   6   5  59134   1
 288   50059135    0.000000   74.000000   6   5  59135   0
 289   50059136    0.000000   64.000000   6   5  59136   0
 290   50059137    0.000000   54.000000   6   5  59137   0
 291   50059138    0.000000   44.000000   6   5  59138   0
 292   51059138    0.000000   44.000000   6   5  59138   1
 293   50059139    0.000000   34.000000   6   5  59139   0
 294   50059140    0.000000   26.000000   6   5  59140   0
 295   50059141    0.000000   16.500000   6   5  59141   0
 296   50059142    0.000000   15.500000   6   5  59142   0
 297   51059142    0.000000   15.500000   6   5  59142   1
 298   50059143    0.000000   10.000000   6   5  59143   0
 299   50059144    0.000000   25.000000   6   5  59144   0
 300   51059144    0.000000   25.000000   6   5  59144   1
 301   50059145    0.000000   25.000000   6   5  59145   0
 302   50060128    0.000000  180.000000   6   5  60128   0
 303   50060129    0.000000  170.000000   6   5  60129   0
 304   50060130    0.000000  150.000000   6   5  60130   0
 305   50060131    0.000000  140.000000   6   5  60131   0
 306   50060132    0.000000  130.000000   6   5  60132   0
 307   50060133    0.000000  110.000000   6   5  60133   0
 308   51060133    0.000000  110.000000   6   5  60133   1
 309   50060134    0.000000  100.000000   6   5  60134   0
 310   50060135    0.000000   90.000000   6   5  60135   0
 311   50060136    0.000000   74.000000   6   5  60136   0
 312   50060137    0.000000   64.000000   6   5  60137   0
 313   51060137    0.000000   64.000000   6   5  60137   1
 314   50060138    0.000000   54.000000   6   5  60138   0
 315   50060139    0.000000   44.000000   6   5  60139   0
 316   51060139    0.000000   44.000000   6   5  60139   1
 317   50060140    0.000000   34.000000   6   5  60140   0
 318   50060141    0.000000   24.000000   6   5  60141   0
 319   51060141    0.000000   25.000000   6   5  60141   1
 320   50060142    0.000000   14.000000   6   5  60142   0
 321   50060143    0.000000    7.500000   6   5  60143   0
 322   50060144    0.000000    1.000000   6   5  60144   0
 323   50060145    0.000000   14.500000   6   5  60145   0
 324   50060146    0.000000   14.000000   6   5  60146   0
 325   50061130    0.000000  180.000000   6   5  61130   0
 326   50061131    0.000000  170.000000   6   5  61131   0
 327   50061132    0.000000  160.000000   6   5  61132   0
 328   50061133    0.000000  140.000000   6   5  61133   0
 329   51061133    0.000000  140.000000   6   5  61133   1
 330   50061134    0.000000  130.000000   6   5  61134   0
 331   51061134    0.000000  130.000000   6   5  61134   1
 332   50061135    0.000000  120.000000   6   5  61135   0
 333   51061135    0.000000  120.000000   6   5  61135   1
 334   50061136    0.000000  110.000000   6   5  61136   0
 335   51061136    0.000000  110.000000   6   5  61136   1
 336   50061137    0.000000   90.000000   6   5  61137   0
 337   50061138    0.000000   85.000000   6   5  61138   0
 338   51061138    0.000000   85.000000   6   5  61138   1
 339   50061139    0.000000   70.000000   6   5  61139   0
 340   51061139    0.000000   70.000000   6   5  61139   1
 341   50061140    0.000000   60.000000   6   5  61140   0
 342   51061140    0.000000   60.000000   6   5  61140   1
 343   50061141    0.000000   48.000000   6   5  61141   0
 344   50061142    0.000000   40.000000   6   5  61142   0
 345   50061143    0.000000   29.000000   6   5  61143   0
 346   50061144    0.000000   22.000000   6   5  61144   0
 347   50061145    0.000000   14.000000   6   5  61145   0
 348   50061146    0.000000   13.500000   6   5  61146   0
 349   50061147    0.000000    8.000000   6   5  61147   0
 350   50062131    0.000000  190.000000   6   5  62131   0
 351   50062132    0.000000  180.000000   6   5  62132   0
 352   50062133    0.000000  160.000000   6   5  62133   0
 353   51062133    0.000000  160.000000   6   5  62133   1
 354   50062134    0.000000  150.000000   6   5  62134   0
 355   50062135    0.000000  140.000000   6   5  62135   0
 356   50062136    0.000000  120.000000   6   5  62136   0
 357   50062137    0.000000  110.000000   6   5  62137   0
 358   50062138    0.000000   95.000000   6   5  62138   0
 359   50062139    0.000000   85.000000   6   5  62139   0
 360   51062139    0.000000   85.000000   6   5  62139   1
 361   50062140    0.000000   72.000000   6   5  62140   0
 362   50062141    0.000000   64.000000   6   5  62141   0
 363   51062141    0.000000   64.000000   6   5  62141   1
 364   50062142    0.000000   52.000000   6   5  62142   0
 365   50062143    0.000000   42.000000   6   5  62143   0
 366   51062143    0.000000   44.000000   6   5  62143   1
 367   50062144    0.000000   32.000000   6   5  62144   0
 368   50062145    0.000000   24.000000   6   5  62145   0
 369   50062146    0.000000   15.000000   6   5  62146   0
 370   50062147    0.000000    8.500000   6   5  62147   0
 371   50062148    0.000000    1.000000   6   5  62148   0
 
   p   ZAP IP   NR    Tp [MeV]
   1     1  1    1    7.500000
   2     0  2    1    1.000000
   3  1001  9    1    7.500000
   4  1002 31    1   13.500000
   5  1003 32    1   13.500000
   6  2003 33    1   14.500000
   7  2004 34    1    1.000000
--------------------------------------------------------------------------------
 
