 
--------------------------------------------------------------------------------
 62-Sm-149   T= 0.00 K from IAEA/PD-2019       (ACEMAKER)
 ZAID= 62149.38u  MAT=6240  ZA= 62149
 AWR= 147.637900  STA=  0  ELIS=   0.000 MeV  LIS=  0  LISO=  0
--------------------------------------------------------------------------------
 NTOTR= 369 NTRAN=   1 NPROD= 368 NE=     135 EMAX= 200.000 MeV
   i     MT/MTD     Q [MeV]     T [MeV] LMF  MT    ZAP LFS
   1          5    0.000000    1.000000   3   5
   2   50047116    0.000000  140.000000   6   5  47116   0
   3   51047116    0.000000  140.000000   6   5  47116   1
   4   50047117    0.000000  140.000000   6   5  47117   0
   5   51047117    0.000000  140.000000   6   5  47117   1
   6   50047118    0.000000  140.000000   6   5  47118   0
   7   50047119    0.000000  140.000000   6   5  47119   0
   8   51047119    0.000000  140.000000   6   5  47119   1
   9   50047120    0.000000  140.000000   6   5  47120   0
  10   50047121    0.000000  140.000000   6   5  47121   0
  11   50047122    0.000000  160.000000   6   5  47122   0
  12   51047122    0.000000  160.000000   6   5  47122   1
  13   50047123    0.000000  160.000000   6   5  47123   0
  14   50047124    0.000000  190.000000   6   5  47124   0
  15   50048117    0.000000  130.000000   6   5  48117   0
  16   51048117    0.000000  130.000000   6   5  48117   1
  17   50048118    0.000000  120.000000   6   5  48118   0
  18   50048119    0.000000  120.000000   6   5  48119   0
  19   51048119    0.000000  120.000000   6   5  48119   1
  20   50048120    0.000000  110.000000   6   5  48120   0
  21   50048121    0.000000  110.000000   6   5  48121   0
  22   51048121    0.000000  110.000000   6   5  48121   1
  23   50048122    0.000000  110.000000   6   5  48122   0
  24   50048123    0.000000  130.000000   6   5  48123   0
  25   51048123    0.000000  130.000000   6   5  48123   1
  26   50048124    0.000000  130.000000   6   5  48124   0
  27   50048125    0.000000  160.000000   6   5  48125   0
  28   51048125    0.000000  160.000000   6   5  48125   1
  29   50048126    0.000000  160.000000   6   5  48126   0
  30   50049118    0.000000  130.000000   6   5  49118   0
  31   51049118    0.000000  130.000000   6   5  49118   1
  32   50049119    0.000000  120.000000   6   5  49119   0
  33   51049119    0.000000  120.000000   6   5  49119   1
  34   50049120    0.000000  120.000000   6   5  49120   0
  35   51049120    0.000000  120.000000   6   5  49120   1
  36   50049121    0.000000  110.000000   6   5  49121   0
  37   51049121    0.000000  110.000000   6   5  49121   1
  38   50049122    0.000000  110.000000   6   5  49122   0
  39   51049122    0.000000  110.000000   6   5  49122   1
  40   50049123    0.000000  110.000000   6   5  49123   0
  41   51049123    0.000000  110.000000   6   5  49123   1
  42   50049124    0.000000  100.000000   6   5  49124   0
  43   50049125    0.000000  100.000000   6   5  49125   0
  44   51049125    0.000000  100.000000   6   5  49125   1
  45   50049126    0.000000  130.000000   6   5  49126   0
  46   51049126    0.000000  130.000000   6   5  49126   1
  47   50049127    0.000000  130.000000   6   5  49127   0
  48   51049127    0.000000  130.000000   6   5  49127   1
  49   52049127    0.000000  130.000000   6   5  49127   2
  50   50049128    0.000000  160.000000   6   5  49128   0
  51   50049129    0.000000  160.000000   6   5  49129   0
  52   51049129    0.000000  160.000000   6   5  49129   1
  53   50050119    0.000000  130.000000   6   5  50119   0
  54   51050119    0.000000  130.000000   6   5  50119   1
  55   50050120    0.000000  120.000000   6   5  50120   0
  56   50050121    0.000000  110.000000   6   5  50121   0
  57   51050121    0.000000  110.000000   6   5  50121   1
  58   50050122    0.000000  100.000000   6   5  50122   0
  59   50050123    0.000000   90.000000   6   5  50123   0
  60   51050123    0.000000   90.000000   6   5  50123   1
  61   50050124    0.000000   85.000000   6   5  50124   0
  62   50050125    0.000000   80.000000   6   5  50125   0
  63   51050125    0.000000   80.000000   6   5  50125   1
  64   50050126    0.000000   80.000000   6   5  50126   0
  65   50050127    0.000000  100.000000   6   5  50127   0
  66   51050127    0.000000  100.000000   6   5  50127   1
  67   50050128    0.000000  100.000000   6   5  50128   0
  68   51050128    0.000000  100.000000   6   5  50128   1
  69   50050129    0.000000  130.000000   6   5  50129   0
  70   51050129    0.000000  130.000000   6   5  50129   1
  71   50050130    0.000000  130.000000   6   5  50130   0
  72   51050130    0.000000  130.000000   6   5  50130   1
  73   50050131    0.000000  160.000000   6   5  50131   0
  74   51050131    0.000000  160.000000   6   5  50131   1
  75   50050132    0.000000  170.000000   6   5  50132   0
  76   50051120    0.000000  130.000000   6   5  51120   0
  77   51051120    0.000000  130.000000   6   5  51120   1
  78   50051121    0.000000  120.000000   6   5  51121   0
  79   50051122    0.000000  110.000000   6   5  51122   0
  80   51051122    0.000000  110.000000   6   5  51122   1
  81   50051123    0.000000  100.000000   6   5  51123   0
  82   50051124    0.000000   90.000000   6   5  51124   0
  83   51051124    0.000000   90.000000   6   5  51124   1
  84   52051124    0.000000   90.000000   6   5  51124   2
  85   50051125    0.000000   85.000000   6   5  51125   0
  86   50051126    0.000000   80.000000   6   5  51126   0
  87   51051126    0.000000   80.000000   6   5  51126   1
  88   50051127    0.000000   80.000000   6   5  51127   0
  89   50051128    0.000000   76.000000   6   5  51128   0
  90   51051128    0.000000   76.000000   6   5  51128   1
  91   50051129    0.000000   76.000000   6   5  51129   0
  92   51051129    0.000000   78.000000   6   5  51129   1
  93   50051130    0.000000  100.000000   6   5  51130   0
  94   51051130    0.000000  100.000000   6   5  51130   1
  95   50051131    0.000000  100.000000   6   5  51131   0
  96   50051132    0.000000  130.000000   6   5  51132   0
  97   51051132    0.000000  130.000000   6   5  51132   1
  98   50051133    0.000000  130.000000   6   5  51133   0
  99   50051134    0.000000  170.000000   6   5  51134   0
 100   51051134    0.000000  170.000000   6   5  51134   1
 101   50051135    0.000000  180.000000   6   5  51135   0
 102   50052121    0.000000  130.000000   6   5  52121   0
 103   51052121    0.000000  130.000000   6   5  52121   1
 104   50052122    0.000000  120.000000   6   5  52122   0
 105   50052123    0.000000  110.000000   6   5  52123   0
 106   51052123    0.000000  110.000000   6   5  52123   1
 107   50052124    0.000000  100.000000   6   5  52124   0
 108   50052125    0.000000   90.000000   6   5  52125   0
 109   51052125    0.000000   90.000000   6   5  52125   1
 110   50052126    0.000000   80.000000   6   5  52126   0
 111   50052127    0.000000   72.000000   6   5  52127   0
 112   51052127    0.000000   72.000000   6   5  52127   1
 113   50052128    0.000000   64.000000   6   5  52128   0
 114   50052129    0.000000   58.000000   6   5  52129   0
 115   51052129    0.000000   58.000000   6   5  52129   1
 116   50052130    0.000000   58.000000   6   5  52130   0
 117   50052131    0.000000   74.000000   6   5  52131   0
 118   51052131    0.000000   74.000000   6   5  52131   1
 119   50052132    0.000000   74.000000   6   5  52132   0
 120   50052133    0.000000  100.000000   6   5  52133   0
 121   51052133    0.000000  100.000000   6   5  52133   1
 122   50052134    0.000000  100.000000   6   5  52134   0
 123   50052135    0.000000  130.000000   6   5  52135   0
 124   50052136    0.000000  140.000000   6   5  52136   0
 125   50052137    0.000000  180.000000   6   5  52137   0
 126   50052138    0.000000  180.000000   6   5  52138   0
 127   50053122    0.000000  130.000000   6   5  53122   0
 128   50053123    0.000000  120.000000   6   5  53123   0
 129   50053124    0.000000  110.000000   6   5  53124   0
 130   50053125    0.000000  100.000000   6   5  53125   0
 131   50053126    0.000000   90.000000   6   5  53126   0
 132   50053127    0.000000   80.000000   6   5  53127   0
 133   50053128    0.000000   72.000000   6   5  53128   0
 134   50053129    0.000000   64.000000   6   5  53129   0
 135   50053130    0.000000   58.000000   6   5  53130   0
 136   51053130    0.000000   58.000000   6   5  53130   1
 137   50053131    0.000000   58.000000   6   5  53131   0
 138   50053132    0.000000   54.000000   6   5  53132   0
 139   50053133    0.000000   58.000000   6   5  53133   0
 140   51053133    0.000000   60.000000   6   5  53133   1
 141   50053134    0.000000   74.000000   6   5  53134   0
 142   50053135    0.000000   76.000000   6   5  53135   0
 143   50053136    0.000000  100.000000   6   5  53136   0
 144   50053137    0.000000  110.000000   6   5  53137   0
 145   50053138    0.000000  140.000000   6   5  53138   0
 146   50053139    0.000000  150.000000   6   5  53139   0
 147   50053140    0.000000  180.000000   6   5  53140   0
 148   50054123    0.000000  140.000000   6   5  54123   0
 149   50054124    0.000000  130.000000   6   5  54124   0
 150   50054125    0.000000  110.000000   6   5  54125   0
 151   51054125    0.000000  110.000000   6   5  54125   1
 152   50054126    0.000000  100.000000   6   5  54126   0
 153   50054127    0.000000   90.000000   6   5  54127   0
 154   51054127    0.000000   90.000000   6   5  54127   1
 155   50054128    0.000000   80.000000   6   5  54128   0
 156   50054129    0.000000   70.000000   6   5  54129   0
 157   51054129    0.000000   70.000000   6   5  54129   1
 158   50054130    0.000000   60.000000   6   5  54130   0
 159   50054131    0.000000   52.000000   6   5  54131   0
 160   51054131    0.000000   52.000000   6   5  54131   1
 161   50054132    0.000000   44.000000   6   5  54132   0
 162   50054133    0.000000   38.000000   6   5  54133   0
 163   51054133    0.000000   38.000000   6   5  54133   1
 164   50054134    0.000000   42.000000   6   5  54134   0
 165   51054134    0.000000   44.000000   6   5  54134   1
 166   50054135    0.000000   54.000000   6   5  54135   0
 167   51054135    0.000000   54.000000   6   5  54135   1
 168   50054136    0.000000   56.000000   6   5  54136   0
 169   50054137    0.000000   76.000000   6   5  54137   0
 170   50054138    0.000000   78.000000   6   5  54138   0
 171   50054139    0.000000  110.000000   6   5  54139   0
 172   50054140    0.000000  110.000000   6   5  54140   0
 173   50054141    0.000000  150.000000   6   5  54141   0
 174   50055124    0.000000  140.000000   6   5  55124   0
 175   51055124    0.000000  140.000000   6   5  55124   1
 176   50055125    0.000000  130.000000   6   5  55125   0
 177   50055126    0.000000  110.000000   6   5  55126   0
 178   50055127    0.000000  100.000000   6   5  55127   0
 179   50055128    0.000000   95.000000   6   5  55128   0
 180   50055129    0.000000   80.000000   6   5  55129   0
 181   50055130    0.000000   74.000000   6   5  55130   0
 182   51055130    0.000000   74.000000   6   5  55130   1
 183   50055131    0.000000   64.000000   6   5  55131   0
 184   50055132    0.000000   56.000000   6   5  55132   0
 185   50055133    0.000000   46.000000   6   5  55133   0
 186   50055134    0.000000   38.000000   6   5  55134   0
 187   51055134    0.000000   38.000000   6   5  55134   1
 188   50055135    0.000000   38.000000   6   5  55135   0
 189   50055136    0.000000   36.000000   6   5  55136   0
 190   51055136    0.000000   36.000000   6   5  55136   1
 191   50055137    0.000000   42.000000   6   5  55137   0
 192   50055138    0.000000   54.000000   6   5  55138   0
 193   51055138    0.000000   54.000000   6   5  55138   1
 194   50055139    0.000000   60.000000   6   5  55139   0
 195   50055140    0.000000   78.000000   6   5  55140   0
 196   50055141    0.000000   85.000000   6   5  55141   0
 197   50055142    0.000000  110.000000   6   5  55142   0
 198   50056125    0.000000  150.000000   6   5  56125   0
 199   50056126    0.000000  130.000000   6   5  56126   0
 200   50056127    0.000000  120.000000   6   5  56127   0
 201   51056127    0.000000  120.000000   6   5  56127   1
 202   50056128    0.000000  110.000000   6   5  56128   0
 203   50056129    0.000000   95.000000   6   5  56129   0
 204   51056129    0.000000   95.000000   6   5  56129   1
 205   50056130    0.000000   85.000000   6   5  56130   0
 206   50056131    0.000000   74.000000   6   5  56131   0
 207   51056131    0.000000   74.000000   6   5  56131   1
 208   50056132    0.000000   64.000000   6   5  56132   0
 209   50056133    0.000000   54.000000   6   5  56133   0
 210   51056133    0.000000   54.000000   6   5  56133   1
 211   50056134    0.000000   44.000000   6   5  56134   0
 212   50056135    0.000000   34.000000   6   5  56135   0
 213   51056135    0.000000   34.000000   6   5  56135   1
 214   50056136    0.000000   25.000000   6   5  56136   0
 215   51056136    0.000000   25.000000   6   5  56136   1
 216   50056137    0.000000   17.000000   6   5  56137   0
 217   51056137    0.000000   17.000000   6   5  56137   1
 218   50056138    0.000000   27.000000   6   5  56138   0
 219   50056139    0.000000   36.000000   6   5  56139   0
 220   50056140    0.000000   44.000000   6   5  56140   0
 221   50056141    0.000000   56.000000   6   5  56141   0
 222   50056142    0.000000   62.000000   6   5  56142   0
 223   50056143    0.000000   85.000000   6   5  56143   0
 224   50057126    0.000000  150.000000   6   5  57126   0
 225   50057127    0.000000  140.000000   6   5  57127   0
 226   51057127    0.000000  140.000000   6   5  57127   1
 227   50057128    0.000000  130.000000   6   5  57128   0
 228   51057128    0.000000  130.000000   6   5  57128   1
 229   50057129    0.000000  110.000000   6   5  57129   0
 230   51057129    0.000000  110.000000   6   5  57129   1
 231   50057130    0.000000  100.000000   6   5  57130   0
 232   50057131    0.000000   90.000000   6   5  57131   0
 233   50057132    0.000000   80.000000   6   5  57132   0
 234   51057132    0.000000   80.000000   6   5  57132   1
 235   50057133    0.000000   70.000000   6   5  57133   0
 236   50057134    0.000000   62.000000   6   5  57134   0
 237   50057135    0.000000   52.000000   6   5  57135   0
 238   50057136    0.000000   42.000000   6   5  57136   0
 239   51057136    0.000000   42.000000   6   5  57136   1
 240   50057137    0.000000   32.000000   6   5  57137   0
 241   50057138    0.000000   25.000000   6   5  57138   0
 242   50057139    0.000000   21.000000   6   5  57139   0
 243   50057140    0.000000   16.500000   6   5  57140   0
 244   50057141    0.000000   32.000000   6   5  57141   0
 245   50057142    0.000000   38.000000   6   5  57142   0
 246   50057143    0.000000   48.000000   6   5  57143   0
 247   50057144    0.000000   60.000000   6   5  57144   0
 248   50058127    0.000000  160.000000   6   5  58127   0
 249   51058127    0.000000  160.000000   6   5  58127   1
 250   50058128    0.000000  150.000000   6   5  58128   0
 251   50058129    0.000000  130.000000   6   5  58129   0
 252   50058130    0.000000  120.000000   6   5  58130   0
 253   50058131    0.000000  110.000000   6   5  58131   0
 254   51058131    0.000000  110.000000   6   5  58131   1
 255   50058132    0.000000   95.000000   6   5  58132   0
 256   50058133    0.000000   80.000000   6   5  58133   0
 257   51058133    0.000000   80.000000   6   5  58133   1
 258   50058134    0.000000   70.000000   6   5  58134   0
 259   50058135    0.000000   60.000000   6   5  58135   0
 260   51058135    0.000000   60.000000   6   5  58135   1
 261   50058136    0.000000   50.000000   6   5  58136   0
 262   50058137    0.000000   40.000000   6   5  58137   0
 263   51058137    0.000000   40.000000   6   5  58137   1
 264   50058138    0.000000   28.000000   6   5  58138   0
 265   50058139    0.000000   20.000000   6   5  58139   0
 266   51058139    0.000000   20.000000   6   5  58139   1
 267   50058140    0.000000   12.000000   6   5  58140   0
 268   50058141    0.000000    5.500000   6   5  58141   0
 269   50058142    0.000000   18.500000   6   5  58142   0
 270   50058143    0.000000   20.000000   6   5  58143   0
 271   50058144    0.000000   34.000000   6   5  58144   0
 272   50058145    0.000000   38.000000   6   5  58145   0
 273   50059128    0.000000  170.000000   6   5  59128   0
 274   50059129    0.000000  150.000000   6   5  59129   0
 275   50059130    0.000000  140.000000   6   5  59130   0
 276   50059131    0.000000  130.000000   6   5  59131   0
 277   51059131    0.000000  130.000000   6   5  59131   1
 278   50059132    0.000000  120.000000   6   5  59132   0
 279   50059133    0.000000  110.000000   6   5  59133   0
 280   51059133    0.000000  110.000000   6   5  59133   1
 281   50059134    0.000000   95.000000   6   5  59134   0
 282   51059134    0.000000   95.000000   6   5  59134   1
 283   50059135    0.000000   80.000000   6   5  59135   0
 284   50059136    0.000000   70.000000   6   5  59136   0
 285   50059137    0.000000   60.000000   6   5  59137   0
 286   50059138    0.000000   50.000000   6   5  59138   0
 287   51059138    0.000000   52.000000   6   5  59138   1
 288   50059139    0.000000   40.000000   6   5  59139   0
 289   50059140    0.000000   32.000000   6   5  59140   0
 290   50059141    0.000000   23.000000   6   5  59141   0
 291   50059142    0.000000   16.000000   6   5  59142   0
 292   51059142    0.000000   16.000000   6   5  59142   1
 293   50059143    0.000000   14.500000   6   5  59143   0
 294   50059144    0.000000   10.000000   6   5  59144   0
 295   51059144    0.000000   10.000000   6   5  59144   1
 296   50059145    0.000000   24.000000   6   5  59145   0
 297   50059146    0.000000   26.000000   6   5  59146   0
 298   50060129    0.000000  170.000000   6   5  60129   0
 299   50060130    0.000000  160.000000   6   5  60130   0
 300   50060131    0.000000  150.000000   6   5  60131   0
 301   50060132    0.000000  130.000000   6   5  60132   0
 302   50060133    0.000000  120.000000   6   5  60133   0
 303   51060133    0.000000  120.000000   6   5  60133   1
 304   50060134    0.000000  110.000000   6   5  60134   0
 305   50060135    0.000000   95.000000   6   5  60135   0
 306   50060136    0.000000   80.000000   6   5  60136   0
 307   50060137    0.000000   72.000000   6   5  60137   0
 308   51060137    0.000000   72.000000   6   5  60137   1
 309   50060138    0.000000   60.000000   6   5  60138   0
 310   50060139    0.000000   50.000000   6   5  60139   0
 311   51060139    0.000000   52.000000   6   5  60139   1
 312   50060140    0.000000   40.000000   6   5  60140   0
 313   50060141    0.000000   32.000000   6   5  60141   0
 314   51060141    0.000000   32.000000   6   5  60141   1
 315   50060142    0.000000   20.000000   6   5  60142   0
 316   50060143    0.000000   13.500000   6   5  60143   0
 317   50060144    0.000000    5.500000   6   5  60144   0
 318   50060145    0.000000    1.000000   6   5  60145   0
 319   50060146    0.000000   13.000000   6   5  60146   0
 320   50060147    0.000000   15.000000   6   5  60147   0
 321   50061130    0.000000  190.000000   6   5  61130   0
 322   50061131    0.000000  180.000000   6   5  61131   0
 323   50061132    0.000000  160.000000   6   5  61132   0
 324   50061133    0.000000  150.000000   6   5  61133   0
 325   51061133    0.000000  150.000000   6   5  61133   1
 326   50061134    0.000000  140.000000   6   5  61134   0
 327   51061134    0.000000  140.000000   6   5  61134   1
 328   50061135    0.000000  130.000000   6   5  61135   0
 329   51061135    0.000000  130.000000   6   5  61135   1
 330   50061136    0.000000  110.000000   6   5  61136   0
 331   51061136    0.000000  110.000000   6   5  61136   1
 332   50061137    0.000000  100.000000   6   5  61137   0
 333   50061138    0.000000   90.000000   6   5  61138   0
 334   51061138    0.000000   90.000000   6   5  61138   1
 335   50061139    0.000000   76.000000   6   5  61139   0
 336   51061139    0.000000   76.000000   6   5  61139   1
 337   50061140    0.000000   66.000000   6   5  61140   0
 338   51061140    0.000000   66.000000   6   5  61140   1
 339   50061141    0.000000   56.000000   6   5  61141   0
 340   50061142    0.000000   46.000000   6   5  61142   0
 341   50061143    0.000000   36.000000   6   5  61143   0
 342   50061144    0.000000   28.000000   6   5  61144   0
 343   50061145    0.000000   19.500000   6   5  61145   0
 344   50061146    0.000000   13.500000   6   5  61146   0
 345   50061147    0.000000   12.000000   6   5  61147   0
 346   50061148    0.000000    8.000000   6   5  61148   0
 347   51061148    0.000000    8.000000   6   5  61148   1
 348   50062132    0.000000  180.000000   6   5  62132   0
 349   50062133    0.000000  170.000000   6   5  62133   0
 350   51062133    0.000000  170.000000   6   5  62133   1
 351   50062134    0.000000  160.000000   6   5  62134   0
 352   50062135    0.000000  140.000000   6   5  62135   0
 353   50062136    0.000000  130.000000   6   5  62136   0
 354   50062137    0.000000  120.000000   6   5  62137   0
 355   50062138    0.000000  110.000000   6   5  62138   0
 356   50062139    0.000000   95.000000   6   5  62139   0
 357   51062139    0.000000   95.000000   6   5  62139   1
 358   50062140    0.000000   80.000000   6   5  62140   0
 359   50062141    0.000000   70.000000   6   5  62141   0
 360   51062141    0.000000   70.000000   6   5  62141   1
 361   50062142    0.000000   58.000000   6   5  62142   0
 362   50062143    0.000000   48.000000   6   5  62143   0
 363   51062143    0.000000   50.000000   6   5  62143   1
 364   50062144    0.000000   38.000000   6   5  62144   0
 365   50062145    0.000000   30.000000   6   5  62145   0
 366   50062146    0.000000   21.000000   6   5  62146   0
 367   50062147    0.000000   14.500000   6   5  62147   0
 368   50062148    0.000000    6.000000   6   5  62148   0
 369   50062149    0.000000    1.000000   6   5  62149   0
 
   p   ZAP IP   NR    Tp [MeV]
   1     1  1    1    5.500000
   2     0  2    1    1.000000
   3  1001  9    1    7.500000
   4  1002 31    1   11.500000
   5  1003 32    1   13.000000
   6  2003 33    1   13.000000
   7  2004 34    1    1.000000
--------------------------------------------------------------------------------
 
