 
--------------------------------------------------------------------------------
 62-Sm-154   T= 0.00 K from IAEA/PD-2019       (ACEMAKER)
 ZAID= 62154.38u  MAT=6255  ZA= 62154
 AWR= 152.600000  STA=  0  ELIS=   0.000 MeV  LIS=  0  LISO=  0
--------------------------------------------------------------------------------
 NTOTR= 315 NTRAN=   1 NPROD= 314 NE=     135 EMAX= 200.000 MeV
   i     MT/MTD     Q [MeV]     T [MeV] LMF  MT    ZAP LFS
   1          5    0.000000    1.000000   3   5
   2   50047121    0.000000  180.000000   6   5  47121   0
   3   50047122    0.000000  180.000000   6   5  47122   0
   4   51047122    0.000000  180.000000   6   5  47122   1
   5   50047123    0.000000  180.000000   6   5  47123   0
   6   50047124    0.000000  180.000000   6   5  47124   0
   7   50047125    0.000000  180.000000   6   5  47125   0
   8   50048122    0.000000  150.000000   6   5  48122   0
   9   50048123    0.000000  140.000000   6   5  48123   0
  10   51048123    0.000000  140.000000   6   5  48123   1
  11   50048124    0.000000  140.000000   6   5  48124   0
  12   50048125    0.000000  140.000000   6   5  48125   0
  13   51048125    0.000000  140.000000   6   5  48125   1
  14   50048126    0.000000  140.000000   6   5  48126   0
  15   50048127    0.000000  170.000000   6   5  48127   0
  16   50048128    0.000000  170.000000   6   5  48128   0
  17   50049123    0.000000  150.000000   6   5  49123   0
  18   51049123    0.000000  150.000000   6   5  49123   1
  19   50049124    0.000000  140.000000   6   5  49124   0
  20   50049125    0.000000  140.000000   6   5  49125   0
  21   51049125    0.000000  140.000000   6   5  49125   1
  22   50049126    0.000000  140.000000   6   5  49126   0
  23   51049126    0.000000  140.000000   6   5  49126   1
  24   50049127    0.000000  140.000000   6   5  49127   0
  25   51049127    0.000000  140.000000   6   5  49127   1
  26   52049127    0.000000  140.000000   6   5  49127   2
  27   50049128    0.000000  140.000000   6   5  49128   0
  28   50049129    0.000000  140.000000   6   5  49129   0
  29   51049129    0.000000  140.000000   6   5  49129   1
  30   50049130    0.000000  170.000000   6   5  49130   0
  31   51049130    0.000000  170.000000   6   5  49130   1
  32   50049131    0.000000  170.000000   6   5  49131   0
  33   51049131    0.000000  170.000000   6   5  49131   1
  34   50050124    0.000000  130.000000   6   5  50124   0
  35   50050125    0.000000  130.000000   6   5  50125   0
  36   51050125    0.000000  130.000000   6   5  50125   1
  37   50050126    0.000000  120.000000   6   5  50126   0
  38   50050127    0.000000  110.000000   6   5  50127   0
  39   51050127    0.000000  110.000000   6   5  50127   1
  40   50050128    0.000000  110.000000   6   5  50128   0
  41   51050128    0.000000  110.000000   6   5  50128   1
  42   50050129    0.000000  110.000000   6   5  50129   0
  43   51050129    0.000000  110.000000   6   5  50129   1
  44   50050130    0.000000  110.000000   6   5  50130   0
  45   51050130    0.000000  110.000000   6   5  50130   1
  46   50050131    0.000000  130.000000   6   5  50131   0
  47   51050131    0.000000  130.000000   6   5  50131   1
  48   50050132    0.000000  130.000000   6   5  50132   0
  49   50050133    0.000000  160.000000   6   5  50133   0
  50   50050134    0.000000  160.000000   6   5  50134   0
  51   50051125    0.000000  130.000000   6   5  51125   0
  52   50051126    0.000000  130.000000   6   5  51126   0
  53   51051126    0.000000  130.000000   6   5  51126   1
  54   50051127    0.000000  120.000000   6   5  51127   0
  55   50051128    0.000000  110.000000   6   5  51128   0
  56   51051128    0.000000  110.000000   6   5  51128   1
  57   50051129    0.000000  110.000000   6   5  51129   0
  58   51051129    0.000000  110.000000   6   5  51129   1
  59   50051130    0.000000  110.000000   6   5  51130   0
  60   51051130    0.000000  110.000000   6   5  51130   1
  61   50051131    0.000000  110.000000   6   5  51131   0
  62   50051132    0.000000  100.000000   6   5  51132   0
  63   51051132    0.000000  100.000000   6   5  51132   1
  64   50051133    0.000000  100.000000   6   5  51133   0
  65   50051134    0.000000  130.000000   6   5  51134   0
  66   51051134    0.000000  130.000000   6   5  51134   1
  67   50051135    0.000000  130.000000   6   5  51135   0
  68   50051136    0.000000  160.000000   6   5  51136   0
  69   50051137    0.000000  170.000000   6   5  51137   0
  70   50052126    0.000000  130.000000   6   5  52126   0
  71   50052127    0.000000  120.000000   6   5  52127   0
  72   51052127    0.000000  120.000000   6   5  52127   1
  73   50052128    0.000000  110.000000   6   5  52128   0
  74   50052129    0.000000  100.000000   6   5  52129   0
  75   51052129    0.000000  100.000000   6   5  52129   1
  76   50052130    0.000000   95.000000   6   5  52130   0
  77   50052131    0.000000   85.000000   6   5  52131   0
  78   51052131    0.000000   85.000000   6   5  52131   1
  79   50052132    0.000000   78.000000   6   5  52132   0
  80   50052133    0.000000   76.000000   6   5  52133   0
  81   51052133    0.000000   76.000000   6   5  52133   1
  82   50052134    0.000000   76.000000   6   5  52134   0
  83   50052135    0.000000   90.000000   6   5  52135   0
  84   50052136    0.000000   95.000000   6   5  52136   0
  85   50052137    0.000000  130.000000   6   5  52137   0
  86   50052138    0.000000  130.000000   6   5  52138   0
  87   50052139    0.000000  170.000000   6   5  52139   0
  88   50052140    0.000000  170.000000   6   5  52140   0
  89   50053127    0.000000  130.000000   6   5  53127   0
  90   50053128    0.000000  120.000000   6   5  53128   0
  91   50053129    0.000000  110.000000   6   5  53129   0
  92   50053130    0.000000  100.000000   6   5  53130   0
  93   51053130    0.000000  100.000000   6   5  53130   1
  94   50053131    0.000000   95.000000   6   5  53131   0
  95   50053132    0.000000   85.000000   6   5  53132   0
  96   50053133    0.000000   78.000000   6   5  53133   0
  97   51053133    0.000000   78.000000   6   5  53133   1
  98   50053134    0.000000   76.000000   6   5  53134   0
  99   50053135    0.000000   76.000000   6   5  53135   0
 100   50053136    0.000000   74.000000   6   5  53136   0
 101   50053137    0.000000   74.000000   6   5  53137   0
 102   50053138    0.000000   80.000000   6   5  53138   0
 103   50053139    0.000000   95.000000   6   5  53139   0
 104   50053140    0.000000  130.000000   6   5  53140   0
 105   50053141    0.000000  130.000000   6   5  53141   0
 106   50053142    0.000000  170.000000   6   5  53142   0
 107   50053143    0.000000  180.000000   6   5  53143   0
 108   50054128    0.000000  130.000000   6   5  54128   0
 109   50054129    0.000000  120.000000   6   5  54129   0
 110   51054129    0.000000  120.000000   6   5  54129   1
 111   50054130    0.000000  110.000000   6   5  54130   0
 112   50054131    0.000000  100.000000   6   5  54131   0
 113   51054131    0.000000  100.000000   6   5  54131   1
 114   50054132    0.000000   90.000000   6   5  54132   0
 115   50054133    0.000000   80.000000   6   5  54133   0
 116   51054133    0.000000   80.000000   6   5  54133   1
 117   50054134    0.000000   70.000000   6   5  54134   0
 118   51054134    0.000000   70.000000   6   5  54134   1
 119   50054135    0.000000   64.000000   6   5  54135   0
 120   51054135    0.000000   64.000000   6   5  54135   1
 121   50054136    0.000000   58.000000   6   5  54136   0
 122   50054137    0.000000   54.000000   6   5  54137   0
 123   50054138    0.000000   50.000000   6   5  54138   0
 124   50054139    0.000000   54.000000   6   5  54139   0
 125   50054140    0.000000   68.000000   6   5  54140   0
 126   50054141    0.000000   78.000000   6   5  54141   0
 127   50054142    0.000000   95.000000   6   5  54142   0
 128   50054143    0.000000  130.000000   6   5  54143   0
 129   50054144    0.000000  140.000000   6   5  54144   0
 130   50054145    0.000000  180.000000   6   5  54145   0
 131   50055129    0.000000  130.000000   6   5  55129   0
 132   50055130    0.000000  120.000000   6   5  55130   0
 133   51055130    0.000000  120.000000   6   5  55130   1
 134   50055131    0.000000  110.000000   6   5  55131   0
 135   50055132    0.000000  100.000000   6   5  55132   0
 136   50055133    0.000000   90.000000   6   5  55133   0
 137   50055134    0.000000   80.000000   6   5  55134   0
 138   51055134    0.000000   80.000000   6   5  55134   1
 139   50055135    0.000000   70.000000   6   5  55135   0
 140   50055136    0.000000   64.000000   6   5  55136   0
 141   51055136    0.000000   64.000000   6   5  55136   1
 142   50055137    0.000000   58.000000   6   5  55137   0
 143   50055138    0.000000   54.000000   6   5  55138   0
 144   51055138    0.000000   54.000000   6   5  55138   1
 145   50055139    0.000000   50.000000   6   5  55139   0
 146   50055140    0.000000   50.000000   6   5  55140   0
 147   50055141    0.000000   50.000000   6   5  55141   0
 148   50055142    0.000000   58.000000   6   5  55142   0
 149   50055143    0.000000   72.000000   6   5  55143   0
 150   50055144    0.000000   85.000000   6   5  55144   0
 151   50055145    0.000000  100.000000   6   5  55145   0
 152   50055146    0.000000  140.000000   6   5  55146   0
 153   50056130    0.000000  140.000000   6   5  56130   0
 154   50056131    0.000000  120.000000   6   5  56131   0
 155   51056131    0.000000  120.000000   6   5  56131   1
 156   50056132    0.000000  110.000000   6   5  56132   0
 157   50056133    0.000000  100.000000   6   5  56133   0
 158   51056133    0.000000  100.000000   6   5  56133   1
 159   50056134    0.000000   90.000000   6   5  56134   0
 160   50056135    0.000000   80.000000   6   5  56135   0
 161   51056135    0.000000   80.000000   6   5  56135   1
 162   50056136    0.000000   68.000000   6   5  56136   0
 163   51056136    0.000000   68.000000   6   5  56136   1
 164   50056137    0.000000   62.000000   6   5  56137   0
 165   51056137    0.000000   62.000000   6   5  56137   1
 166   50056138    0.000000   54.000000   6   5  56138   0
 167   50056139    0.000000   46.000000   6   5  56139   0
 168   50056140    0.000000   40.000000   6   5  56140   0
 169   50056141    0.000000   32.000000   6   5  56141   0
 170   50056142    0.000000   27.000000   6   5  56142   0
 171   50056143    0.000000   40.000000   6   5  56143   0
 172   50056144    0.000000   50.000000   6   5  56144   0
 173   50056145    0.000000   58.000000   6   5  56145   0
 174   50056146    0.000000   72.000000   6   5  56146   0
 175   50056147    0.000000   85.000000   6   5  56147   0
 176   50056148    0.000000  150.000000   6   5  56148   0
 177   50057131    0.000000  140.000000   6   5  57131   0
 178   50057132    0.000000  130.000000   6   5  57132   0
 179   51057132    0.000000  130.000000   6   5  57132   1
 180   50057133    0.000000  110.000000   6   5  57133   0
 181   50057134    0.000000  110.000000   6   5  57134   0
 182   50057135    0.000000   90.000000   6   5  57135   0
 183   50057136    0.000000   85.000000   6   5  57136   0
 184   51057136    0.000000   85.000000   6   5  57136   1
 185   50057137    0.000000   74.000000   6   5  57137   0
 186   50057138    0.000000   64.000000   6   5  57138   0
 187   50057139    0.000000   54.000000   6   5  57139   0
 188   50057140    0.000000   48.000000   6   5  57140   0
 189   50057141    0.000000   42.000000   6   5  57141   0
 190   50057142    0.000000   36.000000   6   5  57142   0
 191   50057143    0.000000   30.000000   6   5  57143   0
 192   50057144    0.000000   30.000000   6   5  57144   0
 193   50057145    0.000000   27.000000   6   5  57145   0
 194   50057146    0.000000   42.000000   6   5  57146   0
 195   51057146    0.000000   42.000000   6   5  57146   1
 196   50057147    0.000000   50.000000   6   5  57147   0
 197   50057148    0.000000   62.000000   6   5  57148   0
 198   50057149    0.000000   85.000000   6   5  57149   0
 199   50058132    0.000000  140.000000   6   5  58132   0
 200   50058133    0.000000  130.000000   6   5  58133   0
 201   51058133    0.000000  130.000000   6   5  58133   1
 202   50058134    0.000000  120.000000   6   5  58134   0
 203   50058135    0.000000  110.000000   6   5  58135   0
 204   51058135    0.000000  110.000000   6   5  58135   1
 205   50058136    0.000000   95.000000   6   5  58136   0
 206   50058137    0.000000   85.000000   6   5  58137   0
 207   51058137    0.000000   85.000000   6   5  58137   1
 208   50058138    0.000000   70.000000   6   5  58138   0
 209   50058139    0.000000   62.000000   6   5  58139   0
 210   51058139    0.000000   62.000000   6   5  58139   1
 211   50058140    0.000000   54.000000   6   5  58140   0
 212   50058141    0.000000   46.000000   6   5  58141   0
 213   50058142    0.000000   38.000000   6   5  58142   0
 214   50058143    0.000000   30.000000   6   5  58143   0
 215   50058144    0.000000   22.000000   6   5  58144   0
 216   50058145    0.000000   16.500000   6   5  58145   0
 217   50058146    0.000000    9.500000   6   5  58146   0
 218   50058147    0.000000   25.000000   6   5  58147   0
 219   50058148    0.000000   27.000000   6   5  58148   0
 220   50058149    0.000000   44.000000   6   5  58149   0
 221   50058150    0.000000   50.000000   6   5  58150   0
 222   50059133    0.000000  150.000000   6   5  59133   0
 223   51059133    0.000000  150.000000   6   5  59133   1
 224   50059134    0.000000  140.000000   6   5  59134   0
 225   51059134    0.000000  140.000000   6   5  59134   1
 226   50059135    0.000000  130.000000   6   5  59135   0
 227   50059136    0.000000  120.000000   6   5  59136   0
 228   50059137    0.000000  110.000000   6   5  59137   0
 229   50059138    0.000000   95.000000   6   5  59138   0
 230   51059138    0.000000   95.000000   6   5  59138   1
 231   50059139    0.000000   80.000000   6   5  59139   0
 232   50059140    0.000000   72.000000   6   5  59140   0
 233   50059141    0.000000   62.000000   6   5  59141   0
 234   50059142    0.000000   54.000000   6   5  59142   0
 235   51059142    0.000000   54.000000   6   5  59142   1
 236   50059143    0.000000   46.000000   6   5  59143   0
 237   50059144    0.000000   40.000000   6   5  59144   0
 238   51059144    0.000000   40.000000   6   5  59144   1
 239   50059145    0.000000   34.000000   6   5  59145   0
 240   50059146    0.000000   27.000000   6   5  59146   0
 241   50059147    0.000000   20.000000   6   5  59147   0
 242   50059148    0.000000   20.000000   6   5  59148   0
 243   51059148    0.000000   20.000000   6   5  59148   1
 244   50059149    0.000000   15.500000   6   5  59149   0
 245   50059150    0.000000   30.000000   6   5  59150   0
 246   50059151    0.000000   32.000000   6   5  59151   0
 247   50060134    0.000000  160.000000   6   5  60134   0
 248   50060135    0.000000  140.000000   6   5  60135   0
 249   50060136    0.000000  130.000000   6   5  60136   0
 250   50060137    0.000000  120.000000   6   5  60137   0
 251   51060137    0.000000  120.000000   6   5  60137   1
 252   50060138    0.000000  110.000000   6   5  60138   0
 253   50060139    0.000000   95.000000   6   5  60139   0
 254   51060139    0.000000   95.000000   6   5  60139   1
 255   50060140    0.000000   80.000000   6   5  60140   0
 256   50060141    0.000000   70.000000   6   5  60141   0
 257   51060141    0.000000   72.000000   6   5  60141   1
 258   50060142    0.000000   62.000000   6   5  60142   0
 259   50060143    0.000000   54.000000   6   5  60143   0
 260   50060144    0.000000   46.000000   6   5  60144   0
 261   50060145    0.000000   38.000000   6   5  60145   0
 262   50060146    0.000000   30.000000   6   5  60146   0
 263   50060147    0.000000   24.000000   6   5  60147   0
 264   50060148    0.000000   16.000000   6   5  60148   0
 265   50060149    0.000000   10.500000   6   5  60149   0
 266   50060150    0.000000    3.000000   6   5  60150   0
 267   50060151    0.000000   18.500000   6   5  60151   0
 268   50060152    0.000000   18.500000   6   5  60152   0
 269   50061135    0.000000  170.000000   6   5  61135   0
 270   51061135    0.000000  170.000000   6   5  61135   1
 271   50061136    0.000000  160.000000   6   5  61136   0
 272   51061136    0.000000  160.000000   6   5  61136   1
 273   50061137    0.000000  140.000000   6   5  61137   0
 274   50061138    0.000000  130.000000   6   5  61138   0
 275   51061138    0.000000  130.000000   6   5  61138   1
 276   50061139    0.000000  120.000000   6   5  61139   0
 277   51061139    0.000000  120.000000   6   5  61139   1
 278   50061140    0.000000  110.000000   6   5  61140   0
 279   51061140    0.000000  110.000000   6   5  61140   1
 280   50061141    0.000000   95.000000   6   5  61141   0
 281   50061142    0.000000   85.000000   6   5  61142   0
 282   50061143    0.000000   74.000000   6   5  61143   0
 283   50061144    0.000000   66.000000   6   5  61144   0
 284   50061145    0.000000   58.000000   6   5  61145   0
 285   50061146    0.000000   52.000000   6   5  61146   0
 286   50061147    0.000000   44.000000   6   5  61147   0
 287   50061148    0.000000   36.000000   6   5  61148   0
 288   51061148    0.000000   38.000000   6   5  61148   1
 289   50061149    0.000000   29.000000   6   5  61149   0
 290   50061150    0.000000   23.000000   6   5  61150   0
 291   50061151    0.000000   15.000000   6   5  61151   0
 292   50061152    0.000000   15.000000   6   5  61152   0
 293   50061153    0.000000    9.500000   6   5  61153   0
 294   50062136    0.000000  170.000000   6   5  62136   0
 295   50062137    0.000000  160.000000   6   5  62137   0
 296   50062138    0.000000  150.000000   6   5  62138   0
 297   50062139    0.000000  140.000000   6   5  62139   0
 298   51062139    0.000000  140.000000   6   5  62139   1
 299   50062140    0.000000  130.000000   6   5  62140   0
 300   50062141    0.000000  120.000000   6   5  62141   0
 301   51062141    0.000000  120.000000   6   5  62141   1
 302   50062142    0.000000  100.000000   6   5  62142   0
 303   50062143    0.000000   90.000000   6   5  62143   0
 304   51062143    0.000000   90.000000   6   5  62143   1
 305   50062144    0.000000   76.000000   6   5  62144   0
 306   50062145    0.000000   70.000000   6   5  62145   0
 307   50062146    0.000000   60.000000   6   5  62146   0
 308   50062147    0.000000   52.000000   6   5  62147   0
 309   50062148    0.000000   44.000000   6   5  62148   0
 310   50062149    0.000000   38.000000   6   5  62149   0
 311   50062150    0.000000   29.000000   6   5  62150   0
 312   50062151    0.000000   23.000000   6   5  62151   0
 313   50062152    0.000000   14.000000   6   5  62152   0
 314   50062153    0.000000    8.000000   6   5  62153   0
 315   50062154    0.000000    1.000000   6   5  62154   0
 
   p   ZAP IP   NR    Tp [MeV]
   1     1  1    1    7.966807
   2     0  2    1    1.000000
   3  1001  9    1    9.096323
   4  1002 31    1   14.336710
   5  1003 32    1   14.500000
   6  2003 33    1   18.500000
   7  2004 34    1    3.000000
--------------------------------------------------------------------------------
 
