 
--------------------------------------------------------------------------------
 62-Sm-144   T= 0.00 K from IAEA/PD-2019       (ACEMAKER)
 ZAID= 62144.38u  MAT=6225  ZA= 62144
 AWR= 142.675700  STA=  0  ELIS=   0.000 MeV  LIS=  0  LISO=  0
--------------------------------------------------------------------------------
 NTOTR= 383 NTRAN=   1 NPROD= 382 NE=     133 EMAX= 200.000 MeV
   i     MT/MTD     Q [MeV]     T [MeV] LMF  MT    ZAP LFS
   1          5    0.000000    1.000000   3   5
   2   50047111    0.000000  130.000000   6   5  47111   0
   3   51047111    0.000000  130.000000   6   5  47111   1
   4   50047112    0.000000  130.000000   6   5  47112   0
   5   50047113    0.000000  130.000000   6   5  47113   0
   6   51047113    0.000000  130.000000   6   5  47113   1
   7   50047114    0.000000  130.000000   6   5  47114   0
   8   50047115    0.000000  130.000000   6   5  47115   0
   9   51047115    0.000000  130.000000   6   5  47115   1
  10   50047116    0.000000  140.000000   6   5  47116   0
  11   51047116    0.000000  140.000000   6   5  47116   1
  12   50047117    0.000000  140.000000   6   5  47117   0
  13   51047117    0.000000  140.000000   6   5  47117   1
  14   50047118    0.000000  160.000000   6   5  47118   0
  15   50047119    0.000000  160.000000   6   5  47119   0
  16   51047119    0.000000  160.000000   6   5  47119   1
  17   50047120    0.000000  190.000000   6   5  47120   0
  18   50047121    0.000000  190.000000   6   5  47121   0
  19   50048112    0.000000  130.000000   6   5  48112   0
  20   50048113    0.000000  120.000000   6   5  48113   0
  21   51048113    0.000000  120.000000   6   5  48113   1
  22   50048114    0.000000  110.000000   6   5  48114   0
  23   50048115    0.000000  110.000000   6   5  48115   0
  24   51048115    0.000000  110.000000   6   5  48115   1
  25   50048116    0.000000  110.000000   6   5  48116   0
  26   50048117    0.000000  120.000000   6   5  48117   0
  27   51048117    0.000000  120.000000   6   5  48117   1
  28   50048118    0.000000  120.000000   6   5  48118   0
  29   50048119    0.000000  140.000000   6   5  48119   0
  30   51048119    0.000000  140.000000   6   5  48119   1
  31   50048120    0.000000  140.000000   6   5  48120   0
  32   50048121    0.000000  160.000000   6   5  48121   0
  33   51048121    0.000000  160.000000   6   5  48121   1
  34   50048122    0.000000  160.000000   6   5  48122   0
  35   50048123    0.000000  190.000000   6   5  48123   0
  36   51048123    0.000000  190.000000   6   5  48123   1
  37   50048124    0.000000  190.000000   6   5  48124   0
  38   50049113    0.000000  130.000000   6   5  49113   0
  39   51049113    0.000000  130.000000   6   5  49113   1
  40   50049114    0.000000  120.000000   6   5  49114   0
  41   51049114    0.000000  120.000000   6   5  49114   1
  42   50049115    0.000000  110.000000   6   5  49115   0
  43   51049115    0.000000  110.000000   6   5  49115   1
  44   50049116    0.000000  110.000000   6   5  49116   0
  45   51049116    0.000000  110.000000   6   5  49116   1
  46   52049116    0.000000  110.000000   6   5  49116   2
  47   50049117    0.000000  110.000000   6   5  49117   0
  48   51049117    0.000000  110.000000   6   5  49117   1
  49   50049118    0.000000  100.000000   6   5  49118   0
  50   51049118    0.000000  100.000000   6   5  49118   1
  51   50049119    0.000000  100.000000   6   5  49119   0
  52   51049119    0.000000  100.000000   6   5  49119   1
  53   50049120    0.000000  120.000000   6   5  49120   0
  54   51049120    0.000000  120.000000   6   5  49120   1
  55   50049121    0.000000  120.000000   6   5  49121   0
  56   51049121    0.000000  120.000000   6   5  49121   1
  57   50049122    0.000000  140.000000   6   5  49122   0
  58   51049122    0.000000  140.000000   6   5  49122   1
  59   50049123    0.000000  140.000000   6   5  49123   0
  60   51049123    0.000000  140.000000   6   5  49123   1
  61   50049124    0.000000  160.000000   6   5  49124   0
  62   50049125    0.000000  160.000000   6   5  49125   0
  63   51049125    0.000000  160.000000   6   5  49125   1
  64   50049126    0.000000  190.000000   6   5  49126   0
  65   51049126    0.000000  190.000000   6   5  49126   1
  66   50050114    0.000000  130.000000   6   5  50114   0
  67   50050115    0.000000  120.000000   6   5  50115   0
  68   50050116    0.000000  110.000000   6   5  50116   0
  69   50050117    0.000000  100.000000   6   5  50117   0
  70   51050117    0.000000  100.000000   6   5  50117   1
  71   50050118    0.000000   90.000000   6   5  50118   0
  72   50050119    0.000000   85.000000   6   5  50119   0
  73   51050119    0.000000   85.000000   6   5  50119   1
  74   50050120    0.000000   85.000000   6   5  50120   0
  75   50050121    0.000000   90.000000   6   5  50121   0
  76   51050121    0.000000   90.000000   6   5  50121   1
  77   50050122    0.000000   95.000000   6   5  50122   0
  78   50050123    0.000000  110.000000   6   5  50123   0
  79   51050123    0.000000  110.000000   6   5  50123   1
  80   50050124    0.000000  110.000000   6   5  50124   0
  81   50050125    0.000000  140.000000   6   5  50125   0
  82   51050125    0.000000  140.000000   6   5  50125   1
  83   50050126    0.000000  140.000000   6   5  50126   0
  84   50050127    0.000000  160.000000   6   5  50127   0
  85   51050127    0.000000  160.000000   6   5  50127   1
  86   50050128    0.000000  170.000000   6   5  50128   0
  87   51050128    0.000000  170.000000   6   5  50128   1
  88   50051115    0.000000  130.000000   6   5  51115   0
  89   50051116    0.000000  120.000000   6   5  51116   0
  90   51051116    0.000000  120.000000   6   5  51116   1
  91   50051117    0.000000  110.000000   6   5  51117   0
  92   50051118    0.000000  100.000000   6   5  51118   0
  93   51051118    0.000000  100.000000   6   5  51118   1
  94   50051119    0.000000   90.000000   6   5  51119   0
  95   50051120    0.000000   85.000000   6   5  51120   0
  96   51051120    0.000000   85.000000   6   5  51120   1
  97   50051121    0.000000   85.000000   6   5  51121   0
  98   50051122    0.000000   80.000000   6   5  51122   0
  99   51051122    0.000000   80.000000   6   5  51122   1
 100   50051123    0.000000   80.000000   6   5  51123   0
 101   50051124    0.000000   80.000000   6   5  51124   0
 102   51051124    0.000000   80.000000   6   5  51124   1
 103   52051124    0.000000   80.000000   6   5  51124   2
 104   50051125    0.000000   90.000000   6   5  51125   0
 105   50051126    0.000000  110.000000   6   5  51126   0
 106   51051126    0.000000  110.000000   6   5  51126   1
 107   50051127    0.000000  110.000000   6   5  51127   0
 108   50051128    0.000000  140.000000   6   5  51128   0
 109   51051128    0.000000  140.000000   6   5  51128   1
 110   50051129    0.000000  140.000000   6   5  51129   0
 111   51051129    0.000000  140.000000   6   5  51129   1
 112   50051130    0.000000  170.000000   6   5  51130   0
 113   51051130    0.000000  170.000000   6   5  51130   1
 114   50051131    0.000000  180.000000   6   5  51131   0
 115   50052116    0.000000  140.000000   6   5  52116   0
 116   50052117    0.000000  130.000000   6   5  52117   0
 117   51052117    0.000000  130.000000   6   5  52117   1
 118   50052118    0.000000  120.000000   6   5  52118   0
 119   50052119    0.000000  110.000000   6   5  52119   0
 120   51052119    0.000000  110.000000   6   5  52119   1
 121   50052120    0.000000   95.000000   6   5  52120   0
 122   50052121    0.000000   85.000000   6   5  52121   0
 123   51052121    0.000000   85.000000   6   5  52121   1
 124   50052122    0.000000   72.000000   6   5  52122   0
 125   50052123    0.000000   64.000000   6   5  52123   0
 126   51052123    0.000000   64.000000   6   5  52123   1
 127   50052124    0.000000   60.000000   6   5  52124   0
 128   50052125    0.000000   62.000000   6   5  52125   0
 129   51052125    0.000000   62.000000   6   5  52125   1
 130   50052126    0.000000   72.000000   6   5  52126   0
 131   50052127    0.000000   76.000000   6   5  52127   0
 132   51052127    0.000000   76.000000   6   5  52127   1
 133   50052128    0.000000   90.000000   6   5  52128   0
 134   50052129    0.000000  110.000000   6   5  52129   0
 135   51052129    0.000000  110.000000   6   5  52129   1
 136   50052130    0.000000  110.000000   6   5  52130   0
 137   50052131    0.000000  140.000000   6   5  52131   0
 138   51052131    0.000000  140.000000   6   5  52131   1
 139   50052132    0.000000  140.000000   6   5  52132   0
 140   50052133    0.000000  180.000000   6   5  52133   0
 141   51052133    0.000000  180.000000   6   5  52133   1
 142   50053117    0.000000  140.000000   6   5  53117   0
 143   50053118    0.000000  130.000000   6   5  53118   0
 144   51053118    0.000000  130.000000   6   5  53118   1
 145   50053119    0.000000  120.000000   6   5  53119   0
 146   50053120    0.000000  110.000000   6   5  53120   0
 147   51053120    0.000000  110.000000   6   5  53120   1
 148   50053121    0.000000   95.000000   6   5  53121   0
 149   50053122    0.000000   85.000000   6   5  53122   0
 150   50053123    0.000000   74.000000   6   5  53123   0
 151   50053124    0.000000   64.000000   6   5  53124   0
 152   50053125    0.000000   60.000000   6   5  53125   0
 153   50053126    0.000000   60.000000   6   5  53126   0
 154   50053127    0.000000   56.000000   6   5  53127   0
 155   50053128    0.000000   60.000000   6   5  53128   0
 156   50053129    0.000000   70.000000   6   5  53129   0
 157   50053130    0.000000   74.000000   6   5  53130   0
 158   51053130    0.000000   74.000000   6   5  53130   1
 159   50053131    0.000000   85.000000   6   5  53131   0
 160   50053132    0.000000  110.000000   6   5  53132   0
 161   50053133    0.000000  110.000000   6   5  53133   0
 162   51053133    0.000000  110.000000   6   5  53133   1
 163   50053134    0.000000  140.000000   6   5  53134   0
 164   50054118    0.000000  150.000000   6   5  54118   0
 165   50054119    0.000000  140.000000   6   5  54119   0
 166   50054120    0.000000  130.000000   6   5  54120   0
 167   50054121    0.000000  110.000000   6   5  54121   0
 168   50054122    0.000000  100.000000   6   5  54122   0
 169   50054123    0.000000   90.000000   6   5  54123   0
 170   50054124    0.000000   76.000000   6   5  54124   0
 171   50054125    0.000000   66.000000   6   5  54125   0
 172   51054125    0.000000   66.000000   6   5  54125   1
 173   50054126    0.000000   56.000000   6   5  54126   0
 174   50054127    0.000000   46.000000   6   5  54127   0
 175   51054127    0.000000   46.000000   6   5  54127   1
 176   50054128    0.000000   38.000000   6   5  54128   0
 177   50054129    0.000000   46.000000   6   5  54129   0
 178   51054129    0.000000   46.000000   6   5  54129   1
 179   50054130    0.000000   52.000000   6   5  54130   0
 180   50054131    0.000000   58.000000   6   5  54131   0
 181   51054131    0.000000   58.000000   6   5  54131   1
 182   50054132    0.000000   68.000000   6   5  54132   0
 183   50054133    0.000000   72.000000   6   5  54133   0
 184   51054133    0.000000   72.000000   6   5  54133   1
 185   50054134    0.000000   85.000000   6   5  54134   0
 186   51054134    0.000000   85.000000   6   5  54134   1
 187   50054135    0.000000  110.000000   6   5  54135   0
 188   51054135    0.000000  110.000000   6   5  54135   1
 189   50055119    0.000000  150.000000   6   5  55119   0
 190   51055119    0.000000  150.000000   6   5  55119   1
 191   50055120    0.000000  140.000000   6   5  55120   0
 192   51055120    0.000000  140.000000   6   5  55120   1
 193   50055121    0.000000  130.000000   6   5  55121   0
 194   51055121    0.000000  130.000000   6   5  55121   1
 195   50055122    0.000000  120.000000   6   5  55122   0
 196   51055122    0.000000  120.000000   6   5  55122   1
 197   52055122    0.000000  120.000000   6   5  55122   2
 198   50055123    0.000000  100.000000   6   5  55123   0
 199   51055123    0.000000  100.000000   6   5  55123   1
 200   50055124    0.000000   90.000000   6   5  55124   0
 201   51055124    0.000000   90.000000   6   5  55124   1
 202   50055125    0.000000   80.000000   6   5  55125   0
 203   50055126    0.000000   72.000000   6   5  55126   0
 204   50055127    0.000000   60.000000   6   5  55127   0
 205   50055128    0.000000   52.000000   6   5  55128   0
 206   50055129    0.000000   42.000000   6   5  55129   0
 207   50055130    0.000000   40.000000   6   5  55130   0
 208   51055130    0.000000   40.000000   6   5  55130   1
 209   50055131    0.000000   34.000000   6   5  55131   0
 210   50055132    0.000000   46.000000   6   5  55132   0
 211   50055133    0.000000   52.000000   6   5  55133   0
 212   50055134    0.000000   58.000000   6   5  55134   0
 213   51055134    0.000000   58.000000   6   5  55134   1
 214   50055135    0.000000   68.000000   6   5  55135   0
 215   50055136    0.000000   74.000000   6   5  55136   0
 216   51055136    0.000000   74.000000   6   5  55136   1
 217   50055137    0.000000  120.000000   6   5  55137   0
 218   50056120    0.000000  170.000000   6   5  56120   0
 219   50056121    0.000000  150.000000   6   5  56121   0
 220   50056122    0.000000  140.000000   6   5  56122   0
 221   50056123    0.000000  130.000000   6   5  56123   0
 222   50056124    0.000000  110.000000   6   5  56124   0
 223   50056125    0.000000   95.000000   6   5  56125   0
 224   50056126    0.000000   85.000000   6   5  56126   0
 225   50056127    0.000000   72.000000   6   5  56127   0
 226   51056127    0.000000   72.000000   6   5  56127   1
 227   50056128    0.000000   62.000000   6   5  56128   0
 228   50056129    0.000000   52.000000   6   5  56129   0
 229   51056129    0.000000   52.000000   6   5  56129   1
 230   50056130    0.000000   40.000000   6   5  56130   0
 231   50056131    0.000000   30.000000   6   5  56131   0
 232   51056131    0.000000   30.000000   6   5  56131   1
 233   50056132    0.000000   21.000000   6   5  56132   0
 234   50056133    0.000000   32.000000   6   5  56133   0
 235   51056133    0.000000   32.000000   6   5  56133   1
 236   50056134    0.000000   34.000000   6   5  56134   0
 237   50056135    0.000000   44.000000   6   5  56135   0
 238   51056135    0.000000   44.000000   6   5  56135   1
 239   50056136    0.000000   50.000000   6   5  56136   0
 240   51056136    0.000000   50.000000   6   5  56136   1
 241   50056137    0.000000   56.000000   6   5  56137   0
 242   51056137    0.000000   56.000000   6   5  56137   1
 243   50056138    0.000000   74.000000   6   5  56138   0
 244   50057121    0.000000  170.000000   6   5  57121   0
 245   50057122    0.000000  160.000000   6   5  57122   0
 246   50057123    0.000000  140.000000   6   5  57123   0
 247   50057124    0.000000  130.000000   6   5  57124   0
 248   51057124    0.000000  130.000000   6   5  57124   1
 249   50057125    0.000000  120.000000   6   5  57125   0
 250   51057125    0.000000  120.000000   6   5  57125   1
 251   50057126    0.000000  110.000000   6   5  57126   0
 252   50057127    0.000000   90.000000   6   5  57127   0
 253   51057127    0.000000   90.000000   6   5  57127   1
 254   50057128    0.000000   80.000000   6   5  57128   0
 255   51057128    0.000000   80.000000   6   5  57128   1
 256   50057129    0.000000   70.000000   6   5  57129   0
 257   51057129    0.000000   70.000000   6   5  57129   1
 258   50057130    0.000000   60.000000   6   5  57130   0
 259   50057131    0.000000   50.000000   6   5  57131   0
 260   50057132    0.000000   42.000000   6   5  57132   0
 261   51057132    0.000000   42.000000   6   5  57132   1
 262   50057133    0.000000   30.000000   6   5  57133   0
 263   50057134    0.000000   28.000000   6   5  57134   0
 264   50057135    0.000000   19.500000   6   5  57135   0
 265   50057136    0.000000   32.000000   6   5  57136   0
 266   51057136    0.000000   32.000000   6   5  57136   1
 267   50057137    0.000000   32.000000   6   5  57137   0
 268   50057138    0.000000   44.000000   6   5  57138   0
 269   50057139    0.000000   50.000000   6   5  57139   0
 270   50058122    0.000000  190.000000   6   5  58122   0
 271   50058123    0.000000  170.000000   6   5  58123   0
 272   50058124    0.000000  150.000000   6   5  58124   0
 273   50058125    0.000000  140.000000   6   5  58125   0
 274   50058126    0.000000  130.000000   6   5  58126   0
 275   50058127    0.000000  110.000000   6   5  58127   0
 276   51058127    0.000000  110.000000   6   5  58127   1
 277   50058128    0.000000   95.000000   6   5  58128   0
 278   50058129    0.000000   85.000000   6   5  58129   0
 279   50058130    0.000000   72.000000   6   5  58130   0
 280   50058131    0.000000   60.000000   6   5  58131   0
 281   51058131    0.000000   60.000000   6   5  58131   1
 282   50058132    0.000000   50.000000   6   5  58132   0
 283   50058133    0.000000   38.000000   6   5  58133   0
 284   51058133    0.000000   38.000000   6   5  58133   1
 285   50058134    0.000000   29.000000   6   5  58134   0
 286   50058135    0.000000   18.000000   6   5  58135   0
 287   51058135    0.000000   18.500000   6   5  58135   1
 288   50058136    0.000000    9.000000   6   5  58136   0
 289   50058137    0.000000   21.000000   6   5  58137   0
 290   51058137    0.000000   21.000000   6   5  58137   1
 291   50058138    0.000000   18.500000   6   5  58138   0
 292   50058139    0.000000   32.000000   6   5  58139   0
 293   51058139    0.000000   32.000000   6   5  58139   1
 294   50058140    0.000000   32.000000   6   5  58140   0
 295   50059123    0.000000  190.000000   6   5  59123   0
 296   50059124    0.000000  180.000000   6   5  59124   0
 297   50059125    0.000000  160.000000   6   5  59125   0
 298   50059126    0.000000  150.000000   6   5  59126   0
 299   50059127    0.000000  140.000000   6   5  59127   0
 300   50059128    0.000000  120.000000   6   5  59128   0
 301   50059129    0.000000  110.000000   6   5  59129   0
 302   50059130    0.000000  100.000000   6   5  59130   0
 303   50059131    0.000000   85.000000   6   5  59131   0
 304   51059131    0.000000   85.000000   6   5  59131   1
 305   50059132    0.000000   74.000000   6   5  59132   0
 306   50059133    0.000000   62.000000   6   5  59133   0
 307   51059133    0.000000   62.000000   6   5  59133   1
 308   50059134    0.000000   52.000000   6   5  59134   0
 309   51059134    0.000000   52.000000   6   5  59134   1
 310   50059135    0.000000   42.000000   6   5  59135   0
 311   50059136    0.000000   32.000000   6   5  59136   0
 312   50059137    0.000000   21.000000   6   5  59137   0
 313   50059138    0.000000   19.000000   6   5  59138   0
 314   51059138    0.000000   19.500000   6   5  59138   1
 315   50059139    0.000000   10.500000   6   5  59139   0
 316   50059140    0.000000   23.000000   6   5  59140   0
 317   50059141    0.000000   21.000000   6   5  59141   0
 318   50060125    0.000000  190.000000   6   5  60125   0
 319   50060126    0.000000  170.000000   6   5  60126   0
 320   50060127    0.000000  150.000000   6   5  60127   0
 321   50060128    0.000000  140.000000   6   5  60128   0
 322   50060129    0.000000  130.000000   6   5  60129   0
 323   50060130    0.000000  110.000000   6   5  60130   0
 324   50060131    0.000000  100.000000   6   5  60131   0
 325   50060132    0.000000   85.000000   6   5  60132   0
 326   50060133    0.000000   74.000000   6   5  60133   0
 327   51060133    0.000000   74.000000   6   5  60133   1
 328   50060134    0.000000   62.000000   6   5  60134   0
 329   50060135    0.000000   52.000000   6   5  60135   0
 330   50060136    0.000000   42.000000   6   5  60136   0
 331   50060137    0.000000   32.000000   6   5  60137   0
 332   51060137    0.000000   32.000000   6   5  60137   1
 333   50060138    0.000000   21.000000   6   5  60138   0
 334   50060139    0.000000   12.500000   6   5  60139   0
 335   51060139    0.000000   12.500000   6   5  60139   1
 336   50060140    0.000000    2.000000   6   5  60140   0
 337   50060141    0.000000   14.000000   6   5  60141   0
 338   51060141    0.000000   15.500000   6   5  60141   1
 339   50060142    0.000000   12.000000   6   5  60142   0
 340   50061127    0.000000  190.000000   6   5  61127   0
 341   50061128    0.000000  180.000000   6   5  61128   0
 342   50061129    0.000000  160.000000   6   5  61129   0
 343   50061130    0.000000  150.000000   6   5  61130   0
 344   50061131    0.000000  130.000000   6   5  61131   0
 345   50061132    0.000000  120.000000   6   5  61132   0
 346   50061133    0.000000  110.000000   6   5  61133   0
 347   51061133    0.000000  110.000000   6   5  61133   1
 348   50061134    0.000000   95.000000   6   5  61134   0
 349   51061134    0.000000   95.000000   6   5  61134   1
 350   50061135    0.000000   80.000000   6   5  61135   0
 351   51061135    0.000000   80.000000   6   5  61135   1
 352   50061136    0.000000   70.000000   6   5  61136   0
 353   51061136    0.000000   70.000000   6   5  61136   1
 354   50061137    0.000000   58.000000   6   5  61137   0
 355   50061138    0.000000   48.000000   6   5  61138   0
 356   51061138    0.000000   48.000000   6   5  61138   1
 357   50061139    0.000000   38.000000   6   5  61139   0
 358   51061139    0.000000   38.000000   6   5  61139   1
 359   50061140    0.000000   28.000000   6   5  61140   0
 360   51061140    0.000000   28.000000   6   5  61140   1
 361   50061141    0.000000   17.000000   6   5  61141   0
 362   50061142    0.000000   14.500000   6   5  61142   0
 363   50061143    0.000000    6.500000   6   5  61143   0
 364   50062129    0.000000  180.000000   6   5  62129   0
 365   50062130    0.000000  170.000000   6   5  62130   0
 366   50062131    0.000000  150.000000   6   5  62131   0
 367   50062132    0.000000  140.000000   6   5  62132   0
 368   50062133    0.000000  130.000000   6   5  62133   0
 369   51062133    0.000000  130.000000   6   5  62133   1
 370   50062134    0.000000  110.000000   6   5  62134   0
 371   50062135    0.000000  100.000000   6   5  62135   0
 372   50062136    0.000000   85.000000   6   5  62136   0
 373   50062137    0.000000   74.000000   6   5  62137   0
 374   50062138    0.000000   62.000000   6   5  62138   0
 375   50062139    0.000000   52.000000   6   5  62139   0
 376   51062139    0.000000   52.000000   6   5  62139   1
 377   50062140    0.000000   40.000000   6   5  62140   0
 378   50062141    0.000000   32.000000   6   5  62141   0
 379   51062141    0.000000   32.000000   6   5  62141   1
 380   50062142    0.000000   19.500000   6   5  62142   0
 381   50062143    0.000000   11.000000   6   5  62143   0
 382   51062143    0.000000   11.500000   6   5  62143   1
 383   50062144    0.000000    1.000000   6   5  62144   0
 
   p   ZAP IP   NR    Tp [MeV]
   1     1  1    1   10.519700
   2     0  2    1    1.000000
   3  1001  9    1    6.500000
   4  1002 31    1   13.959210
   5  1003 32    1   17.000000
   6  2003 33    1   14.000000
   7  2004 34    1    1.000000
--------------------------------------------------------------------------------
 
