 
--------------------------------------------------------------------------------
 62-Sm-151   T= 0.00 K from IAEA/PD-2019       (ACEMAKER)
 ZAID= 62151.38u  MAT=6246  ZA= 62151
 AWR= 149.623500  STA=  1  ELIS=   0.000 MeV  LIS=  0  LISO=  0
--------------------------------------------------------------------------------
 NTOTR= 360 NTRAN=   1 NPROD= 359 NE=     133 EMAX= 200.000 MeV
   i     MT/MTD     Q [MeV]     T [MeV] LMF  MT    ZAP LFS
   1          5    0.000000    1.000000   3   5
   2   50047118    0.000000  150.000000   6   5  47118   0
   3   50047119    0.000000  150.000000   6   5  47119   0
   4   51047119    0.000000  150.000000   6   5  47119   1
   5   50047120    0.000000  140.000000   6   5  47120   0
   6   50047121    0.000000  140.000000   6   5  47121   0
   7   50047122    0.000000  140.000000   6   5  47122   0
   8   51047122    0.000000  140.000000   6   5  47122   1
   9   50047123    0.000000  140.000000   6   5  47123   0
  10   50047124    0.000000  170.000000   6   5  47124   0
  11   50047125    0.000000  170.000000   6   5  47125   0
  12   50048119    0.000000  130.000000   6   5  48119   0
  13   51048119    0.000000  130.000000   6   5  48119   1
  14   50048120    0.000000  130.000000   6   5  48120   0
  15   50048121    0.000000  120.000000   6   5  48121   0
  16   51048121    0.000000  120.000000   6   5  48121   1
  17   50048122    0.000000  120.000000   6   5  48122   0
  18   50048123    0.000000  120.000000   6   5  48123   0
  19   51048123    0.000000  120.000000   6   5  48123   1
  20   50048124    0.000000  120.000000   6   5  48124   0
  21   50048125    0.000000  140.000000   6   5  48125   0
  22   51048125    0.000000  140.000000   6   5  48125   1
  23   50048126    0.000000  140.000000   6   5  48126   0
  24   50048127    0.000000  170.000000   6   5  48127   0
  25   50048128    0.000000  170.000000   6   5  48128   0
  26   50049120    0.000000  130.000000   6   5  49120   0
  27   51049120    0.000000  130.000000   6   5  49120   1
  28   50049121    0.000000  130.000000   6   5  49121   0
  29   51049121    0.000000  130.000000   6   5  49121   1
  30   50049122    0.000000  120.000000   6   5  49122   0
  31   51049122    0.000000  120.000000   6   5  49122   1
  32   50049123    0.000000  120.000000   6   5  49123   0
  33   51049123    0.000000  120.000000   6   5  49123   1
  34   50049124    0.000000  120.000000   6   5  49124   0
  35   50049125    0.000000  110.000000   6   5  49125   0
  36   51049125    0.000000  110.000000   6   5  49125   1
  37   50049126    0.000000  110.000000   6   5  49126   0
  38   51049126    0.000000  110.000000   6   5  49126   1
  39   50049127    0.000000  110.000000   6   5  49127   0
  40   51049127    0.000000  110.000000   6   5  49127   1
  41   52049127    0.000000  110.000000   6   5  49127   2
  42   50049128    0.000000  140.000000   6   5  49128   0
  43   50049129    0.000000  140.000000   6   5  49129   0
  44   51049129    0.000000  140.000000   6   5  49129   1
  45   50049130    0.000000  170.000000   6   5  49130   0
  46   51049130    0.000000  170.000000   6   5  49130   1
  47   50049131    0.000000  180.000000   6   5  49131   0
  48   51049131    0.000000  180.000000   6   5  49131   1
  49   50050121    0.000000  130.000000   6   5  50121   0
  50   51050121    0.000000  130.000000   6   5  50121   1
  51   50050122    0.000000  120.000000   6   5  50122   0
  52   50050123    0.000000  110.000000   6   5  50123   0
  53   51050123    0.000000  110.000000   6   5  50123   1
  54   50050124    0.000000  100.000000   6   5  50124   0
  55   50050125    0.000000   95.000000   6   5  50125   0
  56   51050125    0.000000   95.000000   6   5  50125   1
  57   50050126    0.000000   90.000000   6   5  50126   0
  58   50050127    0.000000   85.000000   6   5  50127   0
  59   51050127    0.000000   85.000000   6   5  50127   1
  60   50050128    0.000000   85.000000   6   5  50128   0
  61   51050128    0.000000   85.000000   6   5  50128   1
  62   50050129    0.000000  110.000000   6   5  50129   0
  63   51050129    0.000000  110.000000   6   5  50129   1
  64   50050130    0.000000  110.000000   6   5  50130   0
  65   51050130    0.000000  110.000000   6   5  50130   1
  66   50050131    0.000000  140.000000   6   5  50131   0
  67   51050131    0.000000  140.000000   6   5  50131   1
  68   50050132    0.000000  140.000000   6   5  50132   0
  69   50050133    0.000000  180.000000   6   5  50133   0
  70   50050134    0.000000  180.000000   6   5  50134   0
  71   50051122    0.000000  130.000000   6   5  51122   0
  72   51051122    0.000000  130.000000   6   5  51122   1
  73   50051123    0.000000  120.000000   6   5  51123   0
  74   50051124    0.000000  110.000000   6   5  51124   0
  75   51051124    0.000000  110.000000   6   5  51124   1
  76   52051124    0.000000  110.000000   6   5  51124   2
  77   50051125    0.000000  100.000000   6   5  51125   0
  78   50051126    0.000000   95.000000   6   5  51126   0
  79   51051126    0.000000   95.000000   6   5  51126   1
  80   50051127    0.000000   90.000000   6   5  51127   0
  81   50051128    0.000000   85.000000   6   5  51128   0
  82   51051128    0.000000   85.000000   6   5  51128   1
  83   50051129    0.000000   85.000000   6   5  51129   0
  84   51051129    0.000000   85.000000   6   5  51129   1
  85   50051130    0.000000   78.000000   6   5  51130   0
  86   51051130    0.000000   78.000000   6   5  51130   1
  87   50051131    0.000000   78.000000   6   5  51131   0
  88   50051132    0.000000  110.000000   6   5  51132   0
  89   51051132    0.000000  110.000000   6   5  51132   1
  90   50051133    0.000000  110.000000   6   5  51133   0
  91   50051134    0.000000  140.000000   6   5  51134   0
  92   51051134    0.000000  140.000000   6   5  51134   1
  93   50051135    0.000000  150.000000   6   5  51135   0
  94   50051136    0.000000  180.000000   6   5  51136   0
  95   50051137    0.000000  190.000000   6   5  51137   0
  96   50052123    0.000000  130.000000   6   5  52123   0
  97   51052123    0.000000  130.000000   6   5  52123   1
  98   50052124    0.000000  120.000000   6   5  52124   0
  99   50052125    0.000000  110.000000   6   5  52125   0
 100   51052125    0.000000  110.000000   6   5  52125   1
 101   50052126    0.000000  100.000000   6   5  52126   0
 102   50052127    0.000000   90.000000   6   5  52127   0
 103   51052127    0.000000   90.000000   6   5  52127   1
 104   50052128    0.000000   78.000000   6   5  52128   0
 105   50052129    0.000000   72.000000   6   5  52129   0
 106   51052129    0.000000   72.000000   6   5  52129   1
 107   50052130    0.000000   64.000000   6   5  52130   0
 108   50052131    0.000000   60.000000   6   5  52131   0
 109   51052131    0.000000   60.000000   6   5  52131   1
 110   50052132    0.000000   60.000000   6   5  52132   0
 111   50052133    0.000000   78.000000   6   5  52133   0
 112   51052133    0.000000   78.000000   6   5  52133   1
 113   50052134    0.000000   80.000000   6   5  52134   0
 114   50052135    0.000000  110.000000   6   5  52135   0
 115   50052136    0.000000  110.000000   6   5  52136   0
 116   50052137    0.000000  150.000000   6   5  52137   0
 117   50052138    0.000000  150.000000   6   5  52138   0
 118   50052139    0.000000  190.000000   6   5  52139   0
 119   50053124    0.000000  130.000000   6   5  53124   0
 120   50053125    0.000000  120.000000   6   5  53125   0
 121   50053126    0.000000  110.000000   6   5  53126   0
 122   50053127    0.000000  100.000000   6   5  53127   0
 123   50053128    0.000000   90.000000   6   5  53128   0
 124   50053129    0.000000   78.000000   6   5  53129   0
 125   50053130    0.000000   72.000000   6   5  53130   0
 126   51053130    0.000000   72.000000   6   5  53130   1
 127   50053131    0.000000   64.000000   6   5  53131   0
 128   50053132    0.000000   60.000000   6   5  53132   0
 129   50053133    0.000000   60.000000   6   5  53133   0
 130   51053133    0.000000   60.000000   6   5  53133   1
 131   50053134    0.000000   58.000000   6   5  53134   0
 132   50053135    0.000000   58.000000   6   5  53135   0
 133   50053136    0.000000   80.000000   6   5  53136   0
 134   50053137    0.000000   85.000000   6   5  53137   0
 135   50053138    0.000000  110.000000   6   5  53138   0
 136   50053139    0.000000  120.000000   6   5  53139   0
 137   50053140    0.000000  150.000000   6   5  53140   0
 138   50053141    0.000000  160.000000   6   5  53141   0
 139   50054125    0.000000  130.000000   6   5  54125   0
 140   51054125    0.000000  130.000000   6   5  54125   1
 141   50054126    0.000000  120.000000   6   5  54126   0
 142   50054127    0.000000  110.000000   6   5  54127   0
 143   51054127    0.000000  110.000000   6   5  54127   1
 144   50054128    0.000000  100.000000   6   5  54128   0
 145   50054129    0.000000   90.000000   6   5  54129   0
 146   51054129    0.000000   90.000000   6   5  54129   1
 147   50054130    0.000000   78.000000   6   5  54130   0
 148   50054131    0.000000   70.000000   6   5  54131   0
 149   51054131    0.000000   70.000000   6   5  54131   1
 150   50054132    0.000000   60.000000   6   5  54132   0
 151   50054133    0.000000   52.000000   6   5  54133   0
 152   51054133    0.000000   52.000000   6   5  54133   1
 153   50054134    0.000000   44.000000   6   5  54134   0
 154   51054134    0.000000   44.000000   6   5  54134   1
 155   50054135    0.000000   38.000000   6   5  54135   0
 156   51054135    0.000000   38.000000   6   5  54135   1
 157   50054136    0.000000   42.000000   6   5  54136   0
 158   50054137    0.000000   58.000000   6   5  54137   0
 159   50054138    0.000000   62.000000   6   5  54138   0
 160   50054139    0.000000   85.000000   6   5  54139   0
 161   50054140    0.000000   90.000000   6   5  54140   0
 162   50054141    0.000000  120.000000   6   5  54141   0
 163   50054142    0.000000  130.000000   6   5  54142   0
 164   50054143    0.000000  160.000000   6   5  54143   0
 165   50055126    0.000000  130.000000   6   5  55126   0
 166   50055127    0.000000  120.000000   6   5  55127   0
 167   50055128    0.000000  110.000000   6   5  55128   0
 168   50055129    0.000000  100.000000   6   5  55129   0
 169   50055130    0.000000   90.000000   6   5  55130   0
 170   51055130    0.000000   90.000000   6   5  55130   1
 171   50055131    0.000000   80.000000   6   5  55131   0
 172   50055132    0.000000   72.000000   6   5  55132   0
 173   50055133    0.000000   62.000000   6   5  55133   0
 174   50055134    0.000000   54.000000   6   5  55134   0
 175   51055134    0.000000   54.000000   6   5  55134   1
 176   50055135    0.000000   44.000000   6   5  55135   0
 177   50055136    0.000000   38.000000   6   5  55136   0
 178   51055136    0.000000   38.000000   6   5  55136   1
 179   50055137    0.000000   38.000000   6   5  55137   0
 180   50055138    0.000000   38.000000   6   5  55138   0
 181   51055138    0.000000   38.000000   6   5  55138   1
 182   50055139    0.000000   46.000000   6   5  55139   0
 183   50055140    0.000000   60.000000   6   5  55140   0
 184   50055141    0.000000   66.000000   6   5  55141   0
 185   50055142    0.000000   90.000000   6   5  55142   0
 186   50055143    0.000000   95.000000   6   5  55143   0
 187   50055144    0.000000  130.000000   6   5  55144   0
 188   50056127    0.000000  140.000000   6   5  56127   0
 189   51056127    0.000000  140.000000   6   5  56127   1
 190   50056128    0.000000  130.000000   6   5  56128   0
 191   50056129    0.000000  120.000000   6   5  56129   0
 192   51056129    0.000000  120.000000   6   5  56129   1
 193   50056130    0.000000  110.000000   6   5  56130   0
 194   50056131    0.000000   90.000000   6   5  56131   0
 195   51056131    0.000000   90.000000   6   5  56131   1
 196   50056132    0.000000   85.000000   6   5  56132   0
 197   50056133    0.000000   72.000000   6   5  56133   0
 198   51056133    0.000000   72.000000   6   5  56133   1
 199   50056134    0.000000   62.000000   6   5  56134   0
 200   50056135    0.000000   52.000000   6   5  56135   0
 201   51056135    0.000000   52.000000   6   5  56135   1
 202   50056136    0.000000   42.000000   6   5  56136   0
 203   51056136    0.000000   42.000000   6   5  56136   1
 204   50056137    0.000000   34.000000   6   5  56137   0
 205   51056137    0.000000   34.000000   6   5  56137   1
 206   50056138    0.000000   26.000000   6   5  56138   0
 207   50056139    0.000000   19.500000   6   5  56139   0
 208   50056140    0.000000   30.000000   6   5  56140   0
 209   50056141    0.000000   40.000000   6   5  56141   0
 210   50056142    0.000000   48.000000   6   5  56142   0
 211   50056143    0.000000   62.000000   6   5  56143   0
 212   50056144    0.000000   66.000000   6   5  56144   0
 213   50056145    0.000000   95.000000   6   5  56145   0
 214   50057128    0.000000  140.000000   6   5  57128   0
 215   51057128    0.000000  140.000000   6   5  57128   1
 216   50057129    0.000000  130.000000   6   5  57129   0
 217   51057129    0.000000  130.000000   6   5  57129   1
 218   50057130    0.000000  120.000000   6   5  57130   0
 219   50057131    0.000000  110.000000   6   5  57131   0
 220   50057132    0.000000   95.000000   6   5  57132   0
 221   51057132    0.000000   95.000000   6   5  57132   1
 222   50057133    0.000000   85.000000   6   5  57133   0
 223   50057134    0.000000   78.000000   6   5  57134   0
 224   50057135    0.000000   66.000000   6   5  57135   0
 225   50057136    0.000000   58.000000   6   5  57136   0
 226   51057136    0.000000   58.000000   6   5  57136   1
 227   50057137    0.000000   46.000000   6   5  57137   0
 228   50057138    0.000000   40.000000   6   5  57138   0
 229   50057139    0.000000   30.000000   6   5  57139   0
 230   50057140    0.000000   24.000000   6   5  57140   0
 231   50057141    0.000000   24.000000   6   5  57141   0
 232   50057142    0.000000   19.500000   6   5  57142   0
 233   50057143    0.000000   34.000000   6   5  57143   0
 234   50057144    0.000000   40.000000   6   5  57144   0
 235   50057145    0.000000   52.000000   6   5  57145   0
 236   50057146    0.000000   66.000000   6   5  57146   0
 237   51057146    0.000000   66.000000   6   5  57146   1
 238   50058129    0.000000  150.000000   6   5  58129   0
 239   50058130    0.000000  140.000000   6   5  58130   0
 240   50058131    0.000000  130.000000   6   5  58131   0
 241   51058131    0.000000  130.000000   6   5  58131   1
 242   50058132    0.000000  110.000000   6   5  58132   0
 243   50058133    0.000000  100.000000   6   5  58133   0
 244   51058133    0.000000  100.000000   6   5  58133   1
 245   50058134    0.000000   90.000000   6   5  58134   0
 246   50058135    0.000000   76.000000   6   5  58135   0
 247   51058135    0.000000   76.000000   6   5  58135   1
 248   50058136    0.000000   66.000000   6   5  58136   0
 249   50058137    0.000000   56.000000   6   5  58137   0
 250   51058137    0.000000   56.000000   6   5  58137   1
 251   50058138    0.000000   44.000000   6   5  58138   0
 252   50058139    0.000000   36.000000   6   5  58139   0
 253   51058139    0.000000   36.000000   6   5  58139   1
 254   50058140    0.000000   28.000000   6   5  58140   0
 255   50058141    0.000000   19.500000   6   5  58141   0
 256   50058142    0.000000   12.000000   6   5  58142   0
 257   50058143    0.000000    6.000000   6   5  58143   0
 258   50058144    0.000000   19.500000   6   5  58144   0
 259   50058145    0.000000   22.000000   6   5  58145   0
 260   50058146    0.000000   36.000000   6   5  58146   0
 261   50058147    0.000000   44.000000   6   5  58147   0
 262   50059130    0.000000  160.000000   6   5  59130   0
 263   50059131    0.000000  150.000000   6   5  59131   0
 264   51059131    0.000000  150.000000   6   5  59131   1
 265   50059132    0.000000  130.000000   6   5  59132   0
 266   50059133    0.000000  120.000000   6   5  59133   0
 267   51059133    0.000000  120.000000   6   5  59133   1
 268   50059134    0.000000  110.000000   6   5  59134   0
 269   51059134    0.000000  110.000000   6   5  59134   1
 270   50059135    0.000000  100.000000   6   5  59135   0
 271   50059136    0.000000   90.000000   6   5  59136   0
 272   50059137    0.000000   76.000000   6   5  59137   0
 273   50059138    0.000000   66.000000   6   5  59138   0
 274   51059138    0.000000   66.000000   6   5  59138   1
 275   50059139    0.000000   56.000000   6   5  59139   0
 276   50059140    0.000000   48.000000   6   5  59140   0
 277   50059141    0.000000   38.000000   6   5  59141   0
 278   50059142    0.000000   30.000000   6   5  59142   0
 279   51059142    0.000000   30.000000   6   5  59142   1
 280   50059143    0.000000   23.000000   6   5  59143   0
 281   50059144    0.000000   16.500000   6   5  59144   0
 282   51059144    0.000000   16.500000   6   5  59144   1
 283   50059145    0.000000   15.000000   6   5  59145   0
 284   50059146    0.000000   11.500000   6   5  59146   0
 285   50059147    0.000000   25.000000   6   5  59147   0
 286   50059148    0.000000   28.000000   6   5  59148   0
 287   51059148    0.000000   28.000000   6   5  59148   1
 288   50060131    0.000000  160.000000   6   5  60131   0
 289   50060132    0.000000  150.000000   6   5  60132   0
 290   50060133    0.000000  140.000000   6   5  60133   0
 291   51060133    0.000000  140.000000   6   5  60133   1
 292   50060134    0.000000  130.000000   6   5  60134   0
 293   50060135    0.000000  110.000000   6   5  60135   0
 294   50060136    0.000000  100.000000   6   5  60136   0
 295   50060137    0.000000   90.000000   6   5  60137   0
 296   51060137    0.000000   90.000000   6   5  60137   1
 297   50060138    0.000000   76.000000   6   5  60138   0
 298   50060139    0.000000   66.000000   6   5  60139   0
 299   51060139    0.000000   66.000000   6   5  60139   1
 300   50060140    0.000000   56.000000   6   5  60140   0
 301   50060141    0.000000   46.000000   6   5  60141   0
 302   51060141    0.000000   46.000000   6   5  60141   1
 303   50060142    0.000000   36.000000   6   5  60142   0
 304   50060143    0.000000   28.000000   6   5  60143   0
 305   50060144    0.000000   19.500000   6   5  60144   0
 306   50060145    0.000000   14.000000   6   5  60145   0
 307   50060146    0.000000    6.000000   6   5  60146   0
 308   50060147    0.000000    1.000000   6   5  60147   0
 309   50060148    0.000000   14.000000   6   5  60148   0
 310   50060149    0.000000   16.500000   6   5  60149   0
 311   50061132    0.000000  180.000000   6   5  61132   0
 312   50061133    0.000000  170.000000   6   5  61133   0
 313   51061133    0.000000  170.000000   6   5  61133   1
 314   50061134    0.000000  160.000000   6   5  61134   0
 315   51061134    0.000000  160.000000   6   5  61134   1
 316   50061135    0.000000  140.000000   6   5  61135   0
 317   51061135    0.000000  140.000000   6   5  61135   1
 318   50061136    0.000000  130.000000   6   5  61136   0
 319   51061136    0.000000  130.000000   6   5  61136   1
 320   50061137    0.000000  120.000000   6   5  61137   0
 321   50061138    0.000000  110.000000   6   5  61138   0
 322   51061138    0.000000  110.000000   6   5  61138   1
 323   50061139    0.000000   95.000000   6   5  61139   0
 324   51061139    0.000000   95.000000   6   5  61139   1
 325   50061140    0.000000   85.000000   6   5  61140   0
 326   51061140    0.000000   85.000000   6   5  61140   1
 327   50061141    0.000000   70.000000   6   5  61141   0
 328   50061142    0.000000   60.000000   6   5  61142   0
 329   50061143    0.000000   50.000000   6   5  61143   0
 330   50061144    0.000000   42.000000   6   5  61144   0
 331   50061145    0.000000   34.000000   6   5  61145   0
 332   50061146    0.000000   28.000000   6   5  61146   0
 333   50061147    0.000000   19.500000   6   5  61147   0
 334   50061148    0.000000   13.500000   6   5  61148   0
 335   51061148    0.000000   13.500000   6   5  61148   1
 336   50061149    0.000000   12.500000   6   5  61149   0
 337   50061150    0.000000    8.500000   6   5  61150   0
 338   50062133    0.000000  190.000000   6   5  62133   0
 339   51062133    0.000000  190.000000   6   5  62133   1
 340   50062134    0.000000  170.000000   6   5  62134   0
 341   50062135    0.000000  160.000000   6   5  62135   0
 342   50062136    0.000000  150.000000   6   5  62136   0
 343   50062137    0.000000  130.000000   6   5  62137   0
 344   50062138    0.000000  120.000000   6   5  62138   0
 345   50062139    0.000000  110.000000   6   5  62139   0
 346   51062139    0.000000  110.000000   6   5  62139   1
 347   50062140    0.000000   95.000000   6   5  62140   0
 348   50062141    0.000000   85.000000   6   5  62141   0
 349   51062141    0.000000   85.000000   6   5  62141   1
 350   50062142    0.000000   74.000000   6   5  62142   0
 351   50062143    0.000000   64.000000   6   5  62143   0
 352   51062143    0.000000   64.000000   6   5  62143   1
 353   50062144    0.000000   52.000000   6   5  62144   0
 354   50062145    0.000000   44.000000   6   5  62145   0
 355   50062146    0.000000   36.000000   6   5  62146   0
 356   50062147    0.000000   29.000000   6   5  62147   0
 357   50062148    0.000000   20.000000   6   5  62148   0
 358   50062149    0.000000   14.000000   6   5  62149   0
 359   50062150    0.000000    6.000000   6   5  62150   0
 360   50062151    0.000000    1.000000   6   5  62151   0
 
   p   ZAP IP   NR    Tp [MeV]
   1     1  1    1    5.596457
   2     0  2    1    1.000000
   3  1001  9    1    8.500000
   4  1002 31    1   12.000000
   5  1003 32    1   13.000000
   6  2003 33    1   14.000000
   7  2004 34    1    1.000000
--------------------------------------------------------------------------------
 
