 
--------------------------------------------------------------------------------
 62-Sm-147   T= 0.00 K from IAEA/PD-2019       (ACEMAKER)
 ZAID= 62147.38u  MAT=6234  ZA= 62147
 AWR= 145.652800  STA=  0  ELIS=   0.000 MeV  LIS=  0  LISO=  0
--------------------------------------------------------------------------------
 NTOTR= 389 NTRAN=   1 NPROD= 388 NE=     130 EMAX= 200.000 MeV
   i     MT/MTD     Q [MeV]     T [MeV] LMF  MT    ZAP LFS
   1          5    0.000000    1.000000   3   5
   2   50047114    0.000000  140.000000   6   5  47114   0
   3   50047115    0.000000  130.000000   6   5  47115   0
   4   51047115    0.000000  130.000000   6   5  47115   1
   5   50047116    0.000000  130.000000   6   5  47116   0
   6   51047116    0.000000  130.000000   6   5  47116   1
   7   50047117    0.000000  130.000000   6   5  47117   0
   8   51047117    0.000000  130.000000   6   5  47117   1
   9   50047118    0.000000  130.000000   6   5  47118   0
  10   50047119    0.000000  130.000000   6   5  47119   0
  11   51047119    0.000000  130.000000   6   5  47119   1
  12   50047120    0.000000  150.000000   6   5  47120   0
  13   50047121    0.000000  150.000000   6   5  47121   0
  14   50047122    0.000000  180.000000   6   5  47122   0
  15   51047122    0.000000  180.000000   6   5  47122   1
  16   50047123    0.000000  180.000000   6   5  47123   0
  17   50048115    0.000000  130.000000   6   5  48115   0
  18   51048115    0.000000  130.000000   6   5  48115   1
  19   50048116    0.000000  120.000000   6   5  48116   0
  20   50048117    0.000000  110.000000   6   5  48117   0
  21   51048117    0.000000  110.000000   6   5  48117   1
  22   50048118    0.000000  110.000000   6   5  48118   0
  23   50048119    0.000000  100.000000   6   5  48119   0
  24   51048119    0.000000  100.000000   6   5  48119   1
  25   50048120    0.000000  100.000000   6   5  48120   0
  26   50048121    0.000000  120.000000   6   5  48121   0
  27   51048121    0.000000  120.000000   6   5  48121   1
  28   50048122    0.000000  120.000000   6   5  48122   0
  29   50048123    0.000000  150.000000   6   5  48123   0
  30   51048123    0.000000  150.000000   6   5  48123   1
  31   50048124    0.000000  150.000000   6   5  48124   0
  32   50048125    0.000000  180.000000   6   5  48125   0
  33   51048125    0.000000  180.000000   6   5  48125   1
  34   50048126    0.000000  180.000000   6   5  48126   0
  35   50049116    0.000000  130.000000   6   5  49116   0
  36   51049116    0.000000  130.000000   6   5  49116   1
  37   52049116    0.000000  130.000000   6   5  49116   2
  38   50049117    0.000000  120.000000   6   5  49117   0
  39   51049117    0.000000  120.000000   6   5  49117   1
  40   50049118    0.000000  110.000000   6   5  49118   0
  41   51049118    0.000000  110.000000   6   5  49118   1
  42   50049119    0.000000  110.000000   6   5  49119   0
  43   51049119    0.000000  110.000000   6   5  49119   1
  44   50049120    0.000000  100.000000   6   5  49120   0
  45   51049120    0.000000  100.000000   6   5  49120   1
  46   50049121    0.000000  100.000000   6   5  49121   0
  47   51049121    0.000000  100.000000   6   5  49121   1
  48   50049122    0.000000  100.000000   6   5  49122   0
  49   51049122    0.000000  100.000000   6   5  49122   1
  50   50049123    0.000000  100.000000   6   5  49123   0
  51   51049123    0.000000  100.000000   6   5  49123   1
  52   50049124    0.000000  120.000000   6   5  49124   0
  53   50049125    0.000000  120.000000   6   5  49125   0
  54   51049125    0.000000  120.000000   6   5  49125   1
  55   50049126    0.000000  150.000000   6   5  49126   0
  56   51049126    0.000000  150.000000   6   5  49126   1
  57   50049127    0.000000  150.000000   6   5  49127   0
  58   51049127    0.000000  150.000000   6   5  49127   1
  59   52049127    0.000000  150.000000   6   5  49127   2
  60   50049128    0.000000  180.000000   6   5  49128   0
  61   50049129    0.000000  190.000000   6   5  49129   0
  62   51049129    0.000000  190.000000   6   5  49129   1
  63   50050117    0.000000  130.000000   6   5  50117   0
  64   51050117    0.000000  130.000000   6   5  50117   1
  65   50050118    0.000000  120.000000   6   5  50118   0
  66   50050119    0.000000  110.000000   6   5  50119   0
  67   51050119    0.000000  110.000000   6   5  50119   1
  68   50050120    0.000000  100.000000   6   5  50120   0
  69   50050121    0.000000   90.000000   6   5  50121   0
  70   51050121    0.000000   90.000000   6   5  50121   1
  71   50050122    0.000000   85.000000   6   5  50122   0
  72   50050123    0.000000   78.000000   6   5  50123   0
  73   51050123    0.000000   78.000000   6   5  50123   1
  74   50050124    0.000000   78.000000   6   5  50124   0
  75   50050125    0.000000   95.000000   6   5  50125   0
  76   51050125    0.000000   95.000000   6   5  50125   1
  77   50050126    0.000000   95.000000   6   5  50126   0
  78   50050127    0.000000  120.000000   6   5  50127   0
  79   51050127    0.000000  120.000000   6   5  50127   1
  80   50050128    0.000000  120.000000   6   5  50128   0
  81   51050128    0.000000  120.000000   6   5  50128   1
  82   50050129    0.000000  150.000000   6   5  50129   0
  83   51050129    0.000000  150.000000   6   5  50129   1
  84   50050130    0.000000  150.000000   6   5  50130   0
  85   51050130    0.000000  150.000000   6   5  50130   1
  86   50050131    0.000000  190.000000   6   5  50131   0
  87   51050131    0.000000  190.000000   6   5  50131   1
  88   50050132    0.000000  190.000000   6   5  50132   0
  89   50051118    0.000000  130.000000   6   5  51118   0
  90   51051118    0.000000  130.000000   6   5  51118   1
  91   50051119    0.000000  120.000000   6   5  51119   0
  92   50051120    0.000000  110.000000   6   5  51120   0
  93   51051120    0.000000  110.000000   6   5  51120   1
  94   50051121    0.000000  100.000000   6   5  51121   0
  95   50051122    0.000000   90.000000   6   5  51122   0
  96   51051122    0.000000   90.000000   6   5  51122   1
  97   50051123    0.000000   85.000000   6   5  51123   0
  98   50051124    0.000000   78.000000   6   5  51124   0
  99   51051124    0.000000   78.000000   6   5  51124   1
 100   52051124    0.000000   78.000000   6   5  51124   2
 101   50051125    0.000000   78.000000   6   5  51125   0
 102   50051126    0.000000   74.000000   6   5  51126   0
 103   51051126    0.000000   74.000000   6   5  51126   1
 104   50051127    0.000000   74.000000   6   5  51127   0
 105   50051128    0.000000   90.000000   6   5  51128   0
 106   51051128    0.000000   90.000000   6   5  51128   1
 107   50051129    0.000000   90.000000   6   5  51129   0
 108   51051129    0.000000   90.000000   6   5  51129   1
 109   50051130    0.000000  120.000000   6   5  51130   0
 110   51051130    0.000000  120.000000   6   5  51130   1
 111   50051131    0.000000  120.000000   6   5  51131   0
 112   50051132    0.000000  150.000000   6   5  51132   0
 113   51051132    0.000000  150.000000   6   5  51132   1
 114   50051133    0.000000  160.000000   6   5  51133   0
 115   50051134    0.000000  190.000000   6   5  51134   0
 116   51051134    0.000000  190.000000   6   5  51134   1
 117   50052119    0.000000  140.000000   6   5  52119   0
 118   51052119    0.000000  140.000000   6   5  52119   1
 119   50052120    0.000000  120.000000   6   5  52120   0
 120   50052121    0.000000  110.000000   6   5  52121   0
 121   51052121    0.000000  110.000000   6   5  52121   1
 122   50052122    0.000000  100.000000   6   5  52122   0
 123   50052123    0.000000   90.000000   6   5  52123   0
 124   51052123    0.000000   90.000000   6   5  52123   1
 125   50052124    0.000000   80.000000   6   5  52124   0
 126   50052125    0.000000   70.000000   6   5  52125   0
 127   51052125    0.000000   70.000000   6   5  52125   1
 128   50052126    0.000000   62.000000   6   5  52126   0
 129   50052127    0.000000   56.000000   6   5  52127   0
 130   51052127    0.000000   56.000000   6   5  52127   1
 131   50052128    0.000000   58.000000   6   5  52128   0
 132   50052129    0.000000   72.000000   6   5  52129   0
 133   51052129    0.000000   72.000000   6   5  52129   1
 134   50052130    0.000000   72.000000   6   5  52130   0
 135   50052131    0.000000   90.000000   6   5  52131   0
 136   51052131    0.000000   90.000000   6   5  52131   1
 137   50052132    0.000000   95.000000   6   5  52132   0
 138   50052133    0.000000  120.000000   6   5  52133   0
 139   51052133    0.000000  120.000000   6   5  52133   1
 140   50052134    0.000000  130.000000   6   5  52134   0
 141   50052135    0.000000  160.000000   6   5  52135   0
 142   50052136    0.000000  170.000000   6   5  52136   0
 143   50053120    0.000000  140.000000   6   5  53120   0
 144   51053120    0.000000  140.000000   6   5  53120   1
 145   50053121    0.000000  120.000000   6   5  53121   0
 146   50053122    0.000000  110.000000   6   5  53122   0
 147   50053123    0.000000  100.000000   6   5  53123   0
 148   50053124    0.000000   90.000000   6   5  53124   0
 149   50053125    0.000000   80.000000   6   5  53125   0
 150   50053126    0.000000   72.000000   6   5  53126   0
 151   50053127    0.000000   62.000000   6   5  53127   0
 152   50053128    0.000000   56.000000   6   5  53128   0
 153   50053129    0.000000   56.000000   6   5  53129   0
 154   50053130    0.000000   54.000000   6   5  53130   0
 155   51053130    0.000000   54.000000   6   5  53130   1
 156   50053131    0.000000   58.000000   6   5  53131   0
 157   50053132    0.000000   70.000000   6   5  53132   0
 158   50053133    0.000000   72.000000   6   5  53133   0
 159   51053133    0.000000   74.000000   6   5  53133   1
 160   50053134    0.000000   95.000000   6   5  53134   0
 161   50053135    0.000000   95.000000   6   5  53135   0
 162   50053136    0.000000  130.000000   6   5  53136   0
 163   50053137    0.000000  140.000000   6   5  53137   0
 164   50053138    0.000000  170.000000   6   5  53138   0
 165   50054121    0.000000  140.000000   6   5  54121   0
 166   50054122    0.000000  130.000000   6   5  54122   0
 167   50054123    0.000000  120.000000   6   5  54123   0
 168   50054124    0.000000  110.000000   6   5  54124   0
 169   50054125    0.000000   95.000000   6   5  54125   0
 170   51054125    0.000000   95.000000   6   5  54125   1
 171   50054126    0.000000   85.000000   6   5  54126   0
 172   50054127    0.000000   72.000000   6   5  54127   0
 173   51054127    0.000000   72.000000   6   5  54127   1
 174   50054128    0.000000   62.000000   6   5  54128   0
 175   50054129    0.000000   54.000000   6   5  54129   0
 176   51054129    0.000000   54.000000   6   5  54129   1
 177   50054130    0.000000   44.000000   6   5  54130   0
 178   50054131    0.000000   38.000000   6   5  54131   0
 179   51054131    0.000000   38.000000   6   5  54131   1
 180   50054132    0.000000   42.000000   6   5  54132   0
 181   50054133    0.000000   52.000000   6   5  54133   0
 182   51054133    0.000000   52.000000   6   5  54133   1
 183   50054134    0.000000   54.000000   6   5  54134   0
 184   51054134    0.000000   56.000000   6   5  54134   1
 185   50054135    0.000000   70.000000   6   5  54135   0
 186   51054135    0.000000   70.000000   6   5  54135   1
 187   50054136    0.000000   72.000000   6   5  54136   0
 188   50054137    0.000000   95.000000   6   5  54137   0
 189   50054138    0.000000  100.000000   6   5  54138   0
 190   50054139    0.000000  140.000000   6   5  54139   0
 191   50055122    0.000000  140.000000   6   5  55122   0
 192   51055122    0.000000  140.000000   6   5  55122   1
 193   52055122    0.000000  140.000000   6   5  55122   2
 194   50055123    0.000000  130.000000   6   5  55123   0
 195   51055123    0.000000  130.000000   6   5  55123   1
 196   50055124    0.000000  120.000000   6   5  55124   0
 197   51055124    0.000000  120.000000   6   5  55124   1
 198   50055125    0.000000  110.000000   6   5  55125   0
 199   50055126    0.000000   95.000000   6   5  55126   0
 200   50055127    0.000000   85.000000   6   5  55127   0
 201   50055128    0.000000   78.000000   6   5  55128   0
 202   50055129    0.000000   66.000000   6   5  55129   0
 203   50055130    0.000000   58.000000   6   5  55130   0
 204   51055130    0.000000   58.000000   6   5  55130   1
 205   50055131    0.000000   48.000000   6   5  55131   0
 206   50055132    0.000000   40.000000   6   5  55132   0
 207   50055133    0.000000   38.000000   6   5  55133   0
 208   50055134    0.000000   34.000000   6   5  55134   0
 209   51055134    0.000000   34.000000   6   5  55134   1
 210   50055135    0.000000   42.000000   6   5  55135   0
 211   50055136    0.000000   52.000000   6   5  55136   0
 212   51055136    0.000000   52.000000   6   5  55136   1
 213   50055137    0.000000   54.000000   6   5  55137   0
 214   50055138    0.000000   72.000000   6   5  55138   0
 215   51055138    0.000000   72.000000   6   5  55138   1
 216   50055139    0.000000   76.000000   6   5  55139   0
 217   50055140    0.000000  100.000000   6   5  55140   0
 218   50056123    0.000000  150.000000   6   5  56123   0
 219   50056124    0.000000  140.000000   6   5  56124   0
 220   50056125    0.000000  130.000000   6   5  56125   0
 221   50056126    0.000000  120.000000   6   5  56126   0
 222   50056127    0.000000  100.000000   6   5  56127   0
 223   51056127    0.000000  100.000000   6   5  56127   1
 224   50056128    0.000000   90.000000   6   5  56128   0
 225   50056129    0.000000   78.000000   6   5  56129   0
 226   51056129    0.000000   78.000000   6   5  56129   1
 227   50056130    0.000000   66.000000   6   5  56130   0
 228   50056131    0.000000   56.000000   6   5  56131   0
 229   51056131    0.000000   56.000000   6   5  56131   1
 230   50056132    0.000000   48.000000   6   5  56132   0
 231   50056133    0.000000   38.000000   6   5  56133   0
 232   51056133    0.000000   38.000000   6   5  56133   1
 233   50056134    0.000000   27.000000   6   5  56134   0
 234   50056135    0.000000   17.000000   6   5  56135   0
 235   51056135    0.000000   17.000000   6   5  56135   1
 236   50056136    0.000000   28.000000   6   5  56136   0
 237   51056136    0.000000   30.000000   6   5  56136   1
 238   50056137    0.000000   34.000000   6   5  56137   0
 239   51056137    0.000000   34.000000   6   5  56137   1
 240   50056138    0.000000   40.000000   6   5  56138   0
 241   50056139    0.000000   52.000000   6   5  56139   0
 242   50056140    0.000000   58.000000   6   5  56140   0
 243   50056141    0.000000   76.000000   6   5  56141   0
 244   50057124    0.000000  160.000000   6   5  57124   0
 245   51057124    0.000000  160.000000   6   5  57124   1
 246   50057125    0.000000  140.000000   6   5  57125   0
 247   51057125    0.000000  140.000000   6   5  57125   1
 248   50057126    0.000000  130.000000   6   5  57126   0
 249   50057127    0.000000  120.000000   6   5  57127   0
 250   51057127    0.000000  120.000000   6   5  57127   1
 251   50057128    0.000000  110.000000   6   5  57128   0
 252   51057128    0.000000  110.000000   6   5  57128   1
 253   50057129    0.000000   95.000000   6   5  57129   0
 254   51057129    0.000000   95.000000   6   5  57129   1
 255   50057130    0.000000   85.000000   6   5  57130   0
 256   50057131    0.000000   74.000000   6   5  57131   0
 257   50057132    0.000000   66.000000   6   5  57132   0
 258   51057132    0.000000   66.000000   6   5  57132   1
 259   50057133    0.000000   54.000000   6   5  57133   0
 260   50057134    0.000000   46.000000   6   5  57134   0
 261   50057135    0.000000   36.000000   6   5  57135   0
 262   50057136    0.000000   27.000000   6   5  57136   0
 263   51057136    0.000000   27.000000   6   5  57136   1
 264   50057137    0.000000   22.000000   6   5  57137   0
 265   50057138    0.000000   16.500000   6   5  57138   0
 266   50057139    0.000000   29.000000   6   5  57139   0
 267   50057140    0.000000   34.000000   6   5  57140   0
 268   50057141    0.000000   46.000000   6   5  57141   0
 269   50057142    0.000000   54.000000   6   5  57142   0
 270   50058125    0.000000  170.000000   6   5  58125   0
 271   50058126    0.000000  150.000000   6   5  58126   0
 272   50058127    0.000000  140.000000   6   5  58127   0
 273   51058127    0.000000  140.000000   6   5  58127   1
 274   50058128    0.000000  130.000000   6   5  58128   0
 275   50058129    0.000000  110.000000   6   5  58129   0
 276   50058130    0.000000  100.000000   6   5  58130   0
 277   50058131    0.000000   90.000000   6   5  58131   0
 278   51058131    0.000000   90.000000   6   5  58131   1
 279   50058132    0.000000   76.000000   6   5  58132   0
 280   50058133    0.000000   64.000000   6   5  58133   0
 281   51058133    0.000000   64.000000   6   5  58133   1
 282   50058134    0.000000   54.000000   6   5  58134   0
 283   50058135    0.000000   44.000000   6   5  58135   0
 284   51058135    0.000000   44.000000   6   5  58135   1
 285   50058136    0.000000   34.000000   6   5  58136   0
 286   50058137    0.000000   23.000000   6   5  58137   0
 287   51058137    0.000000   23.000000   6   5  58137   1
 288   50058138    0.000000   12.500000   6   5  58138   0
 289   50058139    0.000000    5.500000   6   5  58139   0
 290   51058139    0.000000    5.500000   6   5  58139   1
 291   50058140    0.000000   17.000000   6   5  58140   0
 292   50058141    0.000000   18.500000   6   5  58141   0
 293   50058142    0.000000   32.000000   6   5  58142   0
 294   50058143    0.000000   36.000000   6   5  58143   0
 295   50059126    0.000000  180.000000   6   5  59126   0
 296   50059127    0.000000  160.000000   6   5  59127   0
 297   50059128    0.000000  150.000000   6   5  59128   0
 298   50059129    0.000000  140.000000   6   5  59129   0
 299   50059130    0.000000  130.000000   6   5  59130   0
 300   50059131    0.000000  110.000000   6   5  59131   0
 301   51059131    0.000000  110.000000   6   5  59131   1
 302   50059132    0.000000  100.000000   6   5  59132   0
 303   50059133    0.000000   85.000000   6   5  59133   0
 304   51059133    0.000000   85.000000   6   5  59133   1
 305   50059134    0.000000   76.000000   6   5  59134   0
 306   51059134    0.000000   76.000000   6   5  59134   1
 307   50059135    0.000000   64.000000   6   5  59135   0
 308   50059136    0.000000   56.000000   6   5  59136   0
 309   50059137    0.000000   44.000000   6   5  59137   0
 310   50059138    0.000000   36.000000   6   5  59138   0
 311   51059138    0.000000   36.000000   6   5  59138   1
 312   50059139    0.000000   25.000000   6   5  59139   0
 313   50059140    0.000000   17.000000   6   5  59140   0
 314   50059141    0.000000   14.000000   6   5  59141   0
 315   50059142    0.000000    9.000000   6   5  59142   0
 316   51059142    0.000000    9.000000   6   5  59142   1
 317   50059143    0.000000   22.000000   6   5  59143   0
 318   50059144    0.000000   24.000000   6   5  59144   0
 319   51059144    0.000000   24.000000   6   5  59144   1
 320   50060127    0.000000  180.000000   6   5  60127   0
 321   50060128    0.000000  170.000000   6   5  60128   0
 322   50060129    0.000000  160.000000   6   5  60129   0
 323   50060130    0.000000  140.000000   6   5  60130   0
 324   50060131    0.000000  130.000000   6   5  60131   0
 325   50060132    0.000000  110.000000   6   5  60132   0
 326   50060133    0.000000  100.000000   6   5  60133   0
 327   51060133    0.000000  100.000000   6   5  60133   1
 328   50060134    0.000000   90.000000   6   5  60134   0
 329   50060135    0.000000   76.000000   6   5  60135   0
 330   50060136    0.000000   64.000000   6   5  60136   0
 331   50060137    0.000000   56.000000   6   5  60137   0
 332   51060137    0.000000   56.000000   6   5  60137   1
 333   50060138    0.000000   44.000000   6   5  60138   0
 334   50060139    0.000000   36.000000   6   5  60139   0
 335   51060139    0.000000   36.000000   6   5  60139   1
 336   50060140    0.000000   24.000000   6   5  60140   0
 337   50060141    0.000000   15.500000   6   5  60141   0
 338   51060141    0.000000   16.500000   6   5  60141   1
 339   50060142    0.000000    5.500000   6   5  60142   0
 340   50060143    0.000000    1.000000   6   5  60143   0
 341   50060144    0.000000   12.000000   6   5  60144   0
 342   50060145    0.000000   13.500000   6   5  60145   0
 343   50061129    0.000000  190.000000   6   5  61129   0
 344   50061130    0.000000  170.000000   6   5  61130   0
 345   50061131    0.000000  160.000000   6   5  61131   0
 346   50061132    0.000000  150.000000   6   5  61132   0
 347   50061133    0.000000  130.000000   6   5  61133   0
 348   51061133    0.000000  130.000000   6   5  61133   1
 349   50061134    0.000000  120.000000   6   5  61134   0
 350   51061134    0.000000  120.000000   6   5  61134   1
 351   50061135    0.000000  110.000000   6   5  61135   0
 352   51061135    0.000000  110.000000   6   5  61135   1
 353   50061136    0.000000   95.000000   6   5  61136   0
 354   51061136    0.000000   95.000000   6   5  61136   1
 355   50061137    0.000000   85.000000   6   5  61137   0
 356   50061138    0.000000   72.000000   6   5  61138   0
 357   51061138    0.000000   72.000000   6   5  61138   1
 358   50061139    0.000000   60.000000   6   5  61139   0
 359   51061139    0.000000   60.000000   6   5  61139   1
 360   50061140    0.000000   52.000000   6   5  61140   0
 361   51061140    0.000000   52.000000   6   5  61140   1
 362   50061141    0.000000   40.000000   6   5  61141   0
 363   50061142    0.000000   30.000000   6   5  61142   0
 364   50061143    0.000000   20.000000   6   5  61143   0
 365   50061144    0.000000   13.500000   6   5  61144   0
 366   50061145    0.000000   11.500000   6   5  61145   0
 367   50061146    0.000000    7.500000   6   5  61146   0
 368   50062130    0.000000  190.000000   6   5  62130   0
 369   50062131    0.000000  180.000000   6   5  62131   0
 370   50062132    0.000000  170.000000   6   5  62132   0
 371   50062133    0.000000  150.000000   6   5  62133   0
 372   51062133    0.000000  150.000000   6   5  62133   1
 373   50062134    0.000000  140.000000   6   5  62134   0
 374   50062135    0.000000  130.000000   6   5  62135   0
 375   50062136    0.000000  110.000000   6   5  62136   0
 376   50062137    0.000000  100.000000   6   5  62137   0
 377   50062138    0.000000   85.000000   6   5  62138   0
 378   50062139    0.000000   76.000000   6   5  62139   0
 379   51062139    0.000000   76.000000   6   5  62139   1
 380   50062140    0.000000   64.000000   6   5  62140   0
 381   50062141    0.000000   54.000000   6   5  62141   0
 382   51062141    0.000000   54.000000   6   5  62141   1
 383   50062142    0.000000   42.000000   6   5  62142   0
 384   50062143    0.000000   34.000000   6   5  62143   0
 385   51062143    0.000000   34.000000   6   5  62143   1
 386   50062144    0.000000   22.000000   6   5  62144   0
 387   50062145    0.000000   15.000000   6   5  62145   0
 388   50062146    0.000000    6.500000   6   5  62146   0
 389   50062147    0.000000    1.000000   6   5  62147   0
 
   p   ZAP IP   NR    Tp [MeV]
   1     1  1    1    5.500000
   2     0  2    1    1.000000
   3  1001  9    1    7.000000
   4  1002 31    1   11.500000
   5  1003 32    1   13.500000
   6  2003 33    1   12.000000
   7  2004 34    1    1.000000
--------------------------------------------------------------------------------
 
