 
--------------------------------------------------------------------------------
 64-Gd-157   T= 0.00 K from IAEA/PD-2019       (ACEMAKER)
 ZAID= 64157.38u  MAT=6440  ZA= 64157
 AWR= 155.575900  STA=  0  ELIS=   0.000 MeV  LIS=  0  LISO=  0
--------------------------------------------------------------------------------
 NTOTR= 339 NTRAN=   1 NPROD= 338 NE=     129 EMAX= 200.000 MeV
   i     MT/MTD     Q [MeV]     T [MeV] LMF  MT    ZAP LFS
   1          5    0.000000    1.000000   3   5
   2   50049124    0.000000  150.000000   6   5  49124   0
   3   50049125    0.000000  150.000000   6   5  49125   0
   4   51049125    0.000000  150.000000   6   5  49125   1
   5   50049126    0.000000  150.000000   6   5  49126   0
   6   51049126    0.000000  150.000000   6   5  49126   1
   7   50049127    0.000000  150.000000   6   5  49127   0
   8   51049127    0.000000  150.000000   6   5  49127   1
   9   52049127    0.000000  150.000000   6   5  49127   2
  10   50049128    0.000000  150.000000   6   5  49128   0
  11   50049129    0.000000  150.000000   6   5  49129   0
  12   51049129    0.000000  150.000000   6   5  49129   1
  13   50049130    0.000000  180.000000   6   5  49130   0
  14   51049130    0.000000  180.000000   6   5  49130   1
  15   50049131    0.000000  180.000000   6   5  49131   0
  16   51049131    0.000000  180.000000   6   5  49131   1
  17   50050125    0.000000  130.000000   6   5  50125   0
  18   51050125    0.000000  130.000000   6   5  50125   1
  19   50050126    0.000000  130.000000   6   5  50126   0
  20   50050127    0.000000  120.000000   6   5  50127   0
  21   51050127    0.000000  120.000000   6   5  50127   1
  22   50050128    0.000000  120.000000   6   5  50128   0
  23   51050128    0.000000  120.000000   6   5  50128   1
  24   50050129    0.000000  120.000000   6   5  50129   0
  25   51050129    0.000000  120.000000   6   5  50129   1
  26   50050130    0.000000  120.000000   6   5  50130   0
  27   51050130    0.000000  120.000000   6   5  50130   1
  28   50050131    0.000000  150.000000   6   5  50131   0
  29   51050131    0.000000  150.000000   6   5  50131   1
  30   50050132    0.000000  150.000000   6   5  50132   0
  31   50050133    0.000000  180.000000   6   5  50133   0
  32   50050134    0.000000  180.000000   6   5  50134   0
  33   50051126    0.000000  130.000000   6   5  51126   0
  34   51051126    0.000000  130.000000   6   5  51126   1
  35   50051127    0.000000  130.000000   6   5  51127   0
  36   50051128    0.000000  120.000000   6   5  51128   0
  37   51051128    0.000000  120.000000   6   5  51128   1
  38   50051129    0.000000  120.000000   6   5  51129   0
  39   51051129    0.000000  120.000000   6   5  51129   1
  40   50051130    0.000000  120.000000   6   5  51130   0
  41   51051130    0.000000  120.000000   6   5  51130   1
  42   50051131    0.000000  120.000000   6   5  51131   0
  43   50051132    0.000000  120.000000   6   5  51132   0
  44   51051132    0.000000  120.000000   6   5  51132   1
  45   50051133    0.000000  120.000000   6   5  51133   0
  46   50051134    0.000000  150.000000   6   5  51134   0
  47   51051134    0.000000  150.000000   6   5  51134   1
  48   50051135    0.000000  150.000000   6   5  51135   0
  49   50051136    0.000000  180.000000   6   5  51136   0
  50   50051137    0.000000  190.000000   6   5  51137   0
  51   50052127    0.000000  130.000000   6   5  52127   0
  52   51052127    0.000000  130.000000   6   5  52127   1
  53   50052128    0.000000  120.000000   6   5  52128   0
  54   50052129    0.000000  110.000000   6   5  52129   0
  55   51052129    0.000000  110.000000   6   5  52129   1
  56   50052130    0.000000  100.000000   6   5  52130   0
  57   50052131    0.000000   95.000000   6   5  52131   0
  58   51052131    0.000000   95.000000   6   5  52131   1
  59   50052132    0.000000   90.000000   6   5  52132   0
  60   50052133    0.000000   90.000000   6   5  52133   0
  61   51052133    0.000000   90.000000   6   5  52133   1
  62   50052134    0.000000   90.000000   6   5  52134   0
  63   50052135    0.000000  120.000000   6   5  52135   0
  64   50052136    0.000000  120.000000   6   5  52136   0
  65   50052137    0.000000  150.000000   6   5  52137   0
  66   50052138    0.000000  150.000000   6   5  52138   0
  67   50052139    0.000000  190.000000   6   5  52139   0
  68   50052140    0.000000  190.000000   6   5  52140   0
  69   50053128    0.000000  130.000000   6   5  53128   0
  70   50053129    0.000000  120.000000   6   5  53129   0
  71   50053130    0.000000  110.000000   6   5  53130   0
  72   51053130    0.000000  110.000000   6   5  53130   1
  73   50053131    0.000000  100.000000   6   5  53131   0
  74   50053132    0.000000   95.000000   6   5  53132   0
  75   50053133    0.000000   90.000000   6   5  53133   0
  76   51053133    0.000000   90.000000   6   5  53133   1
  77   50053134    0.000000   90.000000   6   5  53134   0
  78   50053135    0.000000   90.000000   6   5  53135   0
  79   50053136    0.000000   90.000000   6   5  53136   0
  80   50053137    0.000000   90.000000   6   5  53137   0
  81   50053138    0.000000  120.000000   6   5  53138   0
  82   50053139    0.000000  120.000000   6   5  53139   0
  83   50053140    0.000000  150.000000   6   5  53140   0
  84   50053141    0.000000  160.000000   6   5  53141   0
  85   50053142    0.000000  190.000000   6   5  53142   0
  86   50054129    0.000000  130.000000   6   5  54129   0
  87   51054129    0.000000  130.000000   6   5  54129   1
  88   50054130    0.000000  120.000000   6   5  54130   0
  89   50054131    0.000000  110.000000   6   5  54131   0
  90   51054131    0.000000  110.000000   6   5  54131   1
  91   50054132    0.000000   95.000000   6   5  54132   0
  92   50054133    0.000000   90.000000   6   5  54133   0
  93   51054133    0.000000   90.000000   6   5  54133   1
  94   50054134    0.000000   78.000000   6   5  54134   0
  95   51054134    0.000000   78.000000   6   5  54134   1
  96   50054135    0.000000   72.000000   6   5  54135   0
  97   51054135    0.000000   72.000000   6   5  54135   1
  98   50054136    0.000000   68.000000   6   5  54136   0
  99   50054137    0.000000   66.000000   6   5  54137   0
 100   50054138    0.000000   66.000000   6   5  54138   0
 101   50054139    0.000000   90.000000   6   5  54139   0
 102   50054140    0.000000   90.000000   6   5  54140   0
 103   50054141    0.000000  120.000000   6   5  54141   0
 104   50054142    0.000000  120.000000   6   5  54142   0
 105   50054143    0.000000  160.000000   6   5  54143   0
 106   50054144    0.000000  160.000000   6   5  54144   0
 107   50055130    0.000000  130.000000   6   5  55130   0
 108   51055130    0.000000  130.000000   6   5  55130   1
 109   50055131    0.000000  120.000000   6   5  55131   0
 110   50055132    0.000000  110.000000   6   5  55132   0
 111   50055133    0.000000   95.000000   6   5  55133   0
 112   50055134    0.000000   90.000000   6   5  55134   0
 113   51055134    0.000000   90.000000   6   5  55134   1
 114   50055135    0.000000   78.000000   6   5  55135   0
 115   50055136    0.000000   72.000000   6   5  55136   0
 116   51055136    0.000000   72.000000   6   5  55136   1
 117   50055137    0.000000   68.000000   6   5  55137   0
 118   50055138    0.000000   66.000000   6   5  55138   0
 119   51055138    0.000000   66.000000   6   5  55138   1
 120   50055139    0.000000   66.000000   6   5  55139   0
 121   50055140    0.000000   66.000000   6   5  55140   0
 122   50055141    0.000000   66.000000   6   5  55141   0
 123   50055142    0.000000   90.000000   6   5  55142   0
 124   50055143    0.000000   95.000000   6   5  55143   0
 125   50055144    0.000000  120.000000   6   5  55144   0
 126   50055145    0.000000  130.000000   6   5  55145   0
 127   50055146    0.000000  160.000000   6   5  55146   0
 128   50055147    0.000000  170.000000   6   5  55147   0
 129   50056131    0.000000  130.000000   6   5  56131   0
 130   51056131    0.000000  130.000000   6   5  56131   1
 131   50056132    0.000000  120.000000   6   5  56132   0
 132   50056133    0.000000  110.000000   6   5  56133   0
 133   51056133    0.000000  110.000000   6   5  56133   1
 134   50056134    0.000000   95.000000   6   5  56134   0
 135   50056135    0.000000   85.000000   6   5  56135   0
 136   51056135    0.000000   85.000000   6   5  56135   1
 137   50056136    0.000000   76.000000   6   5  56136   0
 138   51056136    0.000000   76.000000   6   5  56136   1
 139   50056137    0.000000   68.000000   6   5  56137   0
 140   51056137    0.000000   68.000000   6   5  56137   1
 141   50056138    0.000000   62.000000   6   5  56138   0
 142   50056139    0.000000   54.000000   6   5  56139   0
 143   50056140    0.000000   48.000000   6   5  56140   0
 144   50056141    0.000000   44.000000   6   5  56141   0
 145   50056142    0.000000   48.000000   6   5  56142   0
 146   50056143    0.000000   66.000000   6   5  56143   0
 147   50056144    0.000000   68.000000   6   5  56144   0
 148   50056145    0.000000   95.000000   6   5  56145   0
 149   50056146    0.000000   95.000000   6   5  56146   0
 150   50056147    0.000000  130.000000   6   5  56147   0
 151   50056148    0.000000  130.000000   6   5  56148   0
 152   50056149    0.000000  170.000000   6   5  56149   0
 153   50057132    0.000000  130.000000   6   5  57132   0
 154   51057132    0.000000  130.000000   6   5  57132   1
 155   50057133    0.000000  120.000000   6   5  57133   0
 156   50057134    0.000000  110.000000   6   5  57134   0
 157   50057135    0.000000   95.000000   6   5  57135   0
 158   50057136    0.000000   85.000000   6   5  57136   0
 159   51057136    0.000000   85.000000   6   5  57136   1
 160   50057137    0.000000   78.000000   6   5  57137   0
 161   50057138    0.000000   70.000000   6   5  57138   0
 162   50057139    0.000000   62.000000   6   5  57139   0
 163   50057140    0.000000   54.000000   6   5  57140   0
 164   50057141    0.000000   48.000000   6   5  57141   0
 165   50057142    0.000000   44.000000   6   5  57142   0
 166   50057143    0.000000   44.000000   6   5  57143   0
 167   50057144    0.000000   44.000000   6   5  57144   0
 168   50057145    0.000000   52.000000   6   5  57145   0
 169   50057146    0.000000   66.000000   6   5  57146   0
 170   51057146    0.000000   66.000000   6   5  57146   1
 171   50057147    0.000000   70.000000   6   5  57147   0
 172   50057148    0.000000   95.000000   6   5  57148   0
 173   50057149    0.000000  100.000000   6   5  57149   0
 174   50057150    0.000000  130.000000   6   5  57150   0
 175   50058133    0.000000  140.000000   6   5  58133   0
 176   51058133    0.000000  140.000000   6   5  58133   1
 177   50058134    0.000000  130.000000   6   5  58134   0
 178   50058135    0.000000  110.000000   6   5  58135   0
 179   51058135    0.000000  110.000000   6   5  58135   1
 180   50058136    0.000000  100.000000   6   5  58136   0
 181   50058137    0.000000   90.000000   6   5  58137   0
 182   51058137    0.000000   90.000000   6   5  58137   1
 183   50058138    0.000000   78.000000   6   5  58138   0
 184   50058139    0.000000   68.000000   6   5  58139   0
 185   51058139    0.000000   68.000000   6   5  58139   1
 186   50058140    0.000000   60.000000   6   5  58140   0
 187   50058141    0.000000   52.000000   6   5  58141   0
 188   50058142    0.000000   44.000000   6   5  58142   0
 189   50058143    0.000000   38.000000   6   5  58143   0
 190   50058144    0.000000   30.000000   6   5  58144   0
 191   50058145    0.000000   24.000000   6   5  58145   0
 192   50058146    0.000000   36.000000   6   5  58146   0
 193   50058147    0.000000   44.000000   6   5  58147   0
 194   50058148    0.000000   54.000000   6   5  58148   0
 195   50058149    0.000000   66.000000   6   5  58149   0
 196   50058150    0.000000   72.000000   6   5  58150   0
 197   50058151    0.000000  100.000000   6   5  58151   0
 198   50059134    0.000000  140.000000   6   5  59134   0
 199   51059134    0.000000  140.000000   6   5  59134   1
 200   50059135    0.000000  130.000000   6   5  59135   0
 201   50059136    0.000000  120.000000   6   5  59136   0
 202   50059137    0.000000  110.000000   6   5  59137   0
 203   50059138    0.000000   95.000000   6   5  59138   0
 204   51059138    0.000000   95.000000   6   5  59138   1
 205   50059139    0.000000   85.000000   6   5  59139   0
 206   50059140    0.000000   74.000000   6   5  59140   0
 207   50059141    0.000000   64.000000   6   5  59141   0
 208   50059142    0.000000   56.000000   6   5  59142   0
 209   51059142    0.000000   58.000000   6   5  59142   1
 210   50059143    0.000000   50.000000   6   5  59143   0
 211   50059144    0.000000   42.000000   6   5  59144   0
 212   51059144    0.000000   42.000000   6   5  59144   1
 213   50059145    0.000000   36.000000   6   5  59145   0
 214   50059146    0.000000   30.000000   6   5  59146   0
 215   50059147    0.000000   29.000000   6   5  59147   0
 216   50059148    0.000000   24.000000   6   5  59148   0
 217   51059148    0.000000   24.000000   6   5  59148   1
 218   50059149    0.000000   38.000000   6   5  59149   0
 219   50059150    0.000000   44.000000   6   5  59150   0
 220   50059151    0.000000   56.000000   6   5  59151   0
 221   50059152    0.000000   68.000000   6   5  59152   0
 222   50060135    0.000000  150.000000   6   5  60135   0
 223   50060136    0.000000  130.000000   6   5  60136   0
 224   50060137    0.000000  120.000000   6   5  60137   0
 225   51060137    0.000000  120.000000   6   5  60137   1
 226   50060138    0.000000  110.000000   6   5  60138   0
 227   50060139    0.000000   95.000000   6   5  60139   0
 228   51060139    0.000000   95.000000   6   5  60139   1
 229   50060140    0.000000   85.000000   6   5  60140   0
 230   50060141    0.000000   74.000000   6   5  60141   0
 231   51060141    0.000000   74.000000   6   5  60141   1
 232   50060142    0.000000   64.000000   6   5  60142   0
 233   50060143    0.000000   56.000000   6   5  60143   0
 234   50060144    0.000000   46.000000   6   5  60144   0
 235   50060145    0.000000   38.000000   6   5  60145   0
 236   50060146    0.000000   32.000000   6   5  60146   0
 237   50060147    0.000000   23.000000   6   5  60147   0
 238   50060148    0.000000   14.500000   6   5  60148   0
 239   50060149    0.000000    9.500000   6   5  60149   0
 240   50060150    0.000000   22.000000   6   5  60150   0
 241   50060151    0.000000   25.000000   6   5  60151   0
 242   50060152    0.000000   38.000000   6   5  60152   0
 243   50060153    0.000000   44.000000   6   5  60153   0
 244   50061136    0.000000  160.000000   6   5  61136   0
 245   51061136    0.000000  160.000000   6   5  61136   1
 246   50061137    0.000000  140.000000   6   5  61137   0
 247   50061138    0.000000  130.000000   6   5  61138   0
 248   51061138    0.000000  130.000000   6   5  61138   1
 249   50061139    0.000000  120.000000   6   5  61139   0
 250   51061139    0.000000  120.000000   6   5  61139   1
 251   50061140    0.000000  110.000000   6   5  61140   0
 252   51061140    0.000000  110.000000   6   5  61140   1
 253   50061141    0.000000   95.000000   6   5  61141   0
 254   50061142    0.000000   85.000000   6   5  61142   0
 255   50061143    0.000000   72.000000   6   5  61143   0
 256   50061144    0.000000   64.000000   6   5  61144   0
 257   50061145    0.000000   56.000000   6   5  61145   0
 258   50061146    0.000000   48.000000   6   5  61146   0
 259   50061147    0.000000   40.000000   6   5  61147   0
 260   50061148    0.000000   34.000000   6   5  61148   0
 261   51061148    0.000000   34.000000   6   5  61148   1
 262   50061149    0.000000   26.000000   6   5  61149   0
 263   50061150    0.000000   20.000000   6   5  61150   0
 264   50061151    0.000000   18.000000   6   5  61151   0
 265   50061152    0.000000   14.000000   6   5  61152   0
 266   50061153    0.000000   27.000000   6   5  61153   0
 267   50061154    0.000000   28.000000   6   5  61154   0
 268   51061154    0.000000   29.000000   6   5  61154   1
 269   50062137    0.000000  160.000000   6   5  62137   0
 270   50062138    0.000000  150.000000   6   5  62138   0
 271   50062139    0.000000  130.000000   6   5  62139   0
 272   51062139    0.000000  130.000000   6   5  62139   1
 273   50062140    0.000000  120.000000   6   5  62140   0
 274   50062141    0.000000  110.000000   6   5  62141   0
 275   51062141    0.000000  110.000000   6   5  62141   1
 276   50062142    0.000000   95.000000   6   5  62142   0
 277   50062143    0.000000   85.000000   6   5  62143   0
 278   51062143    0.000000   85.000000   6   5  62143   1
 279   50062144    0.000000   74.000000   6   5  62144   0
 280   50062145    0.000000   64.000000   6   5  62145   0
 281   50062146    0.000000   56.000000   6   5  62146   0
 282   50062147    0.000000   46.000000   6   5  62147   0
 283   50062148    0.000000   38.000000   6   5  62148   0
 284   50062149    0.000000   32.000000   6   5  62149   0
 285   50062150    0.000000   23.000000   6   5  62150   0
 286   50062151    0.000000   17.000000   6   5  62151   0
 287   50062152    0.000000    8.500000   6   5  62152   0
 288   50062153    0.000000    2.500000   6   5  62153   0
 289   50062154    0.000000   15.000000   6   5  62154   0
 290   50062155    0.000000   17.000000   6   5  62155   0
 291   50063138    0.000000  180.000000   6   5  63138   0
 292   50063139    0.000000  160.000000   6   5  63139   0
 293   50063140    0.000000  150.000000   6   5  63140   0
 294   51063140    0.000000  150.000000   6   5  63140   1
 295   50063141    0.000000  140.000000   6   5  63141   0
 296   51063141    0.000000  140.000000   6   5  63141   1
 297   50063142    0.000000  130.000000   6   5  63142   0
 298   51063142    0.000000  130.000000   6   5  63142   1
 299   50063143    0.000000  110.000000   6   5  63143   0
 300   50063144    0.000000  100.000000   6   5  63144   0
 301   50063145    0.000000   90.000000   6   5  63145   0
 302   50063146    0.000000   78.000000   6   5  63146   0
 303   50063147    0.000000   70.000000   6   5  63147   0
 304   50063148    0.000000   62.000000   6   5  63148   0
 305   50063149    0.000000   52.000000   6   5  63149   0
 306   50063150    0.000000   46.000000   6   5  63150   0
 307   51063150    0.000000   46.000000   6   5  63150   1
 308   50063151    0.000000   38.000000   6   5  63151   0
 309   50063152    0.000000   30.000000   6   5  63152   0
 310   51063152    0.000000   30.000000   6   5  63152   1
 311   52063152    0.000000   32.000000   6   5  63152   2
 312   50063153    0.000000   22.000000   6   5  63153   0
 313   50063154    0.000000   15.000000   6   5  63154   0
 314   51063154    0.000000   15.000000   6   5  63154   1
 315   50063155    0.000000   13.000000   6   5  63155   0
 316   50063156    0.000000    8.500000   6   5  63156   0
 317   50064139    0.000000  180.000000   6   5  64139   0
 318   51064139    0.000000  180.000000   6   5  64139   1
 319   50064140    0.000000  170.000000   6   5  64140   0
 320   50064141    0.000000  160.000000   6   5  64141   0
 321   51064141    0.000000  160.000000   6   5  64141   1
 322   50064142    0.000000  140.000000   6   5  64142   0
 323   50064143    0.000000  130.000000   6   5  64143   0
 324   51064143    0.000000  130.000000   6   5  64143   1
 325   50064144    0.000000  120.000000   6   5  64144   0
 326   50064145    0.000000  110.000000   6   5  64145   0
 327   51064145    0.000000  110.000000   6   5  64145   1
 328   50064146    0.000000   90.000000   6   5  64146   0
 329   50064147    0.000000   85.000000   6   5  64147   0
 330   50064148    0.000000   72.000000   6   5  64148   0
 331   50064149    0.000000   64.000000   6   5  64149   0
 332   50064150    0.000000   54.000000   6   5  64150   0
 333   50064151    0.000000   48.000000   6   5  64151   0
 334   50064152    0.000000   38.000000   6   5  64152   0
 335   50064153    0.000000   32.000000   6   5  64153   0
 336   50064154    0.000000   22.000000   6   5  64154   0
 337   50064155    0.000000   15.000000   6   5  64155   0
 338   50064156    0.000000    6.500000   6   5  64156   0
 339   50064157    0.000000    1.000000   6   5  64157   0
 
   p   ZAP IP   NR    Tp [MeV]
   1     1  1    1    6.359876
   2     0  2    1    1.000000
   3  1001  9    1    8.029896
   4  1002 31    1   12.500000
   5  1003 32    1   14.500000
   6  2003 33    1   15.000000
   7  2004 34    1    2.500000
--------------------------------------------------------------------------------
 
