 
--------------------------------------------------------------------------------
 64-Gd-156   T= 0.00 K from IAEA/PD-2019       (ACEMAKER)
 ZAID= 64156.38u  MAT=6437  ZA= 64156
 AWR= 154.582700  STA=  0  ELIS=   0.000 MeV  LIS=  0  LISO=  0
--------------------------------------------------------------------------------
 NTOTR= 332 NTRAN=   1 NPROD= 331 NE=     129 EMAX= 200.000 MeV
   i     MT/MTD     Q [MeV]     T [MeV] LMF  MT    ZAP LFS
   1          5    0.000000    1.000000   3   5
   2   50049123    0.000000  150.000000   6   5  49123   0
   3   51049123    0.000000  150.000000   6   5  49123   1
   4   50049124    0.000000  150.000000   6   5  49124   0
   5   50049125    0.000000  150.000000   6   5  49125   0
   6   51049125    0.000000  150.000000   6   5  49125   1
   7   50049126    0.000000  150.000000   6   5  49126   0
   8   51049126    0.000000  150.000000   6   5  49126   1
   9   50049127    0.000000  150.000000   6   5  49127   0
  10   51049127    0.000000  150.000000   6   5  49127   1
  11   52049127    0.000000  150.000000   6   5  49127   2
  12   50049128    0.000000  180.000000   6   5  49128   0
  13   50049129    0.000000  180.000000   6   5  49129   0
  14   51049129    0.000000  180.000000   6   5  49129   1
  15   50050124    0.000000  130.000000   6   5  50124   0
  16   50050125    0.000000  130.000000   6   5  50125   0
  17   51050125    0.000000  130.000000   6   5  50125   1
  18   50050126    0.000000  120.000000   6   5  50126   0
  19   50050127    0.000000  120.000000   6   5  50127   0
  20   51050127    0.000000  120.000000   6   5  50127   1
  21   50050128    0.000000  120.000000   6   5  50128   0
  22   51050128    0.000000  120.000000   6   5  50128   1
  23   50050129    0.000000  140.000000   6   5  50129   0
  24   51050129    0.000000  140.000000   6   5  50129   1
  25   50050130    0.000000  140.000000   6   5  50130   0
  26   51050130    0.000000  140.000000   6   5  50130   1
  27   50050131    0.000000  170.000000   6   5  50131   0
  28   51050131    0.000000  170.000000   6   5  50131   1
  29   50050132    0.000000  170.000000   6   5  50132   0
  30   50051125    0.000000  130.000000   6   5  51125   0
  31   50051126    0.000000  130.000000   6   5  51126   0
  32   51051126    0.000000  130.000000   6   5  51126   1
  33   50051127    0.000000  120.000000   6   5  51127   0
  34   50051128    0.000000  120.000000   6   5  51128   0
  35   51051128    0.000000  120.000000   6   5  51128   1
  36   50051129    0.000000  120.000000   6   5  51129   0
  37   51051129    0.000000  120.000000   6   5  51129   1
  38   50051130    0.000000  120.000000   6   5  51130   0
  39   51051130    0.000000  120.000000   6   5  51130   1
  40   50051131    0.000000  120.000000   6   5  51131   0
  41   50051132    0.000000  140.000000   6   5  51132   0
  42   51051132    0.000000  140.000000   6   5  51132   1
  43   50051133    0.000000  140.000000   6   5  51133   0
  44   50051134    0.000000  170.000000   6   5  51134   0
  45   51051134    0.000000  170.000000   6   5  51134   1
  46   50051135    0.000000  180.000000   6   5  51135   0
  47   50052126    0.000000  130.000000   6   5  52126   0
  48   50052127    0.000000  120.000000   6   5  52127   0
  49   51052127    0.000000  120.000000   6   5  52127   1
  50   50052128    0.000000  110.000000   6   5  52128   0
  51   50052129    0.000000  100.000000   6   5  52129   0
  52   51052129    0.000000  100.000000   6   5  52129   1
  53   50052130    0.000000   95.000000   6   5  52130   0
  54   50052131    0.000000   95.000000   6   5  52131   0
  55   51052131    0.000000   95.000000   6   5  52131   1
  56   50052132    0.000000   95.000000   6   5  52132   0
  57   50052133    0.000000  110.000000   6   5  52133   0
  58   51052133    0.000000  110.000000   6   5  52133   1
  59   50052134    0.000000  110.000000   6   5  52134   0
  60   50052135    0.000000  140.000000   6   5  52135   0
  61   50052136    0.000000  140.000000   6   5  52136   0
  62   50052137    0.000000  180.000000   6   5  52137   0
  63   50052138    0.000000  180.000000   6   5  52138   0
  64   50053127    0.000000  130.000000   6   5  53127   0
  65   50053128    0.000000  120.000000   6   5  53128   0
  66   50053129    0.000000  110.000000   6   5  53129   0
  67   50053130    0.000000  100.000000   6   5  53130   0
  68   51053130    0.000000  100.000000   6   5  53130   1
  69   50053131    0.000000   95.000000   6   5  53131   0
  70   50053132    0.000000   95.000000   6   5  53132   0
  71   50053133    0.000000   95.000000   6   5  53133   0
  72   51053133    0.000000   95.000000   6   5  53133   1
  73   50053134    0.000000   90.000000   6   5  53134   0
  74   50053135    0.000000   90.000000   6   5  53135   0
  75   50053136    0.000000  110.000000   6   5  53136   0
  76   50053137    0.000000  120.000000   6   5  53137   0
  77   50053138    0.000000  140.000000   6   5  53138   0
  78   50053139    0.000000  150.000000   6   5  53139   0
  79   50053140    0.000000  180.000000   6   5  53140   0
  80   50053141    0.000000  190.000000   6   5  53141   0
  81   50054128    0.000000  130.000000   6   5  54128   0
  82   50054129    0.000000  120.000000   6   5  54129   0
  83   51054129    0.000000  120.000000   6   5  54129   1
  84   50054130    0.000000  110.000000   6   5  54130   0
  85   50054131    0.000000  100.000000   6   5  54131   0
  86   51054131    0.000000  100.000000   6   5  54131   1
  87   50054132    0.000000   90.000000   6   5  54132   0
  88   50054133    0.000000   80.000000   6   5  54133   0
  89   51054133    0.000000   80.000000   6   5  54133   1
  90   50054134    0.000000   72.000000   6   5  54134   0
  91   51054134    0.000000   72.000000   6   5  54134   1
  92   50054135    0.000000   68.000000   6   5  54135   0
  93   51054135    0.000000   68.000000   6   5  54135   1
  94   50054136    0.000000   68.000000   6   5  54136   0
  95   50054137    0.000000   74.000000   6   5  54137   0
  96   50054138    0.000000   85.000000   6   5  54138   0
  97   50054139    0.000000  110.000000   6   5  54139   0
  98   50054140    0.000000  120.000000   6   5  54140   0
  99   50054141    0.000000  150.000000   6   5  54141   0
 100   50054142    0.000000  150.000000   6   5  54142   0
 101   50054143    0.000000  190.000000   6   5  54143   0
 102   50055129    0.000000  130.000000   6   5  55129   0
 103   50055130    0.000000  120.000000   6   5  55130   0
 104   51055130    0.000000  120.000000   6   5  55130   1
 105   50055131    0.000000  110.000000   6   5  55131   0
 106   50055132    0.000000  100.000000   6   5  55132   0
 107   50055133    0.000000   90.000000   6   5  55133   0
 108   50055134    0.000000   80.000000   6   5  55134   0
 109   51055134    0.000000   80.000000   6   5  55134   1
 110   50055135    0.000000   72.000000   6   5  55135   0
 111   50055136    0.000000   68.000000   6   5  55136   0
 112   51055136    0.000000   68.000000   6   5  55136   1
 113   50055137    0.000000   68.000000   6   5  55137   0
 114   50055138    0.000000   68.000000   6   5  55138   0
 115   51055138    0.000000   68.000000   6   5  55138   1
 116   50055139    0.000000   68.000000   6   5  55139   0
 117   50055140    0.000000   72.000000   6   5  55140   0
 118   50055141    0.000000   85.000000   6   5  55141   0
 119   50055142    0.000000  110.000000   6   5  55142   0
 120   50055143    0.000000  120.000000   6   5  55143   0
 121   50055144    0.000000  150.000000   6   5  55144   0
 122   50055145    0.000000  160.000000   6   5  55145   0
 123   50056130    0.000000  130.000000   6   5  56130   0
 124   50056131    0.000000  120.000000   6   5  56131   0
 125   51056131    0.000000  120.000000   6   5  56131   1
 126   50056132    0.000000  110.000000   6   5  56132   0
 127   50056133    0.000000  100.000000   6   5  56133   0
 128   51056133    0.000000  100.000000   6   5  56133   1
 129   50056134    0.000000   90.000000   6   5  56134   0
 130   50056135    0.000000   78.000000   6   5  56135   0
 131   51056135    0.000000   78.000000   6   5  56135   1
 132   50056136    0.000000   68.000000   6   5  56136   0
 133   51056136    0.000000   68.000000   6   5  56136   1
 134   50056137    0.000000   62.000000   6   5  56137   0
 135   51056137    0.000000   62.000000   6   5  56137   1
 136   50056138    0.000000   54.000000   6   5  56138   0
 137   50056139    0.000000   50.000000   6   5  56139   0
 138   50056140    0.000000   46.000000   6   5  56140   0
 139   50056141    0.000000   50.000000   6   5  56141   0
 140   50056142    0.000000   62.000000   6   5  56142   0
 141   50056143    0.000000   72.000000   6   5  56143   0
 142   50056144    0.000000   90.000000   6   5  56144   0
 143   50056145    0.000000  110.000000   6   5  56145   0
 144   50056146    0.000000  120.000000   6   5  56146   0
 145   50056147    0.000000  160.000000   6   5  56147   0
 146   50057131    0.000000  130.000000   6   5  57131   0
 147   50057132    0.000000  120.000000   6   5  57132   0
 148   51057132    0.000000  120.000000   6   5  57132   1
 149   50057133    0.000000  110.000000   6   5  57133   0
 150   50057134    0.000000  100.000000   6   5  57134   0
 151   50057135    0.000000   90.000000   6   5  57135   0
 152   50057136    0.000000   80.000000   6   5  57136   0
 153   51057136    0.000000   80.000000   6   5  57136   1
 154   50057137    0.000000   70.000000   6   5  57137   0
 155   50057138    0.000000   62.000000   6   5  57138   0
 156   50057139    0.000000   54.000000   6   5  57139   0
 157   50057140    0.000000   50.000000   6   5  57140   0
 158   50057141    0.000000   46.000000   6   5  57141   0
 159   50057142    0.000000   46.000000   6   5  57142   0
 160   50057143    0.000000   46.000000   6   5  57143   0
 161   50057144    0.000000   54.000000   6   5  57144   0
 162   50057145    0.000000   66.000000   6   5  57145   0
 163   50057146    0.000000   74.000000   6   5  57146   0
 164   51057146    0.000000   74.000000   6   5  57146   1
 165   50057147    0.000000   90.000000   6   5  57147   0
 166   50057148    0.000000  120.000000   6   5  57148   0
 167   50058132    0.000000  140.000000   6   5  58132   0
 168   50058133    0.000000  130.000000   6   5  58133   0
 169   51058133    0.000000  130.000000   6   5  58133   1
 170   50058134    0.000000  120.000000   6   5  58134   0
 171   50058135    0.000000  110.000000   6   5  58135   0
 172   51058135    0.000000  110.000000   6   5  58135   1
 173   50058136    0.000000   95.000000   6   5  58136   0
 174   50058137    0.000000   80.000000   6   5  58137   0
 175   51058137    0.000000   80.000000   6   5  58137   1
 176   50058138    0.000000   68.000000   6   5  58138   0
 177   50058139    0.000000   62.000000   6   5  58139   0
 178   51058139    0.000000   62.000000   6   5  58139   1
 179   50058140    0.000000   52.000000   6   5  58140   0
 180   50058141    0.000000   46.000000   6   5  58141   0
 181   50058142    0.000000   38.000000   6   5  58142   0
 182   50058143    0.000000   32.000000   6   5  58143   0
 183   50058144    0.000000   24.000000   6   5  58144   0
 184   50058145    0.000000   36.000000   6   5  58145   0
 185   50058146    0.000000   46.000000   6   5  58146   0
 186   50058147    0.000000   54.000000   6   5  58147   0
 187   50058148    0.000000   66.000000   6   5  58148   0
 188   50058149    0.000000   74.000000   6   5  58149   0
 189   50058150    0.000000  130.000000   6   5  58150   0
 190   50059133    0.000000  140.000000   6   5  59133   0
 191   51059133    0.000000  140.000000   6   5  59133   1
 192   50059134    0.000000  130.000000   6   5  59134   0
 193   51059134    0.000000  130.000000   6   5  59134   1
 194   50059135    0.000000  120.000000   6   5  59135   0
 195   50059136    0.000000  110.000000   6   5  59136   0
 196   50059137    0.000000   95.000000   6   5  59137   0
 197   50059138    0.000000   85.000000   6   5  59138   0
 198   51059138    0.000000   85.000000   6   5  59138   1
 199   50059139    0.000000   76.000000   6   5  59139   0
 200   50059140    0.000000   66.000000   6   5  59140   0
 201   50059141    0.000000   56.000000   6   5  59141   0
 202   50059142    0.000000   50.000000   6   5  59142   0
 203   51059142    0.000000   50.000000   6   5  59142   1
 204   50059143    0.000000   42.000000   6   5  59143   0
 205   50059144    0.000000   36.000000   6   5  59144   0
 206   51059144    0.000000   36.000000   6   5  59144   1
 207   50059145    0.000000   29.000000   6   5  59145   0
 208   50059146    0.000000   29.000000   6   5  59146   0
 209   50059147    0.000000   24.000000   6   5  59147   0
 210   50059148    0.000000   38.000000   6   5  59148   0
 211   51059148    0.000000   38.000000   6   5  59148   1
 212   50059149    0.000000   46.000000   6   5  59149   0
 213   50059150    0.000000   56.000000   6   5  59150   0
 214   50059151    0.000000   74.000000   6   5  59151   0
 215   50060134    0.000000  150.000000   6   5  60134   0
 216   50060135    0.000000  140.000000   6   5  60135   0
 217   50060136    0.000000  120.000000   6   5  60136   0
 218   50060137    0.000000  110.000000   6   5  60137   0
 219   51060137    0.000000  110.000000   6   5  60137   1
 220   50060138    0.000000  100.000000   6   5  60138   0
 221   50060139    0.000000   90.000000   6   5  60139   0
 222   51060139    0.000000   90.000000   6   5  60139   1
 223   50060140    0.000000   74.000000   6   5  60140   0
 224   50060141    0.000000   66.000000   6   5  60141   0
 225   51060141    0.000000   66.000000   6   5  60141   1
 226   50060142    0.000000   56.000000   6   5  60142   0
 227   50060143    0.000000   48.000000   6   5  60143   0
 228   50060144    0.000000   40.000000   6   5  60144   0
 229   50060145    0.000000   32.000000   6   5  60145   0
 230   50060146    0.000000   23.000000   6   5  60146   0
 231   50060147    0.000000   15.500000   6   5  60147   0
 232   50060148    0.000000    8.500000   6   5  60148   0
 233   50060149    0.000000   23.000000   6   5  60149   0
 234   50060150    0.000000   24.000000   6   5  60150   0
 235   50060151    0.000000   40.000000   6   5  60151   0
 236   50060152    0.000000   46.000000   6   5  60152   0
 237   50061135    0.000000  160.000000   6   5  61135   0
 238   51061135    0.000000  160.000000   6   5  61135   1
 239   50061136    0.000000  150.000000   6   5  61136   0
 240   51061136    0.000000  150.000000   6   5  61136   1
 241   50061137    0.000000  130.000000   6   5  61137   0
 242   50061138    0.000000  120.000000   6   5  61138   0
 243   51061138    0.000000  120.000000   6   5  61138   1
 244   50061139    0.000000  110.000000   6   5  61139   0
 245   51061139    0.000000  110.000000   6   5  61139   1
 246   50061140    0.000000  100.000000   6   5  61140   0
 247   51061140    0.000000  100.000000   6   5  61140   1
 248   50061141    0.000000   85.000000   6   5  61141   0
 249   50061142    0.000000   76.000000   6   5  61142   0
 250   50061143    0.000000   64.000000   6   5  61143   0
 251   50061144    0.000000   58.000000   6   5  61144   0
 252   50061145    0.000000   48.000000   6   5  61145   0
 253   50061146    0.000000   42.000000   6   5  61146   0
 254   50061147    0.000000   34.000000   6   5  61147   0
 255   50061148    0.000000   27.000000   6   5  61148   0
 256   51061148    0.000000   27.000000   6   5  61148   1
 257   50061149    0.000000   19.500000   6   5  61149   0
 258   50061150    0.000000   19.500000   6   5  61150   0
 259   50061151    0.000000   13.500000   6   5  61151   0
 260   50061152    0.000000   28.000000   6   5  61152   0
 261   50061153    0.000000   28.000000   6   5  61153   0
 262   50062136    0.000000  170.000000   6   5  62136   0
 263   50062137    0.000000  150.000000   6   5  62137   0
 264   50062138    0.000000  140.000000   6   5  62138   0
 265   50062139    0.000000  130.000000   6   5  62139   0
 266   51062139    0.000000  130.000000   6   5  62139   1
 267   50062140    0.000000  110.000000   6   5  62140   0
 268   50062141    0.000000  100.000000   6   5  62141   0
 269   51062141    0.000000  100.000000   6   5  62141   1
 270   50062142    0.000000   90.000000   6   5  62142   0
 271   50062143    0.000000   76.000000   6   5  62143   0
 272   51062143    0.000000   76.000000   6   5  62143   1
 273   50062144    0.000000   66.000000   6   5  62144   0
 274   50062145    0.000000   56.000000   6   5  62145   0
 275   50062146    0.000000   48.000000   6   5  62146   0
 276   50062147    0.000000   40.000000   6   5  62147   0
 277   50062148    0.000000   32.000000   6   5  62148   0
 278   50062149    0.000000   25.000000   6   5  62149   0
 279   50062150    0.000000   16.500000   6   5  62150   0
 280   50062151    0.000000   10.500000   6   5  62151   0
 281   50062152    0.000000    2.000000   6   5  62152   0
 282   50062153    0.000000   17.000000   6   5  62153   0
 283   50062154    0.000000   16.000000   6   5  62154   0
 284   50063137    0.000000  180.000000   6   5  63137   0
 285   50063138    0.000000  170.000000   6   5  63138   0
 286   50063139    0.000000  150.000000   6   5  63139   0
 287   50063140    0.000000  140.000000   6   5  63140   0
 288   51063140    0.000000  140.000000   6   5  63140   1
 289   50063141    0.000000  130.000000   6   5  63141   0
 290   51063141    0.000000  130.000000   6   5  63141   1
 291   50063142    0.000000  120.000000   6   5  63142   0
 292   51063142    0.000000  120.000000   6   5  63142   1
 293   50063143    0.000000  110.000000   6   5  63143   0
 294   50063144    0.000000   95.000000   6   5  63144   0
 295   50063145    0.000000   80.000000   6   5  63145   0
 296   50063146    0.000000   72.000000   6   5  63146   0
 297   50063147    0.000000   62.000000   6   5  63147   0
 298   50063148    0.000000   54.000000   6   5  63148   0
 299   50063149    0.000000   46.000000   6   5  63149   0
 300   50063150    0.000000   40.000000   6   5  63150   0
 301   51063150    0.000000   40.000000   6   5  63150   1
 302   50063151    0.000000   30.000000   6   5  63151   0
 303   50063152    0.000000   24.000000   6   5  63152   0
 304   51063152    0.000000   24.000000   6   5  63152   1
 305   52063152    0.000000   24.000000   6   5  63152   2
 306   50063153    0.000000   15.000000   6   5  63153   0
 307   50063154    0.000000   14.500000   6   5  63154   0
 308   51063154    0.000000   14.500000   6   5  63154   1
 309   50063155    0.000000    8.500000   6   5  63155   0
 310   50064138    0.000000  190.000000   6   5  64138   0
 311   50064139    0.000000  180.000000   6   5  64139   0
 312   51064139    0.000000  180.000000   6   5  64139   1
 313   50064140    0.000000  160.000000   6   5  64140   0
 314   50064141    0.000000  150.000000   6   5  64141   0
 315   51064141    0.000000  150.000000   6   5  64141   1
 316   50064142    0.000000  130.000000   6   5  64142   0
 317   50064143    0.000000  120.000000   6   5  64143   0
 318   51064143    0.000000  120.000000   6   5  64143   1
 319   50064144    0.000000  110.000000   6   5  64144   0
 320   50064145    0.000000   95.000000   6   5  64145   0
 321   51064145    0.000000   95.000000   6   5  64145   1
 322   50064146    0.000000   85.000000   6   5  64146   0
 323   50064147    0.000000   74.000000   6   5  64147   0
 324   50064148    0.000000   64.000000   6   5  64148   0
 325   50064149    0.000000   58.000000   6   5  64149   0
 326   50064150    0.000000   48.000000   6   5  64150   0
 327   50064151    0.000000   40.000000   6   5  64151   0
 328   50064152    0.000000   32.000000   6   5  64152   0
 329   50064153    0.000000   25.000000   6   5  64153   0
 330   50064154    0.000000   15.500000   6   5  64154   0
 331   50064155    0.000000    9.000000   6   5  64155   0
 332   50064156    0.000000    1.000000   6   5  64156   0
 
   p   ZAP IP   NR    Tp [MeV]
   1     1  1    1    8.536351
   2     0  2    1    1.000000
   3  1001  9    1    8.005793
   4  1002 31    1   14.500000
   5  1003 32    1   14.500000
   6  2003 33    1   17.000000
   7  2004 34    1    2.000000
--------------------------------------------------------------------------------
 
