 
--------------------------------------------------------------------------------
 64-Gd-158   T= 0.00 K from IAEA/PD-2019       (ACEMAKER)
 ZAID= 64158.38u  MAT=6443  ZA= 64158
 AWR= 156.567500  STA=  0  ELIS=   0.000 MeV  LIS=  0  LISO=  0
--------------------------------------------------------------------------------
 NTOTR= 319 NTRAN=   1 NPROD= 318 NE=     127 EMAX= 200.000 MeV
   i     MT/MTD     Q [MeV]     T [MeV] LMF  MT    ZAP LFS
   1          5    0.000000    1.000000   3   5
   2   50049125    0.000000  160.000000   6   5  49125   0
   3   51049125    0.000000  160.000000   6   5  49125   1
   4   50049126    0.000000  160.000000   6   5  49126   0
   5   51049126    0.000000  160.000000   6   5  49126   1
   6   50049127    0.000000  160.000000   6   5  49127   0
   7   51049127    0.000000  160.000000   6   5  49127   1
   8   52049127    0.000000  160.000000   6   5  49127   2
   9   50049128    0.000000  160.000000   6   5  49128   0
  10   50049129    0.000000  160.000000   6   5  49129   0
  11   51049129    0.000000  160.000000   6   5  49129   1
  12   50049130    0.000000  190.000000   6   5  49130   0
  13   51049130    0.000000  190.000000   6   5  49130   1
  14   50049131    0.000000  190.000000   6   5  49131   0
  15   51049131    0.000000  190.000000   6   5  49131   1
  16   50050126    0.000000  140.000000   6   5  50126   0
  17   50050127    0.000000  130.000000   6   5  50127   0
  18   51050127    0.000000  130.000000   6   5  50127   1
  19   50050128    0.000000  130.000000   6   5  50128   0
  20   51050128    0.000000  130.000000   6   5  50128   1
  21   50050129    0.000000  130.000000   6   5  50129   0
  22   51050129    0.000000  130.000000   6   5  50129   1
  23   50050130    0.000000  130.000000   6   5  50130   0
  24   51050130    0.000000  130.000000   6   5  50130   1
  25   50050131    0.000000  160.000000   6   5  50131   0
  26   51050131    0.000000  160.000000   6   5  50131   1
  27   50050132    0.000000  160.000000   6   5  50132   0
  28   50050133    0.000000  190.000000   6   5  50133   0
  29   50050134    0.000000  190.000000   6   5  50134   0
  30   50051127    0.000000  140.000000   6   5  51127   0
  31   50051128    0.000000  130.000000   6   5  51128   0
  32   51051128    0.000000  130.000000   6   5  51128   1
  33   50051129    0.000000  130.000000   6   5  51129   0
  34   51051129    0.000000  130.000000   6   5  51129   1
  35   50051130    0.000000  130.000000   6   5  51130   0
  36   51051130    0.000000  130.000000   6   5  51130   1
  37   50051131    0.000000  130.000000   6   5  51131   0
  38   50051132    0.000000  130.000000   6   5  51132   0
  39   51051132    0.000000  130.000000   6   5  51132   1
  40   50051133    0.000000  130.000000   6   5  51133   0
  41   50051134    0.000000  160.000000   6   5  51134   0
  42   51051134    0.000000  160.000000   6   5  51134   1
  43   50051135    0.000000  160.000000   6   5  51135   0
  44   50051136    0.000000  190.000000   6   5  51136   0
  45   50051137    0.000000  190.000000   6   5  51137   0
  46   50052128    0.000000  130.000000   6   5  52128   0
  47   50052129    0.000000  120.000000   6   5  52129   0
  48   51052129    0.000000  120.000000   6   5  52129   1
  49   50052130    0.000000  110.000000   6   5  52130   0
  50   50052131    0.000000  110.000000   6   5  52131   0
  51   51052131    0.000000  110.000000   6   5  52131   1
  52   50052132    0.000000  100.000000   6   5  52132   0
  53   50052133    0.000000  100.000000   6   5  52133   0
  54   51052133    0.000000  100.000000   6   5  52133   1
  55   50052134    0.000000  100.000000   6   5  52134   0
  56   50052135    0.000000  120.000000   6   5  52135   0
  57   50052136    0.000000  120.000000   6   5  52136   0
  58   50052137    0.000000  150.000000   6   5  52137   0
  59   50052138    0.000000  150.000000   6   5  52138   0
  60   50052139    0.000000  190.000000   6   5  52139   0
  61   50052140    0.000000  190.000000   6   5  52140   0
  62   50053129    0.000000  130.000000   6   5  53129   0
  63   50053130    0.000000  120.000000   6   5  53130   0
  64   51053130    0.000000  120.000000   6   5  53130   1
  65   50053131    0.000000  110.000000   6   5  53131   0
  66   50053132    0.000000  110.000000   6   5  53132   0
  67   50053133    0.000000  100.000000   6   5  53133   0
  68   51053133    0.000000  100.000000   6   5  53133   1
  69   50053134    0.000000  100.000000   6   5  53134   0
  70   50053135    0.000000  100.000000   6   5  53135   0
  71   50053136    0.000000  100.000000   6   5  53136   0
  72   50053137    0.000000  100.000000   6   5  53137   0
  73   50053138    0.000000  120.000000   6   5  53138   0
  74   50053139    0.000000  130.000000   6   5  53139   0
  75   50053140    0.000000  150.000000   6   5  53140   0
  76   50053141    0.000000  160.000000   6   5  53141   0
  77   50053142    0.000000  190.000000   6   5  53142   0
  78   50054130    0.000000  130.000000   6   5  54130   0
  79   50054131    0.000000  120.000000   6   5  54131   0
  80   51054131    0.000000  120.000000   6   5  54131   1
  81   50054132    0.000000  110.000000   6   5  54132   0
  82   50054133    0.000000  100.000000   6   5  54133   0
  83   51054133    0.000000  100.000000   6   5  54133   1
  84   50054134    0.000000   90.000000   6   5  54134   0
  85   51054134    0.000000   90.000000   6   5  54134   1
  86   50054135    0.000000   85.000000   6   5  54135   0
  87   51054135    0.000000   85.000000   6   5  54135   1
  88   50054136    0.000000   78.000000   6   5  54136   0
  89   50054137    0.000000   76.000000   6   5  54137   0
  90   50054138    0.000000   76.000000   6   5  54138   0
  91   50054139    0.000000   85.000000   6   5  54139   0
  92   50054140    0.000000   95.000000   6   5  54140   0
  93   50054141    0.000000  120.000000   6   5  54141   0
  94   50054142    0.000000  120.000000   6   5  54142   0
  95   50054143    0.000000  160.000000   6   5  54143   0
  96   50054144    0.000000  160.000000   6   5  54144   0
  97   50055131    0.000000  130.000000   6   5  55131   0
  98   50055132    0.000000  120.000000   6   5  55132   0
  99   50055133    0.000000  110.000000   6   5  55133   0
 100   50055134    0.000000  100.000000   6   5  55134   0
 101   51055134    0.000000  100.000000   6   5  55134   1
 102   50055135    0.000000   90.000000   6   5  55135   0
 103   50055136    0.000000   85.000000   6   5  55136   0
 104   51055136    0.000000   85.000000   6   5  55136   1
 105   50055137    0.000000   78.000000   6   5  55137   0
 106   50055138    0.000000   76.000000   6   5  55138   0
 107   51055138    0.000000   76.000000   6   5  55138   1
 108   50055139    0.000000   76.000000   6   5  55139   0
 109   50055140    0.000000   74.000000   6   5  55140   0
 110   50055141    0.000000   74.000000   6   5  55141   0
 111   50055142    0.000000   80.000000   6   5  55142   0
 112   50055143    0.000000   95.000000   6   5  55143   0
 113   50055144    0.000000  120.000000   6   5  55144   0
 114   50055145    0.000000  130.000000   6   5  55145   0
 115   50055146    0.000000  160.000000   6   5  55146   0
 116   50055147    0.000000  170.000000   6   5  55147   0
 117   50056132    0.000000  130.000000   6   5  56132   0
 118   50056133    0.000000  120.000000   6   5  56133   0
 119   51056133    0.000000  120.000000   6   5  56133   1
 120   50056134    0.000000  110.000000   6   5  56134   0
 121   50056135    0.000000   95.000000   6   5  56135   0
 122   51056135    0.000000   95.000000   6   5  56135   1
 123   50056136    0.000000   85.000000   6   5  56136   0
 124   51056136    0.000000   85.000000   6   5  56136   1
 125   50056137    0.000000   78.000000   6   5  56137   0
 126   51056137    0.000000   78.000000   6   5  56137   1
 127   50056138    0.000000   70.000000   6   5  56138   0
 128   50056139    0.000000   64.000000   6   5  56139   0
 129   50056140    0.000000   58.000000   6   5  56140   0
 130   50056141    0.000000   54.000000   6   5  56141   0
 131   50056142    0.000000   52.000000   6   5  56142   0
 132   50056143    0.000000   54.000000   6   5  56143   0
 133   50056144    0.000000   68.000000   6   5  56144   0
 134   50056145    0.000000   78.000000   6   5  56145   0
 135   50056146    0.000000   95.000000   6   5  56146   0
 136   50056147    0.000000  130.000000   6   5  56147   0
 137   50056148    0.000000  130.000000   6   5  56148   0
 138   50056149    0.000000  170.000000   6   5  56149   0
 139   50057133    0.000000  130.000000   6   5  57133   0
 140   50057134    0.000000  120.000000   6   5  57134   0
 141   50057135    0.000000  110.000000   6   5  57135   0
 142   50057136    0.000000   95.000000   6   5  57136   0
 143   51057136    0.000000   95.000000   6   5  57136   1
 144   50057137    0.000000   85.000000   6   5  57137   0
 145   50057138    0.000000   78.000000   6   5  57138   0
 146   50057139    0.000000   70.000000   6   5  57139   0
 147   50057140    0.000000   64.000000   6   5  57140   0
 148   50057141    0.000000   58.000000   6   5  57141   0
 149   50057142    0.000000   54.000000   6   5  57142   0
 150   50057143    0.000000   52.000000   6   5  57143   0
 151   50057144    0.000000   52.000000   6   5  57144   0
 152   50057145    0.000000   52.000000   6   5  57145   0
 153   50057146    0.000000   58.000000   6   5  57146   0
 154   51057146    0.000000   58.000000   6   5  57146   1
 155   50057147    0.000000   70.000000   6   5  57147   0
 156   50057148    0.000000   80.000000   6   5  57148   0
 157   50057149    0.000000  100.000000   6   5  57149   0
 158   50057150    0.000000  130.000000   6   5  57150   0
 159   50058134    0.000000  140.000000   6   5  58134   0
 160   50058135    0.000000  120.000000   6   5  58135   0
 161   51058135    0.000000  120.000000   6   5  58135   1
 162   50058136    0.000000  110.000000   6   5  58136   0
 163   50058137    0.000000  100.000000   6   5  58137   0
 164   51058137    0.000000  100.000000   6   5  58137   1
 165   50058138    0.000000   90.000000   6   5  58138   0
 166   50058139    0.000000   78.000000   6   5  58139   0
 167   51058139    0.000000   78.000000   6   5  58139   1
 168   50058140    0.000000   70.000000   6   5  58140   0
 169   50058141    0.000000   62.000000   6   5  58141   0
 170   50058142    0.000000   54.000000   6   5  58142   0
 171   50058143    0.000000   46.000000   6   5  58143   0
 172   50058144    0.000000   40.000000   6   5  58144   0
 173   50058145    0.000000   34.000000   6   5  58145   0
 174   50058146    0.000000   27.000000   6   5  58146   0
 175   50058147    0.000000   40.000000   6   5  58147   0
 176   50058148    0.000000   50.000000   6   5  58148   0
 177   50058149    0.000000   58.000000   6   5  58149   0
 178   50058150    0.000000   72.000000   6   5  58150   0
 179   50058151    0.000000   85.000000   6   5  58151   0
 180   50058152    0.000000  140.000000   6   5  58152   0
 181   50059135    0.000000  140.000000   6   5  59135   0
 182   50059136    0.000000  130.000000   6   5  59136   0
 183   50059137    0.000000  120.000000   6   5  59137   0
 184   50059138    0.000000  110.000000   6   5  59138   0
 185   51059138    0.000000  110.000000   6   5  59138   1
 186   50059139    0.000000   90.000000   6   5  59139   0
 187   50059140    0.000000   85.000000   6   5  59140   0
 188   50059141    0.000000   72.000000   6   5  59141   0
 189   50059142    0.000000   66.000000   6   5  59142   0
 190   51059142    0.000000   66.000000   6   5  59142   1
 191   50059143    0.000000   58.000000   6   5  59143   0
 192   50059144    0.000000   52.000000   6   5  59144   0
 193   51059144    0.000000   52.000000   6   5  59144   1
 194   50059145    0.000000   44.000000   6   5  59145   0
 195   50059146    0.000000   38.000000   6   5  59146   0
 196   50059147    0.000000   32.000000   6   5  59147   0
 197   50059148    0.000000   30.000000   6   5  59148   0
 198   51059148    0.000000   30.000000   6   5  59148   1
 199   50059149    0.000000   27.000000   6   5  59149   0
 200   50059150    0.000000   40.000000   6   5  59150   0
 201   50059151    0.000000   50.000000   6   5  59151   0
 202   50059152    0.000000   60.000000   6   5  59152   0
 203   50059153    0.000000   85.000000   6   5  59153   0
 204   50060136    0.000000  140.000000   6   5  60136   0
 205   50060137    0.000000  130.000000   6   5  60137   0
 206   51060137    0.000000  130.000000   6   5  60137   1
 207   50060138    0.000000  120.000000   6   5  60138   0
 208   50060139    0.000000  110.000000   6   5  60139   0
 209   51060139    0.000000  110.000000   6   5  60139   1
 210   50060140    0.000000   95.000000   6   5  60140   0
 211   50060141    0.000000   85.000000   6   5  60141   0
 212   51060141    0.000000   85.000000   6   5  60141   1
 213   50060142    0.000000   74.000000   6   5  60142   0
 214   50060143    0.000000   64.000000   6   5  60143   0
 215   50060144    0.000000   56.000000   6   5  60144   0
 216   50060145    0.000000   48.000000   6   5  60145   0
 217   50060146    0.000000   40.000000   6   5  60146   0
 218   50060147    0.000000   32.000000   6   5  60147   0
 219   50060148    0.000000   24.000000   6   5  60148   0
 220   50060149    0.000000   18.000000   6   5  60149   0
 221   50060150    0.000000   10.000000   6   5  60150   0
 222   50060151    0.000000   25.000000   6   5  60151   0
 223   50060152    0.000000   26.000000   6   5  60152   0
 224   50060153    0.000000   42.000000   6   5  60153   0
 225   50060154    0.000000   50.000000   6   5  60154   0
 226   50061137    0.000000  150.000000   6   5  61137   0
 227   50061138    0.000000  140.000000   6   5  61138   0
 228   51061138    0.000000  140.000000   6   5  61138   1
 229   50061139    0.000000  130.000000   6   5  61139   0
 230   51061139    0.000000  130.000000   6   5  61139   1
 231   50061140    0.000000  120.000000   6   5  61140   0
 232   51061140    0.000000  120.000000   6   5  61140   1
 233   50061141    0.000000  110.000000   6   5  61141   0
 234   50061142    0.000000   95.000000   6   5  61142   0
 235   50061143    0.000000   80.000000   6   5  61143   0
 236   50061144    0.000000   74.000000   6   5  61144   0
 237   50061145    0.000000   64.000000   6   5  61145   0
 238   50061146    0.000000   58.000000   6   5  61146   0
 239   50061147    0.000000   50.000000   6   5  61147   0
 240   50061148    0.000000   42.000000   6   5  61148   0
 241   51061148    0.000000   42.000000   6   5  61148   1
 242   50061149    0.000000   34.000000   6   5  61149   0
 243   50061150    0.000000   28.000000   6   5  61150   0
 244   50061151    0.000000   20.000000   6   5  61151   0
 245   50061152    0.000000   20.000000   6   5  61152   0
 246   50061153    0.000000   14.500000   6   5  61153   0
 247   50061154    0.000000   29.000000   6   5  61154   0
 248   51061154    0.000000   29.000000   6   5  61154   1
 249   50061155    0.000000   30.000000   6   5  61155   0
 250   50062138    0.000000  160.000000   6   5  62138   0
 251   50062139    0.000000  140.000000   6   5  62139   0
 252   51062139    0.000000  140.000000   6   5  62139   1
 253   50062140    0.000000  130.000000   6   5  62140   0
 254   50062141    0.000000  120.000000   6   5  62141   0
 255   51062141    0.000000  120.000000   6   5  62141   1
 256   50062142    0.000000  110.000000   6   5  62142   0
 257   50062143    0.000000   95.000000   6   5  62143   0
 258   51062143    0.000000   95.000000   6   5  62143   1
 259   50062144    0.000000   85.000000   6   5  62144   0
 260   50062145    0.000000   74.000000   6   5  62145   0
 261   50062146    0.000000   64.000000   6   5  62146   0
 262   50062147    0.000000   56.000000   6   5  62147   0
 263   50062148    0.000000   48.000000   6   5  62148   0
 264   50062149    0.000000   40.000000   6   5  62149   0
 265   50062150    0.000000   32.000000   6   5  62150   0
 266   50062151    0.000000   25.000000   6   5  62151   0
 267   50062152    0.000000   16.500000   6   5  62152   0
 268   50062153    0.000000   10.500000   6   5  62153   0
 269   50062154    0.000000    2.500000   6   5  62154   0
 270   50062155    0.000000   17.500000   6   5  62155   0
 271   50062156    0.000000   17.500000   6   5  62156   0
 272   50063139    0.000000  170.000000   6   5  63139   0
 273   50063140    0.000000  160.000000   6   5  63140   0
 274   51063140    0.000000  160.000000   6   5  63140   1
 275   50063141    0.000000  150.000000   6   5  63141   0
 276   51063141    0.000000  150.000000   6   5  63141   1
 277   50063142    0.000000  140.000000   6   5  63142   0
 278   51063142    0.000000  140.000000   6   5  63142   1
 279   50063143    0.000000  120.000000   6   5  63143   0
 280   50063144    0.000000  110.000000   6   5  63144   0
 281   50063145    0.000000  100.000000   6   5  63145   0
 282   50063146    0.000000   90.000000   6   5  63146   0
 283   50063147    0.000000   78.000000   6   5  63147   0
 284   50063148    0.000000   70.000000   6   5  63148   0
 285   50063149    0.000000   62.000000   6   5  63149   0
 286   50063150    0.000000   54.000000   6   5  63150   0
 287   51063150    0.000000   54.000000   6   5  63150   1
 288   50063151    0.000000   46.000000   6   5  63151   0
 289   50063152    0.000000   40.000000   6   5  63152   0
 290   51063152    0.000000   40.000000   6   5  63152   1
 291   52063152    0.000000   40.000000   6   5  63152   2
 292   50063153    0.000000   30.000000   6   5  63153   0
 293   50063154    0.000000   23.000000   6   5  63154   0
 294   51063154    0.000000   23.000000   6   5  63154   1
 295   50063155    0.000000   14.500000   6   5  63155   0
 296   50063156    0.000000   14.500000   6   5  63156   0
 297   50063157    0.000000    9.000000   6   5  63157   0
 298   50064140    0.000000  180.000000   6   5  64140   0
 299   50064141    0.000000  170.000000   6   5  64141   0
 300   51064141    0.000000  170.000000   6   5  64141   1
 301   50064142    0.000000  150.000000   6   5  64142   0
 302   50064143    0.000000  140.000000   6   5  64143   0
 303   51064143    0.000000  140.000000   6   5  64143   1
 304   50064144    0.000000  130.000000   6   5  64144   0
 305   50064145    0.000000  120.000000   6   5  64145   0
 306   51064145    0.000000  120.000000   6   5  64145   1
 307   50064146    0.000000  100.000000   6   5  64146   0
 308   50064147    0.000000   95.000000   6   5  64147   0
 309   50064148    0.000000   80.000000   6   5  64148   0
 310   50064149    0.000000   72.000000   6   5  64149   0
 311   50064150    0.000000   64.000000   6   5  64150   0
 312   50064151    0.000000   56.000000   6   5  64151   0
 313   50064152    0.000000   46.000000   6   5  64152   0
 314   50064153    0.000000   40.000000   6   5  64153   0
 315   50064154    0.000000   30.000000   6   5  64154   0
 316   50064155    0.000000   24.000000   6   5  64155   0
 317   50064156    0.000000   14.500000   6   5  64156   0
 318   50064157    0.000000    8.000000   6   5  64157   0
 319   50064158    0.000000    1.000000   6   5  64158   0
 
   p   ZAP IP   NR    Tp [MeV]
   1     1  1    1    7.937390
   2     0  2    1    1.000000
   3  1001  9    1    8.519609
   4  1002 31    1   14.000000
   5  1003 32    1   14.500000
   6  2003 33    1   17.500000
   7  2004 34    1    2.500000
--------------------------------------------------------------------------------
 
