 
--------------------------------------------------------------------------------
 65-Tb-159   T= 0.00 K from IAEA/PD-2019       (ACEMAKER)
 ZAID= 65159.38u  MAT=6525  ZA= 65159
 AWR= 157.560100  STA=  0  ELIS=   0.000 MeV  LIS=  0  LISO=  0
--------------------------------------------------------------------------------
 NTOTR= 232 NTRAN= 130 NPROD= 102 NE=     184 EMAX= 200.000 MeV
   i     MT/MTD     Q [MeV]     T [MeV] LMF  MT    ZAP LFS
   1          5   -0.992860    6.500000   3   5
   2         11  -20.483370   28.400000   3  11
   3         16  -14.910000   15.000000   3  16
   4         17  -23.654000   23.654000   3  17
   5         22   -8.290001   12.000000   3  22
   6         28  -14.068000   15.600000   3  28
   7         32  -18.204000   20.000000   3  32
   8         33  -20.483000   22.000000   3  33
   9         34  -20.716000   24.000000   3  34
  10         41  -20.428000   22.000000   3  41
  11         42  -28.964000   30.400000   3  42
  12         44  -22.097000   26.000000   3  44
  13         50   -8.133430    8.133430   3  50
  14         51   -8.188470    8.188470   3  51
  15         52   -8.213330    8.213330   3  52
  16         53   -8.243730    8.243730   3  53
  17         54   -8.248930    8.248930   3  54
  18         55   -8.261730    8.261730   3  55
  19         56   -8.300830    8.300830   3  56
  20         57   -8.312330    8.312330   3  57
  21         58   -8.341230    8.341230   3  58
  22         59   -8.350730    8.350730   3  59
  23         60   -8.375430    8.375430   3  60
  24         61   -8.414030    8.414030   3  61
  25         62   -8.431930    8.431930   3  62
  26         63   -8.456030    8.456030   3  63
  27         64   -8.457430    8.457430   3  64
  28         65   -8.471530    8.471530   3  65
  29         66   -8.493230    8.493230   3  66
  30         67   -8.504630    8.504630   3  67
  31         68   -8.514530    8.514530   3  68
  32         69   -8.521830    8.521830   3  69
  33         70   -8.539430    8.539430   3  70
  34         71   -8.541530    8.541530   3  71
  35         72   -8.552730    8.552730   3  72
  36         73   -8.572430    8.572430   3  73
  37         74   -8.577830    8.577830   3  74
  38         75   -8.594330    8.594330   3  75
  39         76   -8.603130    8.603130   3  76
  40         77   -8.617430    8.617430   3  77
  41         78   -8.620730    8.620730   3  78
  42         79   -8.628830    8.628830   3  79
  43         80   -8.639330    8.639330   3  80
  44         81   -8.664430    8.664430   3  81
  45         82   -8.669430    8.669430   3  82
  46         83   -8.673430    8.673430   3  83
  47         84   -8.689430    8.689430   3  84
  48         85   -8.704430    8.704430   3  85
  49         86   -8.720430    8.720430   3  86
  50         87   -8.723430    8.723430   3  87
  51         88   -8.734930    8.734930   3  88
  52         89   -8.743530    8.743530   3  89
  53         91   -8.743101    8.743101   3  91
  54        102    0.000000    4.000000   3 102
  55        104  -11.844000   13.400000   3 104
  56        105  -11.947000   13.400000   3 105
  57        106  -14.379000   17.600000   3 106
  58        111  -14.649000   19.400000   3 111
  59        112   -6.791000   12.400000   3 112
  60        115  -19.873000   24.400000   3 115
  61        116  -19.953000   24.400000   3 116
  62        600   -6.131030    7.500000   3 600
  63        601   -6.210543    7.500000   3 601
  64        602   -6.392487    8.000000   3 602
  65        603   -6.670051    8.000000   3 603
  66        604   -7.035150    8.000000   3 604
  67        605   -7.108175    8.000000   3 605
  68        606   -7.154727    8.000000   3 606
  69        607   -7.172668    8.000000   3 607
  70        608   -7.289998    9.000000   3 608
  71        609   -7.307509    9.000000   3 609
  72        610   -7.318173    8.000000   3 610
  73        611   -7.327195    8.000000   3 611
  74        612   -7.390899    9.000000   3 612
  75        613   -7.394544    9.000000   3 613
  76        614   -7.396548    9.000000   3 614
  77        615   -7.481030    9.000000   3 615
  78        616   -7.489497    9.000000   3 616
  79        617   -7.502968    9.000000   3 617
  80        618   -7.511656    9.000000   3 618
  81        619   -7.522030    9.000000   3 619
  82        620   -7.533966    9.000000   3 620
  83        621   -7.537730    9.000000   3 621
  84        622   -7.545030    9.000000   3 622
  85        623   -7.571030    9.000000   3 623
  86        624   -7.583382    9.000000   3 624
  87        625   -7.612451    9.000000   3 625
  88        626   -7.630126    9.000000   3 626
  89        649   -7.630096    8.000000   3 649
  90        800   -0.138930    4.000000   3 800
  91        801   -0.217568    4.000000   3 801
  92        802   -0.243264    4.000000   3 802
  93        803   -0.307939    4.000000   3 803
  94        804   -0.318087    4.000000   3 804
  95        805   -0.384707    4.000000   3 805
  96        806   -0.393595    4.000000   3 806
  97        807   -0.439618    4.000000   3 807
  98        808   -0.446313    4.000000   3 808
  99        809   -0.496099    4.000000   3 809
 100        810   -0.530414    4.000000   3 810
 101        811   -0.581956    4.000000   3 811
 102        812   -0.626018    4.000000   3 812
 103        813   -0.639936    4.000000   3 813
 104        814   -0.743150    4.000000   3 814
 105        815   -0.763150    4.000000   3 815
 106        816   -0.766228    4.000000   3 816
 107        817   -0.907358    4.000000   3 817
 108        818   -0.920923    4.000000   3 818
 109        819   -0.924150    4.000000   3 819
 110        820   -0.940100    4.000000   3 820
 111        821   -0.956599    4.000000   3 821
 112        822   -1.015761    4.000000   3 822
 113        823   -1.020619    4.000000   3 823
 114        824   -1.050143    4.000000   3 824
 115        825   -1.062078    4.000000   3 825
 116        826   -1.083300    4.000000   3 826
 117        827   -1.095280    4.000000   3 827
 118        828   -1.106090    5.000000   3 828
 119        829   -1.112922    4.000000   3 829
 120        830   -1.116128    4.000000   3 830
 121        831   -1.118404    4.000000   3 831
 122        832   -1.121510    5.000000   3 832
 123        833   -1.146239    5.000000   3 833
 124        834   -1.146918    4.000000   3 834
 125        835   -1.160930    4.000000   3 835
 126        836   -1.192561    5.000000   3 836
 127        837   -1.193768    5.000000   3 837
 128        838   -1.203593    5.000000   3 838
 129        839   -1.207821    5.000000   3 839
 130        849   -1.207891    4.000000   3 849
 131      10004   -8.133430    8.133430  10   4  65158   0
 132      11004   -8.243730    8.243730  10   4  65158   1
 133   50054131  -48.557740  120.000000  10   5  54131   0
 134   50054132  -39.622310  120.000000  10   5  54132   0
 135   50054133  -33.182880  100.000000  10   5  54133   0
 136   50054134  -24.635450  100.000000  10   5  54134   0
 137   50054135  -18.252020  100.000000  10   5  54135   0
 138   50055133  -42.019230  120.000000  10   5  55133   0
 139   50055134  -35.127800  100.000000  10   5  55134   0
 140   50055135  -26.365370   90.000000  10   5  55135   0
 141   50055136  -19.536940   90.000000  10   5  55136   0
 142   50055137  -11.258510   60.000000  10   5  55137   0
 143   50056134  -53.665240  120.000000  10   5  56134   0
 144   50056135  -46.692810  100.000000  10   5  56135   0
 145   50056136  -37.585380  100.000000  10   5  56136   0
 146   50056137  -30.678950   90.000000  10   5  56137   0
 147   50056138  -22.067520   70.000000  10   5  56138   0
 148   50056139  -17.344090   70.000000  10   5  56139   0
 149   50056140  -10.915660   70.000000  10   5  56140   0
 150   50056141  -12.647560   80.000000  10   5  56141   0
 151   50057136  -49.719730  100.000000  10   5  57136   0
 152   50057137  -40.543300   90.000000  10   5  57137   0
 153   50057138  -33.069870   90.000000  10   5  57138   0
 154   50057139  -24.291440   70.000000  10   5  57139   0
 155   50057140  -19.130010   70.000000  10   5  57140   0
 156   50057141  -12.441580   60.000000  10   5  57141   0
 157   50057142   -7.274150   55.000000  10   5  57142   0
 158   50057143   -1.050720   60.000000  10   5  57143   0
 159   50058137  -62.361740  120.000000  10   5  58137   0
 160   50058138  -52.621310  100.000000  10   5  58138   0
 161   50058139  -45.165880  100.000000  10   5  58139   0
 162   50058140  -35.964450   80.000000  10   5  58140   0
 163   50058141  -30.536020   70.000000  10   5  58141   0
 164   50058142  -23.366590   60.000000  10   5  58142   0
 165   50058143  -18.222160   60.000000  10   5  58143   0
 166   50058144  -11.325730   55.000000  10   5  58144   0
 167   50058145  -12.850630   60.000000  10   5  58145   0
 168   50059139  -56.559230  100.000000  10   5  59139   0
 169   50059140  -48.616800   90.000000  10   5  59140   0
 170   50059141  -39.219370   70.000000  10   5  59141   0
 171   50059142  -33.376940   60.000000  10   5  59142   0
 172   50059143  -26.024510   55.000000  10   5  59143   0
 173   50059144  -20.271080   50.000000  10   5  59144   0
 174   50059145  -13.323650   40.000000  10   5  59145   0
 175   50060140  -69.436240  120.000000  10   5  60140   0
 176   50060141  -61.638810  100.000000  10   5  60141   0
 177   50060142  -51.810380   90.000000  10   5  60142   0
 178   50060143  -45.686950   70.000000  10   5  60143   0
 179   50060144  -37.870520   60.000000  10   5  60144   0
 180   50060145  -32.114090   55.000000  10   5  60145   0
 181   50060146  -24.548660   50.000000  10   5  60146   0
 182   50060150   -7.986890   40.000000  10   5  60150   0
 183   50061142  -65.948730  100.000000  10   5  61142   0
 184   50061143  -55.993300   80.000000  10   5  61143   0
 185   50061144  -49.465870   60.000000  10   5  61144   0
 186   50061145  -41.541440   60.000000  10   5  61145   0
 187   50061146  -35.285010   50.000000  10   5  61146   0
 188   50061147  -27.625580   40.000000  10   5  61147   0
 189   50061148  -21.728150   38.000000  10   5  61148   0
 190   50061152  -15.630250   35.000000  10   5  61152   0
 191   50062144  -69.512300  100.000000  10   5  62144   0
 192   50062145  -62.754880   90.000000  10   5  62145   0
 193   50062146  -54.339450   70.000000  10   5  62146   0
 194   50062147  -47.998020   60.000000  10   5  62147   0
 195   50062148  -39.855590   50.000000  10   5  62148   0
 196   50062149  -33.984160   45.000000  10   5  62149   0
 197   50062150  -25.998730   39.000000  10   5  62150   0
 198   50062151  -20.402300   33.000000  10   5  62151   0
 199   50062152  -12.143870   24.000000  10   5  62152   0
 200   50062155  -21.561350   36.000000  10   5  62155   0
 201   50063145  -74.679230  100.000000  10   5  63145   0
 202   50063146  -67.481800   90.000000  10   5  63146   0
 203   50063147  -58.983370   70.000000  10   5  63147   0
 204   50063148  -52.227940   60.000000  10   5  63148   0
 205   50063149  -43.944510   50.000000  10   5  63149   0
 206   50063150  -37.523080   40.000000  10   5  63150   0
 207   50063151  -29.589650   34.000000  10   5  63151   0
 208   50063155  -12.142000   12.200000  10   5  63155   0
 209   50064149  -65.853950   80.000000  10   5  64149   0
 210   50064150  -57.148520   60.000000  10   5  64150   0
 211   50064151  -50.650090   55.000000  10   5  64151   0
 212   50064152  -42.060660   45.000000  10   5  64152   0
 213   50064153  -12.158000   40.000000  10   5  64153   0
 214   50064154  -12.008000   31.400000  10   5  64154   0
 215   50065151  -62.479440   62.479440  10   5  65151   0
 216   50065152  -55.315010   55.315010  10   5  65152   0
 217   50065153  -46.646580   46.646580  10   5  65153   0
 218   50065154  -39.745150   40.000000  10   5  65154   0
 219      10022   -8.290001   36.000000  10  22  63154   0
 220      10023   -8.122220   40.000000  10  23  59146   0
 221      10024  -14.732000   18.800000  10  24  63153   0
 222      10025  -14.538000   28.000000  10  25  63152   0
 223      10029   -8.856290   26.400000  10  29  61150   0
 224      10030  -14.458720   31.000000  10  30  61149   0
 225      10035  -11.923800   40.000000  10  35  60148   0
 226      10036  -19.257230   45.000000  10  36  60147   0
 227      10037  -30.567000   30.567000  10  37  65155   0
 228      10045  -12.533770   24.000000  10  45  62153   0
 229      10108   -0.992860   17.600000  10 108  61151   0
 230      10109   -1.345790   40.000000  10 109  59147   0
 231      10112   -6.791000   40.000000  10 112  62154   0
 232      10114  -13.142700   40.000000  10 114  60149   0
 
   p   ZAP IP   NR    Tp [MeV]
   1     1  1   53    6.500000
   2     0  2  126    4.000000
   3  1001  9   37    6.500000
   4  1002 31    5    6.500000
   5  1003 32    4    6.500000
   6  2003 33    3    6.500000
   7  2004 34   44    4.000000
--------------------------------------------------------------------------------
 
