 
--------------------------------------------------------------------------------
 65-Tb-158   T= 0.00 K from IAEA/PD-2019       (ACEMAKER)
 ZAID= 65158.38u  MAT=6522  ZA= 65158
 AWR= 156.568800  STA=  1  ELIS=   0.000 MeV  LIS=  0  LISO=  0
--------------------------------------------------------------------------------
 NTOTR= 348 NTRAN=   1 NPROD= 347 NE=     131 EMAX= 200.000 MeV
   i     MT/MTD     Q [MeV]     T [MeV] LMF  MT    ZAP LFS
   1          5    0.000000    1.000000   3   5
   2   50050125    0.000000  140.000000   6   5  50125   0
   3   51050125    0.000000  140.000000   6   5  50125   1
   4   50050126    0.000000  140.000000   6   5  50126   0
   5   50050127    0.000000  140.000000   6   5  50127   0
   6   51050127    0.000000  140.000000   6   5  50127   1
   7   50050128    0.000000  140.000000   6   5  50128   0
   8   51050128    0.000000  140.000000   6   5  50128   1
   9   50050129    0.000000  140.000000   6   5  50129   0
  10   51050129    0.000000  140.000000   6   5  50129   1
  11   50050130    0.000000  140.000000   6   5  50130   0
  12   51050130    0.000000  140.000000   6   5  50130   1
  13   50050131    0.000000  170.000000   6   5  50131   0
  14   51050131    0.000000  170.000000   6   5  50131   1
  15   50050132    0.000000  170.000000   6   5  50132   0
  16   50051126    0.000000  130.000000   6   5  51126   0
  17   51051126    0.000000  130.000000   6   5  51126   1
  18   50051127    0.000000  130.000000   6   5  51127   0
  19   50051128    0.000000  120.000000   6   5  51128   0
  20   51051128    0.000000  120.000000   6   5  51128   1
  21   50051129    0.000000  120.000000   6   5  51129   0
  22   51051129    0.000000  120.000000   6   5  51129   1
  23   50051130    0.000000  110.000000   6   5  51130   0
  24   51051130    0.000000  110.000000   6   5  51130   1
  25   50051131    0.000000  110.000000   6   5  51131   0
  26   50051132    0.000000  140.000000   6   5  51132   0
  27   51051132    0.000000  140.000000   6   5  51132   1
  28   50051133    0.000000  140.000000   6   5  51133   0
  29   50051134    0.000000  170.000000   6   5  51134   0
  30   51051134    0.000000  170.000000   6   5  51134   1
  31   50051135    0.000000  170.000000   6   5  51135   0
  32   50052127    0.000000  130.000000   6   5  52127   0
  33   51052127    0.000000  130.000000   6   5  52127   1
  34   50052128    0.000000  130.000000   6   5  52128   0
  35   50052129    0.000000  120.000000   6   5  52129   0
  36   51052129    0.000000  120.000000   6   5  52129   1
  37   50052130    0.000000  110.000000   6   5  52130   0
  38   50052131    0.000000  110.000000   6   5  52131   0
  39   51052131    0.000000  110.000000   6   5  52131   1
  40   50052132    0.000000  110.000000   6   5  52132   0
  41   50052133    0.000000  110.000000   6   5  52133   0
  42   51052133    0.000000  110.000000   6   5  52133   1
  43   50052134    0.000000  110.000000   6   5  52134   0
  44   50052135    0.000000  140.000000   6   5  52135   0
  45   50052136    0.000000  140.000000   6   5  52136   0
  46   50052137    0.000000  170.000000   6   5  52137   0
  47   50052138    0.000000  170.000000   6   5  52138   0
  48   50053128    0.000000  130.000000   6   5  53128   0
  49   50053129    0.000000  120.000000   6   5  53129   0
  50   50053130    0.000000  110.000000   6   5  53130   0
  51   51053130    0.000000  110.000000   6   5  53130   1
  52   50053131    0.000000  100.000000   6   5  53131   0
  53   50053132    0.000000   90.000000   6   5  53132   0
  54   50053133    0.000000   85.000000   6   5  53133   0
  55   51053133    0.000000   85.000000   6   5  53133   1
  56   50053134    0.000000   85.000000   6   5  53134   0
  57   50053135    0.000000   85.000000   6   5  53135   0
  58   50053136    0.000000  110.000000   6   5  53136   0
  59   50053137    0.000000  110.000000   6   5  53137   0
  60   50053138    0.000000  140.000000   6   5  53138   0
  61   50053139    0.000000  140.000000   6   5  53139   0
  62   50053140    0.000000  170.000000   6   5  53140   0
  63   50053141    0.000000  180.000000   6   5  53141   0
  64   50054129    0.000000  130.000000   6   5  54129   0
  65   51054129    0.000000  130.000000   6   5  54129   1
  66   50054130    0.000000  120.000000   6   5  54130   0
  67   50054131    0.000000  110.000000   6   5  54131   0
  68   51054131    0.000000  110.000000   6   5  54131   1
  69   50054132    0.000000  100.000000   6   5  54132   0
  70   50054133    0.000000   90.000000   6   5  54133   0
  71   51054133    0.000000   90.000000   6   5  54133   1
  72   50054134    0.000000   85.000000   6   5  54134   0
  73   51054134    0.000000   85.000000   6   5  54134   1
  74   50054135    0.000000   85.000000   6   5  54135   0
  75   51054135    0.000000   85.000000   6   5  54135   1
  76   50054136    0.000000   85.000000   6   5  54136   0
  77   50054137    0.000000   80.000000   6   5  54137   0
  78   50054138    0.000000   80.000000   6   5  54138   0
  79   50054139    0.000000  110.000000   6   5  54139   0
  80   50054140    0.000000  110.000000   6   5  54140   0
  81   50054141    0.000000  140.000000   6   5  54141   0
  82   50054142    0.000000  140.000000   6   5  54142   0
  83   50054143    0.000000  180.000000   6   5  54143   0
  84   50054144    0.000000  180.000000   6   5  54144   0
  85   50055130    0.000000  130.000000   6   5  55130   0
  86   51055130    0.000000  130.000000   6   5  55130   1
  87   50055131    0.000000  120.000000   6   5  55131   0
  88   50055132    0.000000  110.000000   6   5  55132   0
  89   50055133    0.000000   95.000000   6   5  55133   0
  90   50055134    0.000000   85.000000   6   5  55134   0
  91   51055134    0.000000   85.000000   6   5  55134   1
  92   50055135    0.000000   76.000000   6   5  55135   0
  93   50055136    0.000000   70.000000   6   5  55136   0
  94   51055136    0.000000   70.000000   6   5  55136   1
  95   50055137    0.000000   64.000000   6   5  55137   0
  96   50055138    0.000000   60.000000   6   5  55138   0
  97   51055138    0.000000   60.000000   6   5  55138   1
  98   50055139    0.000000   60.000000   6   5  55139   0
  99   50055140    0.000000   80.000000   6   5  55140   0
 100   50055141    0.000000   85.000000   6   5  55141   0
 101   50055142    0.000000  110.000000   6   5  55142   0
 102   50055143    0.000000  110.000000   6   5  55143   0
 103   50055144    0.000000  140.000000   6   5  55144   0
 104   50055145    0.000000  150.000000   6   5  55145   0
 105   50055146    0.000000  180.000000   6   5  55146   0
 106   50056131    0.000000  130.000000   6   5  56131   0
 107   51056131    0.000000  130.000000   6   5  56131   1
 108   50056132    0.000000  120.000000   6   5  56132   0
 109   50056133    0.000000  110.000000   6   5  56133   0
 110   51056133    0.000000  110.000000   6   5  56133   1
 111   50056134    0.000000   95.000000   6   5  56134   0
 112   50056135    0.000000   85.000000   6   5  56135   0
 113   51056135    0.000000   85.000000   6   5  56135   1
 114   50056136    0.000000   76.000000   6   5  56136   0
 115   51056136    0.000000   76.000000   6   5  56136   1
 116   50056137    0.000000   70.000000   6   5  56137   0
 117   51056137    0.000000   70.000000   6   5  56137   1
 118   50056138    0.000000   64.000000   6   5  56138   0
 119   50056139    0.000000   60.000000   6   5  56139   0
 120   50056140    0.000000   60.000000   6   5  56140   0
 121   50056141    0.000000   60.000000   6   5  56141   0
 122   50056142    0.000000   62.000000   6   5  56142   0
 123   50056143    0.000000   85.000000   6   5  56143   0
 124   50056144    0.000000   85.000000   6   5  56144   0
 125   50056145    0.000000  110.000000   6   5  56145   0
 126   50056146    0.000000  120.000000   6   5  56146   0
 127   50056147    0.000000  150.000000   6   5  56147   0
 128   50056148    0.000000  150.000000   6   5  56148   0
 129   50057132    0.000000  130.000000   6   5  57132   0
 130   51057132    0.000000  130.000000   6   5  57132   1
 131   50057133    0.000000  120.000000   6   5  57133   0
 132   50057134    0.000000  110.000000   6   5  57134   0
 133   50057135    0.000000  100.000000   6   5  57135   0
 134   50057136    0.000000   85.000000   6   5  57136   0
 135   51057136    0.000000   85.000000   6   5  57136   1
 136   50057137    0.000000   74.000000   6   5  57137   0
 137   50057138    0.000000   68.000000   6   5  57138   0
 138   50057139    0.000000   60.000000   6   5  57139   0
 139   50057140    0.000000   52.000000   6   5  57140   0
 140   50057141    0.000000   46.000000   6   5  57141   0
 141   50057142    0.000000   40.000000   6   5  57142   0
 142   50057143    0.000000   46.000000   6   5  57143   0
 143   50057144    0.000000   60.000000   6   5  57144   0
 144   50057145    0.000000   64.000000   6   5  57145   0
 145   50057146    0.000000   85.000000   6   5  57146   0
 146   51057146    0.000000   85.000000   6   5  57146   1
 147   50057147    0.000000   85.000000   6   5  57147   0
 148   50057148    0.000000  120.000000   6   5  57148   0
 149   50057149    0.000000  120.000000   6   5  57149   0
 150   50057150    0.000000  150.000000   6   5  57150   0
 151   50058133    0.000000  130.000000   6   5  58133   0
 152   51058133    0.000000  130.000000   6   5  58133   1
 153   50058134    0.000000  120.000000   6   5  58134   0
 154   50058135    0.000000  110.000000   6   5  58135   0
 155   51058135    0.000000  110.000000   6   5  58135   1
 156   50058136    0.000000  100.000000   6   5  58136   0
 157   50058137    0.000000   85.000000   6   5  58137   0
 158   51058137    0.000000   85.000000   6   5  58137   1
 159   50058138    0.000000   76.000000   6   5  58138   0
 160   50058139    0.000000   68.000000   6   5  58139   0
 161   51058139    0.000000   68.000000   6   5  58139   1
 162   50058140    0.000000   60.000000   6   5  58140   0
 163   50058141    0.000000   52.000000   6   5  58141   0
 164   50058142    0.000000   46.000000   6   5  58142   0
 165   50058143    0.000000   40.000000   6   5  58143   0
 166   50058144    0.000000   40.000000   6   5  58144   0
 167   50058145    0.000000   40.000000   6   5  58145   0
 168   50058146    0.000000   48.000000   6   5  58146   0
 169   50058147    0.000000   62.000000   6   5  58147   0
 170   50058148    0.000000   66.000000   6   5  58148   0
 171   50058149    0.000000   85.000000   6   5  58149   0
 172   50058150    0.000000   90.000000   6   5  58150   0
 173   50058151    0.000000  120.000000   6   5  58151   0
 174   50059134    0.000000  140.000000   6   5  59134   0
 175   51059134    0.000000  140.000000   6   5  59134   1
 176   50059135    0.000000  130.000000   6   5  59135   0
 177   50059136    0.000000  120.000000   6   5  59136   0
 178   50059137    0.000000  110.000000   6   5  59137   0
 179   50059138    0.000000   90.000000   6   5  59138   0
 180   51059138    0.000000   90.000000   6   5  59138   1
 181   50059139    0.000000   78.000000   6   5  59139   0
 182   50059140    0.000000   68.000000   6   5  59140   0
 183   50059141    0.000000   60.000000   6   5  59141   0
 184   50059142    0.000000   52.000000   6   5  59142   0
 185   51059142    0.000000   52.000000   6   5  59142   1
 186   50059143    0.000000   44.000000   6   5  59143   0
 187   50059144    0.000000   38.000000   6   5  59144   0
 188   51059144    0.000000   38.000000   6   5  59144   1
 189   50059145    0.000000   28.000000   6   5  59145   0
 190   50059146    0.000000   23.000000   6   5  59146   0
 191   50059147    0.000000   34.000000   6   5  59147   0
 192   50059148    0.000000   40.000000   6   5  59148   0
 193   51059148    0.000000   40.000000   6   5  59148   1
 194   50059149    0.000000   50.000000   6   5  59149   0
 195   50059150    0.000000   62.000000   6   5  59150   0
 196   50059151    0.000000   68.000000   6   5  59151   0
 197   50059152    0.000000   90.000000   6   5  59152   0
 198   50060135    0.000000  140.000000   6   5  60135   0
 199   50060136    0.000000  130.000000   6   5  60136   0
 200   50060137    0.000000  120.000000   6   5  60137   0
 201   51060137    0.000000  120.000000   6   5  60137   1
 202   50060138    0.000000  110.000000   6   5  60138   0
 203   50060139    0.000000   95.000000   6   5  60139   0
 204   51060139    0.000000   95.000000   6   5  60139   1
 205   50060140    0.000000   85.000000   6   5  60140   0
 206   50060141    0.000000   74.000000   6   5  60141   0
 207   51060141    0.000000   74.000000   6   5  60141   1
 208   50060142    0.000000   62.000000   6   5  60142   0
 209   50060143    0.000000   56.000000   6   5  60143   0
 210   50060144    0.000000   48.000000   6   5  60144   0
 211   50060145    0.000000   40.000000   6   5  60145   0
 212   50060146    0.000000   32.000000   6   5  60146   0
 213   50060147    0.000000   27.000000   6   5  60147   0
 214   50060148    0.000000   25.000000   6   5  60148   0
 215   50060149    0.000000   21.000000   6   5  60149   0
 216   50060150    0.000000   34.000000   6   5  60150   0
 217   50060151    0.000000   40.000000   6   5  60151   0
 218   50060152    0.000000   50.000000   6   5  60152   0
 219   50060153    0.000000   62.000000   6   5  60153   0
 220   50061136    0.000000  160.000000   6   5  61136   0
 221   51061136    0.000000  160.000000   6   5  61136   1
 222   50061137    0.000000  140.000000   6   5  61137   0
 223   50061138    0.000000  130.000000   6   5  61138   0
 224   51061138    0.000000  130.000000   6   5  61138   1
 225   50061139    0.000000  110.000000   6   5  61139   0
 226   51061139    0.000000  110.000000   6   5  61139   1
 227   50061140    0.000000  100.000000   6   5  61140   0
 228   51061140    0.000000  100.000000   6   5  61140   1
 229   50061141    0.000000   85.000000   6   5  61141   0
 230   50061142    0.000000   72.000000   6   5  61142   0
 231   50061143    0.000000   64.000000   6   5  61143   0
 232   50061144    0.000000   56.000000   6   5  61144   0
 233   50061145    0.000000   46.000000   6   5  61145   0
 234   50061146    0.000000   40.000000   6   5  61146   0
 235   50061147    0.000000   30.000000   6   5  61147   0
 236   50061148    0.000000   23.000000   6   5  61148   0
 237   51061148    0.000000   23.000000   6   5  61148   1
 238   50061149    0.000000   14.500000   6   5  61149   0
 239   50061150    0.000000    9.000000   6   5  61150   0
 240   50061151    0.000000   21.000000   6   5  61151   0
 241   50061152    0.000000   23.000000   6   5  61152   0
 242   50061153    0.000000   36.000000   6   5  61153   0
 243   50061154    0.000000   40.000000   6   5  61154   0
 244   51061154    0.000000   40.000000   6   5  61154   1
 245   50062137    0.000000  160.000000   6   5  62137   0
 246   50062138    0.000000  140.000000   6   5  62138   0
 247   50062139    0.000000  130.000000   6   5  62139   0
 248   51062139    0.000000  130.000000   6   5  62139   1
 249   50062140    0.000000  120.000000   6   5  62140   0
 250   50062141    0.000000  110.000000   6   5  62141   0
 251   51062141    0.000000  110.000000   6   5  62141   1
 252   50062142    0.000000   95.000000   6   5  62142   0
 253   50062143    0.000000   85.000000   6   5  62143   0
 254   51062143    0.000000   85.000000   6   5  62143   1
 255   50062144    0.000000   72.000000   6   5  62144   0
 256   50062145    0.000000   64.000000   6   5  62145   0
 257   50062146    0.000000   54.000000   6   5  62146   0
 258   50062147    0.000000   48.000000   6   5  62147   0
 259   50062148    0.000000   38.000000   6   5  62148   0
 260   50062149    0.000000   32.000000   6   5  62149   0
 261   50062150    0.000000   24.000000   6   5  62150   0
 262   50062151    0.000000   18.000000   6   5  62151   0
 263   50062152    0.000000   15.500000   6   5  62152   0
 264   50062153    0.000000   11.000000   6   5  62153   0
 265   50062154    0.000000   23.000000   6   5  62154   0
 266   50062155    0.000000   25.000000   6   5  62155   0
 267   50063138    0.000000  180.000000   6   5  63138   0
 268   50063139    0.000000  160.000000   6   5  63139   0
 269   50063140    0.000000  140.000000   6   5  63140   0
 270   51063140    0.000000  140.000000   6   5  63140   1
 271   50063141    0.000000  130.000000   6   5  63141   0
 272   51063141    0.000000  130.000000   6   5  63141   1
 273   50063142    0.000000  110.000000   6   5  63142   0
 274   51063142    0.000000  110.000000   6   5  63142   1
 275   50063143    0.000000  100.000000   6   5  63143   0
 276   50063144    0.000000   85.000000   6   5  63144   0
 277   50063145    0.000000   74.000000   6   5  63145   0
 278   50063146    0.000000   66.000000   6   5  63146   0
 279   50063147    0.000000   56.000000   6   5  63147   0
 280   50063148    0.000000   48.000000   6   5  63148   0
 281   50063149    0.000000   40.000000   6   5  63149   0
 282   50063150    0.000000   32.000000   6   5  63150   0
 283   51063150    0.000000   32.000000   6   5  63150   1
 284   50063151    0.000000   24.000000   6   5  63151   0
 285   50063152    0.000000   17.500000   6   5  63152   0
 286   51063152    0.000000   17.500000   6   5  63152   1
 287   52063152    0.000000   17.500000   6   5  63152   2
 288   50063153    0.000000    8.500000   6   5  63153   0
 289   50063154    0.000000    2.000000   6   5  63154   0
 290   51063154    0.000000    3.000000   6   5  63154   1
 291   50063155    0.000000   14.500000   6   5  63155   0
 292   50063156    0.000000   15.500000   6   5  63156   0
 293   50064139    0.000000  180.000000   6   5  64139   0
 294   51064139    0.000000  180.000000   6   5  64139   1
 295   50064140    0.000000  160.000000   6   5  64140   0
 296   50064141    0.000000  150.000000   6   5  64141   0
 297   51064141    0.000000  150.000000   6   5  64141   1
 298   50064142    0.000000  140.000000   6   5  64142   0
 299   50064143    0.000000  130.000000   6   5  64143   0
 300   51064143    0.000000  130.000000   6   5  64143   1
 301   50064144    0.000000  120.000000   6   5  64144   0
 302   50064145    0.000000  100.000000   6   5  64145   0
 303   51064145    0.000000  110.000000   6   5  64145   1
 304   50064146    0.000000   90.000000   6   5  64146   0
 305   50064147    0.000000   80.000000   6   5  64147   0
 306   50064148    0.000000   70.000000   6   5  64148   0
 307   50064149    0.000000   62.000000   6   5  64149   0
 308   50064150    0.000000   52.000000   6   5  64150   0
 309   50064151    0.000000   46.000000   6   5  64151   0
 310   50064152    0.000000   36.000000   6   5  64152   0
 311   50064153    0.000000   29.000000   6   5  64153   0
 312   50064154    0.000000   19.500000   6   5  64154   0
 313   50064155    0.000000   13.000000   6   5  64155   0
 314   50064156    0.000000   10.500000   6   5  64156   0
 315   50064157    0.000000    6.500000   6   5  64157   0
 316   50065141    0.000000  190.000000   6   5  65141   0
 317   51065141    0.000000  190.000000   6   5  65141   1
 318   50065142    0.000000  160.000000   6   5  65142   0
 319   51065142    0.000000  160.000000   6   5  65142   1
 320   50065143    0.000000  150.000000   6   5  65143   0
 321   51065143    0.000000  150.000000   6   5  65143   1
 322   50065144    0.000000  140.000000   6   5  65144   0
 323   51065144    0.000000  140.000000   6   5  65144   1
 324   50065145    0.000000  120.000000   6   5  65145   0
 325   50065146    0.000000  110.000000   6   5  65146   0
 326   51065146    0.000000  110.000000   6   5  65146   1
 327   50065147    0.000000   95.000000   6   5  65147   0
 328   51065147    0.000000   95.000000   6   5  65147   1
 329   50065148    0.000000   85.000000   6   5  65148   0
 330   51065148    0.000000   85.000000   6   5  65148   1
 331   50065149    0.000000   76.000000   6   5  65149   0
 332   51065149    0.000000   76.000000   6   5  65149   1
 333   50065150    0.000000   68.000000   6   5  65150   0
 334   51065150    0.000000   68.000000   6   5  65150   1
 335   50065151    0.000000   58.000000   6   5  65151   0
 336   51065151    0.000000   58.000000   6   5  65151   1
 337   50065152    0.000000   50.000000   6   5  65152   0
 338   51065152    0.000000   50.000000   6   5  65152   1
 339   50065153    0.000000   40.000000   6   5  65153   0
 340   50065154    0.000000   34.000000   6   5  65154   0
 341   51065154    0.000000   34.000000   6   5  65154   1
 342   50065155    0.000000   23.000000   6   5  65155   0
 343   50065156    0.000000   16.000000   6   5  65156   0
 344   51065156    0.000000   16.000000   6   5  65156   1
 345   52065156    0.000000   16.000000   6   5  65156   2
 346   50065157    0.000000    7.000000   6   5  65157   0
 347   50065158    0.000000    1.000000   6   5  65158   0
 348   51065158    0.000000    1.000000   6   5  65158   1
 
   p   ZAP IP   NR    Tp [MeV]
   1     1  1    1    6.778555
   2     0  2    1    1.000000
   3  1001  9    1    5.936166
   4  1002 31    1   10.500000
   5  1003 32    1   13.000000
   6  2003 33    1   14.500000
   7  2004 34    1    2.000000
--------------------------------------------------------------------------------
 
