 
--------------------------------------------------------------------------------
 66-Dy-163   T= 0.00 K from IAEA/PD-2019       (ACEMAKER)
 ZAID= 66163.38u  MAT=6646  ZA= 66163
 AWR= 161.529100  STA=  0  ELIS=   0.000 MeV  LIS=  0  LISO=  0
--------------------------------------------------------------------------------
 NTOTR= 312 NTRAN=   1 NPROD= 311 NE=     129 EMAX= 200.000 MeV
   i     MT/MTD     Q [MeV]     T [MeV] LMF  MT    ZAP LFS
   1          5    0.000000    1.000000   3   5
   2   50051130    0.000000  160.000000   6   5  51130   0
   3   51051130    0.000000  160.000000   6   5  51130   1
   4   50051131    0.000000  160.000000   6   5  51131   0
   5   50051132    0.000000  160.000000   6   5  51132   0
   6   51051132    0.000000  160.000000   6   5  51132   1
   7   50051133    0.000000  160.000000   6   5  51133   0
   8   50051134    0.000000  160.000000   6   5  51134   0
   9   51051134    0.000000  160.000000   6   5  51134   1
  10   50051135    0.000000  160.000000   6   5  51135   0
  11   50051136    0.000000  190.000000   6   5  51136   0
  12   50051137    0.000000  190.000000   6   5  51137   0
  13   50052131    0.000000  140.000000   6   5  52131   0
  14   51052131    0.000000  140.000000   6   5  52131   1
  15   50052132    0.000000  130.000000   6   5  52132   0
  16   50052133    0.000000  130.000000   6   5  52133   0
  17   51052133    0.000000  130.000000   6   5  52133   1
  18   50052134    0.000000  130.000000   6   5  52134   0
  19   50052135    0.000000  130.000000   6   5  52135   0
  20   50052136    0.000000  130.000000   6   5  52136   0
  21   50052137    0.000000  150.000000   6   5  52137   0
  22   50052138    0.000000  150.000000   6   5  52138   0
  23   50052139    0.000000  190.000000   6   5  52139   0
  24   50052140    0.000000  190.000000   6   5  52140   0
  25   50053132    0.000000  140.000000   6   5  53132   0
  26   50053133    0.000000  130.000000   6   5  53133   0
  27   51053133    0.000000  130.000000   6   5  53133   1
  28   50053134    0.000000  130.000000   6   5  53134   0
  29   50053135    0.000000  130.000000   6   5  53135   0
  30   50053136    0.000000  130.000000   6   5  53136   0
  31   50053137    0.000000  130.000000   6   5  53137   0
  32   50053138    0.000000  130.000000   6   5  53138   0
  33   50053139    0.000000  130.000000   6   5  53139   0
  34   50053140    0.000000  150.000000   6   5  53140   0
  35   50053141    0.000000  160.000000   6   5  53141   0
  36   50053142    0.000000  190.000000   6   5  53142   0
  37   50054133    0.000000  130.000000   6   5  54133   0
  38   51054133    0.000000  130.000000   6   5  54133   1
  39   50054134    0.000000  120.000000   6   5  54134   0
  40   51054134    0.000000  120.000000   6   5  54134   1
  41   50054135    0.000000  110.000000   6   5  54135   0
  42   51054135    0.000000  110.000000   6   5  54135   1
  43   50054136    0.000000  110.000000   6   5  54136   0
  44   50054137    0.000000  100.000000   6   5  54137   0
  45   50054138    0.000000  100.000000   6   5  54138   0
  46   50054139    0.000000  100.000000   6   5  54139   0
  47   50054140    0.000000  100.000000   6   5  54140   0
  48   50054141    0.000000  130.000000   6   5  54141   0
  49   50054142    0.000000  130.000000   6   5  54142   0
  50   50054143    0.000000  160.000000   6   5  54143   0
  51   50054144    0.000000  160.000000   6   5  54144   0
  52   50055134    0.000000  130.000000   6   5  55134   0
  53   51055134    0.000000  130.000000   6   5  55134   1
  54   50055135    0.000000  120.000000   6   5  55135   0
  55   50055136    0.000000  110.000000   6   5  55136   0
  56   51055136    0.000000  110.000000   6   5  55136   1
  57   50055137    0.000000  110.000000   6   5  55137   0
  58   50055138    0.000000  100.000000   6   5  55138   0
  59   51055138    0.000000  100.000000   6   5  55138   1
  60   50055139    0.000000  100.000000   6   5  55139   0
  61   50055140    0.000000  100.000000   6   5  55140   0
  62   50055141    0.000000  100.000000   6   5  55141   0
  63   50055142    0.000000  100.000000   6   5  55142   0
  64   50055143    0.000000  100.000000   6   5  55143   0
  65   50055144    0.000000  130.000000   6   5  55144   0
  66   50055145    0.000000  130.000000   6   5  55145   0
  67   50055146    0.000000  160.000000   6   5  55146   0
  68   50055147    0.000000  160.000000   6   5  55147   0
  69   50056135    0.000000  130.000000   6   5  56135   0
  70   51056135    0.000000  130.000000   6   5  56135   1
  71   50056136    0.000000  120.000000   6   5  56136   0
  72   51056136    0.000000  120.000000   6   5  56136   1
  73   50056137    0.000000  110.000000   6   5  56137   0
  74   51056137    0.000000  110.000000   6   5  56137   1
  75   50056138    0.000000  100.000000   6   5  56138   0
  76   50056139    0.000000   90.000000   6   5  56139   0
  77   50056140    0.000000   85.000000   6   5  56140   0
  78   50056141    0.000000   76.000000   6   5  56141   0
  79   50056142    0.000000   74.000000   6   5  56142   0
  80   50056143    0.000000   72.000000   6   5  56143   0
  81   50056144    0.000000   72.000000   6   5  56144   0
  82   50056145    0.000000   95.000000   6   5  56145   0
  83   50056146    0.000000   95.000000   6   5  56146   0
  84   50056147    0.000000  130.000000   6   5  56147   0
  85   50056148    0.000000  130.000000   6   5  56148   0
  86   50056149    0.000000  160.000000   6   5  56149   0
  87   50056150    0.000000  170.000000   6   5  56150   0
  88   50057136    0.000000  130.000000   6   5  57136   0
  89   51057136    0.000000  130.000000   6   5  57136   1
  90   50057137    0.000000  120.000000   6   5  57137   0
  91   50057138    0.000000  110.000000   6   5  57138   0
  92   50057139    0.000000  100.000000   6   5  57139   0
  93   50057140    0.000000   90.000000   6   5  57140   0
  94   50057141    0.000000   85.000000   6   5  57141   0
  95   50057142    0.000000   76.000000   6   5  57142   0
  96   50057143    0.000000   74.000000   6   5  57143   0
  97   50057144    0.000000   72.000000   6   5  57144   0
  98   50057145    0.000000   72.000000   6   5  57145   0
  99   50057146    0.000000   72.000000   6   5  57146   0
 100   51057146    0.000000   72.000000   6   5  57146   1
 101   50057147    0.000000   72.000000   6   5  57147   0
 102   50057148    0.000000   95.000000   6   5  57148   0
 103   50057149    0.000000  100.000000   6   5  57149   0
 104   50057150    0.000000  130.000000   6   5  57150   0
 105   50057151    0.000000  130.000000   6   5  57151   0
 106   50057152    0.000000  170.000000   6   5  57152   0
 107   50057153    0.000000  180.000000   6   5  57153   0
 108   50058137    0.000000  130.000000   6   5  58137   0
 109   51058137    0.000000  130.000000   6   5  58137   1
 110   50058138    0.000000  120.000000   6   5  58138   0
 111   50058139    0.000000  110.000000   6   5  58139   0
 112   51058139    0.000000  110.000000   6   5  58139   1
 113   50058140    0.000000   95.000000   6   5  58140   0
 114   50058141    0.000000   90.000000   6   5  58141   0
 115   50058142    0.000000   78.000000   6   5  58142   0
 116   50058143    0.000000   72.000000   6   5  58143   0
 117   50058144    0.000000   64.000000   6   5  58144   0
 118   50058145    0.000000   58.000000   6   5  58145   0
 119   50058146    0.000000   52.000000   6   5  58146   0
 120   50058147    0.000000   48.000000   6   5  58147   0
 121   50058148    0.000000   54.000000   6   5  58148   0
 122   50058149    0.000000   70.000000   6   5  58149   0
 123   50058150    0.000000   72.000000   6   5  58150   0
 124   50058151    0.000000  100.000000   6   5  58151   0
 125   50058152    0.000000  100.000000   6   5  58152   0
 126   50058153    0.000000  130.000000   6   5  58153   0
 127   50058154    0.000000  140.000000   6   5  58154   0
 128   50058155    0.000000  180.000000   6   5  58155   0
 129   50059138    0.000000  130.000000   6   5  59138   0
 130   51059138    0.000000  130.000000   6   5  59138   1
 131   50059139    0.000000  120.000000   6   5  59139   0
 132   50059140    0.000000  110.000000   6   5  59140   0
 133   50059141    0.000000   95.000000   6   5  59141   0
 134   50059142    0.000000   90.000000   6   5  59142   0
 135   51059142    0.000000   90.000000   6   5  59142   1
 136   50059143    0.000000   78.000000   6   5  59143   0
 137   50059144    0.000000   72.000000   6   5  59144   0
 138   51059144    0.000000   72.000000   6   5  59144   1
 139   50059145    0.000000   64.000000   6   5  59145   0
 140   50059146    0.000000   58.000000   6   5  59146   0
 141   50059147    0.000000   52.000000   6   5  59147   0
 142   50059148    0.000000   48.000000   6   5  59148   0
 143   51059148    0.000000   48.000000   6   5  59148   1
 144   50059149    0.000000   48.000000   6   5  59149   0
 145   50059150    0.000000   46.000000   6   5  59150   0
 146   50059151    0.000000   54.000000   6   5  59151   0
 147   50059152    0.000000   68.000000   6   5  59152   0
 148   50059153    0.000000   74.000000   6   5  59153   0
 149   50059154    0.000000  100.000000   6   5  59154   0
 150   50059155    0.000000  110.000000   6   5  59155   0
 151   50059156    0.000000  140.000000   6   5  59156   0
 152   50060139    0.000000  130.000000   6   5  60139   0
 153   51060139    0.000000  130.000000   6   5  60139   1
 154   50060140    0.000000  120.000000   6   5  60140   0
 155   50060141    0.000000  110.000000   6   5  60141   0
 156   51060141    0.000000  110.000000   6   5  60141   1
 157   50060142    0.000000  100.000000   6   5  60142   0
 158   50060143    0.000000   90.000000   6   5  60143   0
 159   50060144    0.000000   80.000000   6   5  60144   0
 160   50060145    0.000000   70.000000   6   5  60145   0
 161   50060146    0.000000   62.000000   6   5  60146   0
 162   50060147    0.000000   54.000000   6   5  60147   0
 163   50060148    0.000000   46.000000   6   5  60148   0
 164   50060149    0.000000   38.000000   6   5  60149   0
 165   50060150    0.000000   32.000000   6   5  60150   0
 166   50060151    0.000000   24.000000   6   5  60151   0
 167   50060152    0.000000   38.000000   6   5  60152   0
 168   50060153    0.000000   46.000000   6   5  60153   0
 169   50060154    0.000000   54.000000   6   5  60154   0
 170   50060155    0.000000   68.000000   6   5  60155   0
 171   50060156    0.000000   72.000000   6   5  60156   0
 172   50060157    0.000000  110.000000   6   5  60157   0
 173   50061140    0.000000  140.000000   6   5  61140   0
 174   51061140    0.000000  140.000000   6   5  61140   1
 175   50061141    0.000000  120.000000   6   5  61141   0
 176   50061142    0.000000  110.000000   6   5  61142   0
 177   50061143    0.000000  100.000000   6   5  61143   0
 178   50061144    0.000000   90.000000   6   5  61144   0
 179   50061145    0.000000   85.000000   6   5  61145   0
 180   50061146    0.000000   76.000000   6   5  61146   0
 181   50061147    0.000000   68.000000   6   5  61147   0
 182   50061148    0.000000   62.000000   6   5  61148   0
 183   51061148    0.000000   62.000000   6   5  61148   1
 184   50061149    0.000000   52.000000   6   5  61149   0
 185   50061150    0.000000   46.000000   6   5  61150   0
 186   50061151    0.000000   36.000000   6   5  61151   0
 187   50061152    0.000000   30.000000   6   5  61152   0
 188   50061153    0.000000   30.000000   6   5  61153   0
 189   50061154    0.000000   24.000000   6   5  61154   0
 190   51061154    0.000000   24.000000   6   5  61154   1
 191   50061155    0.000000   38.000000   6   5  61155   0
 192   50061156    0.000000   46.000000   6   5  61156   0
 193   50061157    0.000000   56.000000   6   5  61157   0
 194   50061158    0.000000   72.000000   6   5  61158   0
 195   50062141    0.000000  140.000000   6   5  62141   0
 196   51062141    0.000000  140.000000   6   5  62141   1
 197   50062142    0.000000  130.000000   6   5  62142   0
 198   50062143    0.000000  120.000000   6   5  62143   0
 199   51062143    0.000000  120.000000   6   5  62143   1
 200   50062144    0.000000  110.000000   6   5  62144   0
 201   50062145    0.000000   95.000000   6   5  62145   0
 202   50062146    0.000000   85.000000   6   5  62146   0
 203   50062147    0.000000   74.000000   6   5  62147   0
 204   50062148    0.000000   66.000000   6   5  62148   0
 205   50062149    0.000000   56.000000   6   5  62149   0
 206   50062150    0.000000   48.000000   6   5  62150   0
 207   50062151    0.000000   40.000000   6   5  62151   0
 208   50062152    0.000000   30.000000   6   5  62152   0
 209   50062153    0.000000   24.000000   6   5  62153   0
 210   50062154    0.000000   16.000000   6   5  62154   0
 211   50062155    0.000000   10.000000   6   5  62155   0
 212   50062156    0.000000   23.000000   6   5  62156   0
 213   50062157    0.000000   25.000000   6   5  62157   0
 214   50062158    0.000000   40.000000   6   5  62158   0
 215   50062159    0.000000   46.000000   6   5  62159   0
 216   50063142    0.000000  150.000000   6   5  63142   0
 217   51063142    0.000000  150.000000   6   5  63142   1
 218   50063143    0.000000  140.000000   6   5  63143   0
 219   50063144    0.000000  130.000000   6   5  63144   0
 220   50063145    0.000000  110.000000   6   5  63145   0
 221   50063146    0.000000  100.000000   6   5  63146   0
 222   50063147    0.000000   95.000000   6   5  63147   0
 223   50063148    0.000000   85.000000   6   5  63148   0
 224   50063149    0.000000   74.000000   6   5  63149   0
 225   50063150    0.000000   68.000000   6   5  63150   0
 226   51063150    0.000000   68.000000   6   5  63150   1
 227   50063151    0.000000   58.000000   6   5  63151   0
 228   50063152    0.000000   50.000000   6   5  63152   0
 229   51063152    0.000000   50.000000   6   5  63152   1
 230   52063152    0.000000   50.000000   6   5  63152   2
 231   50063153    0.000000   42.000000   6   5  63153   0
 232   50063154    0.000000   34.000000   6   5  63154   0
 233   51063154    0.000000   34.000000   6   5  63154   1
 234   50063155    0.000000   26.000000   6   5  63155   0
 235   50063156    0.000000   19.500000   6   5  63156   0
 236   50063157    0.000000   18.000000   6   5  63157   0
 237   50063158    0.000000   13.500000   6   5  63158   0
 238   50063159    0.000000   27.000000   6   5  63159   0
 239   50063160    0.000000   30.000000   6   5  63160   0
 240   50064143    0.000000  150.000000   6   5  64143   0
 241   51064143    0.000000  150.000000   6   5  64143   1
 242   50064144    0.000000  140.000000   6   5  64144   0
 243   50064145    0.000000  130.000000   6   5  64145   0
 244   51064145    0.000000  130.000000   6   5  64145   1
 245   50064146    0.000000  120.000000   6   5  64146   0
 246   50064147    0.000000  110.000000   6   5  64147   0
 247   50064148    0.000000   95.000000   6   5  64148   0
 248   50064149    0.000000   85.000000   6   5  64149   0
 249   50064150    0.000000   74.000000   6   5  64150   0
 250   50064151    0.000000   66.000000   6   5  64151   0
 251   50064152    0.000000   56.000000   6   5  64152   0
 252   50064153    0.000000   48.000000   6   5  64153   0
 253   50064154    0.000000   40.000000   6   5  64154   0
 254   50064155    0.000000   32.000000   6   5  64155   0
 255   50064156    0.000000   23.000000   6   5  64156   0
 256   50064157    0.000000   16.500000   6   5  64157   0
 257   50064158    0.000000    8.500000   6   5  64158   0
 258   50064159    0.000000    2.000000   6   5  64159   0
 259   50064160    0.000000   15.500000   6   5  64160   0
 260   50064161    0.000000   17.000000   6   5  64161   0
 261   50065144    0.000000  170.000000   6   5  65144   0
 262   51065144    0.000000  170.000000   6   5  65144   1
 263   50065145    0.000000  160.000000   6   5  65145   0
 264   50065146    0.000000  140.000000   6   5  65146   0
 265   51065146    0.000000  140.000000   6   5  65146   1
 266   50065147    0.000000  130.000000   6   5  65147   0
 267   51065147    0.000000  130.000000   6   5  65147   1
 268   50065148    0.000000  120.000000   6   5  65148   0
 269   51065148    0.000000  120.000000   6   5  65148   1
 270   50065149    0.000000  110.000000   6   5  65149   0
 271   51065149    0.000000  110.000000   6   5  65149   1
 272   50065150    0.000000  100.000000   6   5  65150   0
 273   51065150    0.000000  100.000000   6   5  65150   1
 274   50065151    0.000000   90.000000   6   5  65151   0
 275   51065151    0.000000   90.000000   6   5  65151   1
 276   50065152    0.000000   85.000000   6   5  65152   0
 277   51065152    0.000000   85.000000   6   5  65152   1
 278   50065153    0.000000   72.000000   6   5  65153   0
 279   50065154    0.000000   64.000000   6   5  65154   0
 280   51065154    0.000000   64.000000   6   5  65154   1
 281   50065155    0.000000   54.000000   6   5  65155   0
 282   50065156    0.000000   46.000000   6   5  65156   0
 283   51065156    0.000000   46.000000   6   5  65156   1
 284   52065156    0.000000   46.000000   6   5  65156   2
 285   50065157    0.000000   36.000000   6   5  65157   0
 286   50065158    0.000000   29.000000   6   5  65158   0
 287   51065158    0.000000   29.000000   6   5  65158   1
 288   50065159    0.000000   21.000000   6   5  65159   0
 289   50065160    0.000000   14.500000   6   5  65160   0
 290   50065161    0.000000   12.500000   6   5  65161   0
 291   50065162    0.000000    8.500000   6   5  65162   0
 292   50066145    0.000000  180.000000   6   5  66145   0
 293   50066146    0.000000  160.000000   6   5  66146   0
 294   51066146    0.000000  170.000000   6   5  66146   1
 295   50066147    0.000000  150.000000   6   5  66147   0
 296   51066147    0.000000  150.000000   6   5  66147   1
 297   50066148    0.000000  140.000000   6   5  66148   0
 298   50066149    0.000000  130.000000   6   5  66149   0
 299   50066150    0.000000  110.000000   6   5  66150   0
 300   50066151    0.000000  110.000000   6   5  66151   0
 301   50066152    0.000000   90.000000   6   5  66152   0
 302   50066153    0.000000   85.000000   6   5  66153   0
 303   50066154    0.000000   74.000000   6   5  66154   0
 304   50066155    0.000000   66.000000   6   5  66155   0
 305   50066156    0.000000   56.000000   6   5  66156   0
 306   50066157    0.000000   48.000000   6   5  66157   0
 307   50066158    0.000000   38.000000   6   5  66158   0
 308   50066159    0.000000   32.000000   6   5  66159   0
 309   50066160    0.000000   22.000000   6   5  66160   0
 310   50066161    0.000000   15.000000   6   5  66161   0
 311   50066162    0.000000    6.500000   6   5  66162   0
 312   50066163    0.000000    1.000000   6   5  66163   0
 
   p   ZAP IP   NR    Tp [MeV]
   1     1  1    1    6.271009
   2     0  2    1    1.000000
   3  1001  9    1    7.994183
   4  1002 31    1   12.500000
   5  1003 32    1   14.000000
   6  2003 33    1   15.500000
   7  2004 34    1    2.000000
--------------------------------------------------------------------------------
 
