 
--------------------------------------------------------------------------------
 68-Er-166   T= 0.00 K from IAEA/PD-2019       (ACEMAKER)
 ZAID= 68166.38u  MAT=6837  ZA= 68166
 AWR= 164.504900  STA=  0  ELIS=   0.000 MeV  LIS=  0  LISO=  0
--------------------------------------------------------------------------------
 NTOTR= 311 NTRAN=   1 NPROD= 310 NE=     131 EMAX= 200.000 MeV
   i     MT/MTD     Q [MeV]     T [MeV] LMF  MT    ZAP LFS
   1          5    0.000000    1.000000   3   5
   2   50053133    0.000000  150.000000   6   5  53133   0
   3   51053133    0.000000  150.000000   6   5  53133   1
   4   50053134    0.000000  150.000000   6   5  53134   0
   5   50053135    0.000000  150.000000   6   5  53135   0
   6   50053136    0.000000  150.000000   6   5  53136   0
   7   50053137    0.000000  150.000000   6   5  53137   0
   8   50053138    0.000000  180.000000   6   5  53138   0
   9   50053139    0.000000  180.000000   6   5  53139   0
  10   50054134    0.000000  130.000000   6   5  54134   0
  11   51054134    0.000000  130.000000   6   5  54134   1
  12   50054135    0.000000  130.000000   6   5  54135   0
  13   51054135    0.000000  130.000000   6   5  54135   1
  14   50054136    0.000000  130.000000   6   5  54136   0
  15   50054137    0.000000  130.000000   6   5  54137   0
  16   50054138    0.000000  130.000000   6   5  54138   0
  17   50054139    0.000000  150.000000   6   5  54139   0
  18   50054140    0.000000  150.000000   6   5  54140   0
  19   50054141    0.000000  180.000000   6   5  54141   0
  20   50054142    0.000000  180.000000   6   5  54142   0
  21   50055135    0.000000  130.000000   6   5  55135   0
  22   50055136    0.000000  130.000000   6   5  55136   0
  23   51055136    0.000000  130.000000   6   5  55136   1
  24   50055137    0.000000  130.000000   6   5  55137   0
  25   50055138    0.000000  130.000000   6   5  55138   0
  26   51055138    0.000000  130.000000   6   5  55138   1
  27   50055139    0.000000  130.000000   6   5  55139   0
  28   50055140    0.000000  120.000000   6   5  55140   0
  29   50055141    0.000000  120.000000   6   5  55141   0
  30   50055142    0.000000  150.000000   6   5  55142   0
  31   50055143    0.000000  150.000000   6   5  55143   0
  32   50055144    0.000000  180.000000   6   5  55144   0
  33   50055145    0.000000  180.000000   6   5  55145   0
  34   50056136    0.000000  130.000000   6   5  56136   0
  35   51056136    0.000000  130.000000   6   5  56136   1
  36   50056137    0.000000  120.000000   6   5  56137   0
  37   51056137    0.000000  120.000000   6   5  56137   1
  38   50056138    0.000000  110.000000   6   5  56138   0
  39   50056139    0.000000  110.000000   6   5  56139   0
  40   50056140    0.000000  100.000000   6   5  56140   0
  41   50056141    0.000000  100.000000   6   5  56141   0
  42   50056142    0.000000  100.000000   6   5  56142   0
  43   50056143    0.000000  120.000000   6   5  56143   0
  44   50056144    0.000000  120.000000   6   5  56144   0
  45   50056145    0.000000  150.000000   6   5  56145   0
  46   50056146    0.000000  150.000000   6   5  56146   0
  47   50056147    0.000000  180.000000   6   5  56147   0
  48   50056148    0.000000  180.000000   6   5  56148   0
  49   50057137    0.000000  130.000000   6   5  57137   0
  50   50057138    0.000000  120.000000   6   5  57138   0
  51   50057139    0.000000  110.000000   6   5  57139   0
  52   50057140    0.000000  110.000000   6   5  57140   0
  53   50057141    0.000000  100.000000   6   5  57141   0
  54   50057142    0.000000  100.000000   6   5  57142   0
  55   50057143    0.000000  100.000000   6   5  57143   0
  56   50057144    0.000000  100.000000   6   5  57144   0
  57   50057145    0.000000  100.000000   6   5  57145   0
  58   50057146    0.000000  120.000000   6   5  57146   0
  59   51057146    0.000000  120.000000   6   5  57146   1
  60   50057147    0.000000  120.000000   6   5  57147   0
  61   50057148    0.000000  150.000000   6   5  57148   0
  62   50057149    0.000000  150.000000   6   5  57149   0
  63   50057150    0.000000  180.000000   6   5  57150   0
  64   50057151    0.000000  190.000000   6   5  57151   0
  65   50058138    0.000000  130.000000   6   5  58138   0
  66   50058139    0.000000  120.000000   6   5  58139   0
  67   51058139    0.000000  120.000000   6   5  58139   1
  68   50058140    0.000000  110.000000   6   5  58140   0
  69   50058141    0.000000  100.000000   6   5  58141   0
  70   50058142    0.000000   90.000000   6   5  58142   0
  71   50058143    0.000000   85.000000   6   5  58143   0
  72   50058144    0.000000   78.000000   6   5  58144   0
  73   50058145    0.000000   76.000000   6   5  58145   0
  74   50058146    0.000000   76.000000   6   5  58146   0
  75   50058147    0.000000   80.000000   6   5  58147   0
  76   50058148    0.000000   90.000000   6   5  58148   0
  77   50058149    0.000000  110.000000   6   5  58149   0
  78   50058150    0.000000  120.000000   6   5  58150   0
  79   50058151    0.000000  150.000000   6   5  58151   0
  80   50058152    0.000000  150.000000   6   5  58152   0
  81   50058153    0.000000  190.000000   6   5  58153   0
  82   50058154    0.000000  190.000000   6   5  58154   0
  83   50059139    0.000000  130.000000   6   5  59139   0
  84   50059140    0.000000  120.000000   6   5  59140   0
  85   50059141    0.000000  110.000000   6   5  59141   0
  86   50059142    0.000000  100.000000   6   5  59142   0
  87   51059142    0.000000  100.000000   6   5  59142   1
  88   50059143    0.000000   90.000000   6   5  59143   0
  89   50059144    0.000000   85.000000   6   5  59144   0
  90   51059144    0.000000   85.000000   6   5  59144   1
  91   50059145    0.000000   78.000000   6   5  59145   0
  92   50059146    0.000000   76.000000   6   5  59146   0
  93   50059147    0.000000   76.000000   6   5  59147   0
  94   50059148    0.000000   72.000000   6   5  59148   0
  95   51059148    0.000000   72.000000   6   5  59148   1
  96   50059149    0.000000   72.000000   6   5  59149   0
  97   50059150    0.000000   76.000000   6   5  59150   0
  98   50059151    0.000000   90.000000   6   5  59151   0
  99   50059152    0.000000  110.000000   6   5  59152   0
 100   50059153    0.000000  120.000000   6   5  59153   0
 101   50059154    0.000000  150.000000   6   5  59154   0
 102   50059155    0.000000  160.000000   6   5  59155   0
 103   50059156    0.000000  190.000000   6   5  59156   0
 104   50060140    0.000000  130.000000   6   5  60140   0
 105   50060141    0.000000  120.000000   6   5  60141   0
 106   51060141    0.000000  120.000000   6   5  60141   1
 107   50060142    0.000000  110.000000   6   5  60142   0
 108   50060143    0.000000  100.000000   6   5  60143   0
 109   50060144    0.000000   90.000000   6   5  60144   0
 110   50060145    0.000000   80.000000   6   5  60145   0
 111   50060146    0.000000   72.000000   6   5  60146   0
 112   50060147    0.000000   64.000000   6   5  60147   0
 113   50060148    0.000000   58.000000   6   5  60148   0
 114   50060149    0.000000   52.000000   6   5  60149   0
 115   50060150    0.000000   50.000000   6   5  60150   0
 116   50060151    0.000000   54.000000   6   5  60151   0
 117   50060152    0.000000   64.000000   6   5  60152   0
 118   50060153    0.000000   72.000000   6   5  60153   0
 119   50060154    0.000000   90.000000   6   5  60154   0
 120   50060155    0.000000  110.000000   6   5  60155   0
 121   50060156    0.000000  120.000000   6   5  60156   0
 122   50060157    0.000000  160.000000   6   5  60157   0
 123   50061141    0.000000  130.000000   6   5  61141   0
 124   50061142    0.000000  120.000000   6   5  61142   0
 125   50061143    0.000000  110.000000   6   5  61143   0
 126   50061144    0.000000  100.000000   6   5  61144   0
 127   50061145    0.000000   90.000000   6   5  61145   0
 128   50061146    0.000000   80.000000   6   5  61146   0
 129   50061147    0.000000   74.000000   6   5  61147   0
 130   50061148    0.000000   66.000000   6   5  61148   0
 131   51061148    0.000000   66.000000   6   5  61148   1
 132   50061149    0.000000   58.000000   6   5  61149   0
 133   50061150    0.000000   52.000000   6   5  61150   0
 134   50061151    0.000000   50.000000   6   5  61151   0
 135   50061152    0.000000   50.000000   6   5  61152   0
 136   50061153    0.000000   48.000000   6   5  61153   0
 137   50061154    0.000000   54.000000   6   5  61154   0
 138   51061154    0.000000   54.000000   6   5  61154   1
 139   50061155    0.000000   66.000000   6   5  61155   0
 140   50061156    0.000000   74.000000   6   5  61156   0
 141   50061157    0.000000   90.000000   6   5  61157   0
 142   50061158    0.000000  120.000000   6   5  61158   0
 143   50062142    0.000000  130.000000   6   5  62142   0
 144   50062143    0.000000  120.000000   6   5  62143   0
 145   51062143    0.000000  120.000000   6   5  62143   1
 146   50062144    0.000000  110.000000   6   5  62144   0
 147   50062145    0.000000  100.000000   6   5  62145   0
 148   50062146    0.000000   90.000000   6   5  62146   0
 149   50062147    0.000000   85.000000   6   5  62147   0
 150   50062148    0.000000   74.000000   6   5  62148   0
 151   50062149    0.000000   64.000000   6   5  62149   0
 152   50062150    0.000000   56.000000   6   5  62150   0
 153   50062151    0.000000   46.000000   6   5  62151   0
 154   50062152    0.000000   38.000000   6   5  62152   0
 155   50062153    0.000000   30.000000   6   5  62153   0
 156   50062154    0.000000   23.000000   6   5  62154   0
 157   50062155    0.000000   36.000000   6   5  62155   0
 158   50062156    0.000000   44.000000   6   5  62156   0
 159   50062157    0.000000   52.000000   6   5  62157   0
 160   50062158    0.000000   66.000000   6   5  62158   0
 161   50062159    0.000000   74.000000   6   5  62159   0
 162   50062160    0.000000  120.000000   6   5  62160   0
 163   50063143    0.000000  140.000000   6   5  63143   0
 164   50063144    0.000000  130.000000   6   5  63144   0
 165   50063145    0.000000  110.000000   6   5  63145   0
 166   50063146    0.000000  110.000000   6   5  63146   0
 167   50063147    0.000000   95.000000   6   5  63147   0
 168   50063148    0.000000   85.000000   6   5  63148   0
 169   50063149    0.000000   78.000000   6   5  63149   0
 170   50063150    0.000000   72.000000   6   5  63150   0
 171   51063150    0.000000   70.000000   6   5  63150   1
 172   50063151    0.000000   62.000000   6   5  63151   0
 173   50063152    0.000000   54.000000   6   5  63152   0
 174   51063152    0.000000   54.000000   6   5  63152   1
 175   52063152    0.000000   54.000000   6   5  63152   2
 176   50063153    0.000000   44.000000   6   5  63153   0
 177   50063154    0.000000   38.000000   6   5  63154   0
 178   51063154    0.000000   38.000000   6   5  63154   1
 179   50063155    0.000000   29.000000   6   5  63155   0
 180   50063156    0.000000   28.000000   6   5  63156   0
 181   50063157    0.000000   22.000000   6   5  63157   0
 182   50063158    0.000000   36.000000   6   5  63158   0
 183   50063159    0.000000   44.000000   6   5  63159   0
 184   50063160    0.000000   56.000000   6   5  63160   0
 185   50063161    0.000000   74.000000   6   5  63161   0
 186   50064144    0.000000  150.000000   6   5  64144   0
 187   50064145    0.000000  130.000000   6   5  64145   0
 188   51064145    0.000000  130.000000   6   5  64145   1
 189   50064146    0.000000  120.000000   6   5  64146   0
 190   50064147    0.000000  110.000000   6   5  64147   0
 191   50064148    0.000000  100.000000   6   5  64148   0
 192   50064149    0.000000   90.000000   6   5  64149   0
 193   50064150    0.000000   78.000000   6   5  64150   0
 194   50064151    0.000000   68.000000   6   5  64151   0
 195   50064152    0.000000   58.000000   6   5  64152   0
 196   50064153    0.000000   50.000000   6   5  64153   0
 197   50064154    0.000000   40.000000   6   5  64154   0
 198   50064155    0.000000   32.000000   6   5  64155   0
 199   50064156    0.000000   23.000000   6   5  64156   0
 200   50064157    0.000000   16.000000   6   5  64157   0
 201   50064158    0.000000    7.500000   6   5  64158   0
 202   50064159    0.000000   22.000000   6   5  64159   0
 203   50064160    0.000000   23.000000   6   5  64160   0
 204   50064161    0.000000   38.000000   6   5  64161   0
 205   50064162    0.000000   46.000000   6   5  64162   0
 206   50065145    0.000000  150.000000   6   5  65145   0
 207   50065146    0.000000  140.000000   6   5  65146   0
 208   51065146    0.000000  140.000000   6   5  65146   1
 209   50065147    0.000000  130.000000   6   5  65147   0
 210   51065147    0.000000  130.000000   6   5  65147   1
 211   50065148    0.000000  120.000000   6   5  65148   0
 212   51065148    0.000000  120.000000   6   5  65148   1
 213   50065149    0.000000  110.000000   6   5  65149   0
 214   51065149    0.000000  110.000000   6   5  65149   1
 215   50065150    0.000000  100.000000   6   5  65150   0
 216   51065150    0.000000  100.000000   6   5  65150   1
 217   50065151    0.000000   90.000000   6   5  65151   0
 218   51065151    0.000000   90.000000   6   5  65151   1
 219   50065152    0.000000   78.000000   6   5  65152   0
 220   51065152    0.000000   80.000000   6   5  65152   1
 221   50065153    0.000000   70.000000   6   5  65153   0
 222   50065154    0.000000   62.000000   6   5  65154   0
 223   51065154    0.000000   62.000000   6   5  65154   1
 224   50065155    0.000000   52.000000   6   5  65155   0
 225   50065156    0.000000   44.000000   6   5  65156   0
 226   51065156    0.000000   44.000000   6   5  65156   1
 227   52065156    0.000000   44.000000   6   5  65156   2
 228   50065157    0.000000   34.000000   6   5  65157   0
 229   50065158    0.000000   27.000000   6   5  65158   0
 230   51065158    0.000000   27.000000   6   5  65158   1
 231   50065159    0.000000   19.000000   6   5  65159   0
 232   50065160    0.000000   18.000000   6   5  65160   0
 233   50065161    0.000000   12.000000   6   5  65161   0
 234   50065162    0.000000   26.000000   6   5  65162   0
 235   50065163    0.000000   27.000000   6   5  65163   0
 236   50066146    0.000000  160.000000   6   5  66146   0
 237   51066146    0.000000  160.000000   6   5  66146   1
 238   50066147    0.000000  150.000000   6   5  66147   0
 239   51066147    0.000000  150.000000   6   5  66147   1
 240   50066148    0.000000  130.000000   6   5  66148   0
 241   50066149    0.000000  120.000000   6   5  66149   0
 242   50066150    0.000000  110.000000   6   5  66150   0
 243   50066151    0.000000  100.000000   6   5  66151   0
 244   50066152    0.000000   90.000000   6   5  66152   0
 245   50066153    0.000000   78.000000   6   5  66153   0
 246   50066154    0.000000   68.000000   6   5  66154   0
 247   50066155    0.000000   60.000000   6   5  66155   0
 248   50066156    0.000000   50.000000   6   5  66156   0
 249   50066157    0.000000   42.000000   6   5  66157   0
 250   50066158    0.000000   32.000000   6   5  66158   0
 251   50066159    0.000000   25.000000   6   5  66159   0
 252   50066160    0.000000   16.000000   6   5  66160   0
 253   50066161    0.000000    9.500000   6   5  66161   0
 254   50066162    0.000000    1.000000   6   5  66162   0
 255   50066163    0.000000   15.500000   6   5  66163   0
 256   50066164    0.000000   15.000000   6   5  66164   0
 257   50067147    0.000000  180.000000   6   5  67147   0
 258   50067148    0.000000  160.000000   6   5  67148   0
 259   51067148    0.000000  160.000000   6   5  67148   1
 260   50067149    0.000000  150.000000   6   5  67149   0
 261   51067149    0.000000  150.000000   6   5  67149   1
 262   50067150    0.000000  140.000000   6   5  67150   0
 263   51067150    0.000000  140.000000   6   5  67150   1
 264   50067151    0.000000  130.000000   6   5  67151   0
 265   51067151    0.000000  130.000000   6   5  67151   1
 266   50067152    0.000000  120.000000   6   5  67152   0
 267   51067152    0.000000  120.000000   6   5  67152   1
 268   50067153    0.000000  110.000000   6   5  67153   0
 269   51067153    0.000000  110.000000   6   5  67153   1
 270   50067154    0.000000   95.000000   6   5  67154   0
 271   51067154    0.000000   95.000000   6   5  67154   1
 272   50067155    0.000000   85.000000   6   5  67155   0
 273   50067156    0.000000   76.000000   6   5  67156   0
 274   51067156    0.000000   76.000000   6   5  67156   1
 275   50067157    0.000000   66.000000   6   5  67157   0
 276   50067158    0.000000   58.000000   6   5  67158   0
 277   51067158    0.000000   58.000000   6   5  67158   1
 278   52067158    0.000000   58.000000   6   5  67158   2
 279   50067159    0.000000   48.000000   6   5  67159   0
 280   51067159    0.000000   48.000000   6   5  67159   1
 281   50067160    0.000000   40.000000   6   5  67160   0
 282   51067160    0.000000   40.000000   6   5  67160   1
 283   52067160    0.000000   40.000000   6   5  67160   2
 284   50067161    0.000000   30.000000   6   5  67161   0
 285   51067161    0.000000   32.000000   6   5  67161   1
 286   50067162    0.000000   23.000000   6   5  67162   0
 287   51067162    0.000000   23.000000   6   5  67162   1
 288   50067163    0.000000   14.500000   6   5  67163   0
 289   51067163    0.000000   14.500000   6   5  67163   1
 290   50067164    0.000000   13.500000   6   5  67164   0
 291   51067164    0.000000   14.000000   6   5  67164   1
 292   50067165    0.000000    8.000000   6   5  67165   0
 293   50068148    0.000000  180.000000   6   5  68148   0
 294   50068149    0.000000  170.000000   6   5  68149   0
 295   50068150    0.000000  160.000000   6   5  68150   0
 296   50068151    0.000000  150.000000   6   5  68151   0
 297   50068152    0.000000  130.000000   6   5  68152   0
 298   50068153    0.000000  120.000000   6   5  68153   0
 299   50068154    0.000000  110.000000   6   5  68154   0
 300   50068155    0.000000  100.000000   6   5  68155   0
 301   50068156    0.000000   90.000000   6   5  68156   0
 302   50068157    0.000000   78.000000   6   5  68157   0
 303   50068158    0.000000   68.000000   6   5  68158   0
 304   50068159    0.000000   60.000000   6   5  68159   0
 305   50068160    0.000000   50.000000   6   5  68160   0
 306   50068161    0.000000   42.000000   6   5  68161   0
 307   50068162    0.000000   32.000000   6   5  68162   0
 308   50068163    0.000000   25.000000   6   5  68163   0
 309   50068164    0.000000   15.500000   6   5  68164   0
 310   50068165    0.000000    8.500000   6   5  68165   0
 311   50068166    0.000000    1.000000   6   5  68166   0
 
   p   ZAP IP   NR    Tp [MeV]
   1     1  1    1    8.000000
   2     0  2    1    1.000000
   3  1001  9    1    7.500000
   4  1002 31    1   13.500000
   5  1003 32    1   14.000000
   6  2003 33    1   15.500000
   7  2004 34    1    1.000000
--------------------------------------------------------------------------------
 
