 
--------------------------------------------------------------------------------
 68-Er-170   T= 0.00 K from IAEA/PD-2019       (ACEMAKER)
 ZAID= 68170.38u  MAT=6849  ZA= 68170
 AWR= 168.475600  STA=  0  ELIS=   0.000 MeV  LIS=  0  LISO=  0
--------------------------------------------------------------------------------
 NTOTR= 282 NTRAN=   1 NPROD= 281 NE=     131 EMAX= 200.000 MeV
   i     MT/MTD     Q [MeV]     T [MeV] LMF  MT    ZAP LFS
   1          5    0.000000    1.000000   3   5
   2   50053137    0.000000  180.000000   6   5  53137   0
   3   50053138    0.000000  180.000000   6   5  53138   0
   4   50053139    0.000000  180.000000   6   5  53139   0
   5   50053140    0.000000  180.000000   6   5  53140   0
   6   50053141    0.000000  180.000000   6   5  53141   0
   7   50054138    0.000000  150.000000   6   5  54138   0
   8   50054139    0.000000  150.000000   6   5  54139   0
   9   50054140    0.000000  150.000000   6   5  54140   0
  10   50054141    0.000000  150.000000   6   5  54141   0
  11   50054142    0.000000  150.000000   6   5  54142   0
  12   50054143    0.000000  170.000000   6   5  54143   0
  13   50054144    0.000000  170.000000   6   5  54144   0
  14   50055139    0.000000  150.000000   6   5  55139   0
  15   50055140    0.000000  150.000000   6   5  55140   0
  16   50055141    0.000000  140.000000   6   5  55141   0
  17   50055142    0.000000  140.000000   6   5  55142   0
  18   50055143    0.000000  140.000000   6   5  55143   0
  19   50055144    0.000000  140.000000   6   5  55144   0
  20   50055145    0.000000  140.000000   6   5  55145   0
  21   50055146    0.000000  170.000000   6   5  55146   0
  22   50055147    0.000000  170.000000   6   5  55147   0
  23   50056140    0.000000  130.000000   6   5  56140   0
  24   50056141    0.000000  130.000000   6   5  56141   0
  25   50056142    0.000000  120.000000   6   5  56142   0
  26   50056143    0.000000  120.000000   6   5  56143   0
  27   50056144    0.000000  120.000000   6   5  56144   0
  28   50056145    0.000000  120.000000   6   5  56145   0
  29   50056146    0.000000  120.000000   6   5  56146   0
  30   50056147    0.000000  140.000000   6   5  56147   0
  31   50056148    0.000000  140.000000   6   5  56148   0
  32   50056149    0.000000  170.000000   6   5  56149   0
  33   50056150    0.000000  170.000000   6   5  56150   0
  34   50057141    0.000000  130.000000   6   5  57141   0
  35   50057142    0.000000  130.000000   6   5  57142   0
  36   50057143    0.000000  120.000000   6   5  57143   0
  37   50057144    0.000000  120.000000   6   5  57144   0
  38   50057145    0.000000  120.000000   6   5  57145   0
  39   50057146    0.000000  110.000000   6   5  57146   0
  40   51057146    0.000000  110.000000   6   5  57146   1
  41   50057147    0.000000  110.000000   6   5  57147   0
  42   50057148    0.000000  110.000000   6   5  57148   0
  43   50057149    0.000000  110.000000   6   5  57149   0
  44   50057150    0.000000  140.000000   6   5  57150   0
  45   50057151    0.000000  140.000000   6   5  57151   0
  46   50057152    0.000000  170.000000   6   5  57152   0
  47   50057153    0.000000  170.000000   6   5  57153   0
  48   50058142    0.000000  130.000000   6   5  58142   0
  49   50058143    0.000000  120.000000   6   5  58143   0
  50   50058144    0.000000  110.000000   6   5  58144   0
  51   50058145    0.000000  110.000000   6   5  58145   0
  52   50058146    0.000000   95.000000   6   5  58146   0
  53   50058147    0.000000   90.000000   6   5  58147   0
  54   50058148    0.000000   85.000000   6   5  58148   0
  55   50058149    0.000000   85.000000   6   5  58149   0
  56   50058150    0.000000   85.000000   6   5  58150   0
  57   50058151    0.000000   95.000000   6   5  58151   0
  58   50058152    0.000000  100.000000   6   5  58152   0
  59   50058153    0.000000  130.000000   6   5  58153   0
  60   50058154    0.000000  130.000000   6   5  58154   0
  61   50058155    0.000000  170.000000   6   5  58155   0
  62   50058156    0.000000  170.000000   6   5  58156   0
  63   50059143    0.000000  130.000000   6   5  59143   0
  64   50059144    0.000000  120.000000   6   5  59144   0
  65   51059144    0.000000  120.000000   6   5  59144   1
  66   50059145    0.000000  110.000000   6   5  59145   0
  67   50059146    0.000000  110.000000   6   5  59146   0
  68   50059147    0.000000   95.000000   6   5  59147   0
  69   50059148    0.000000   90.000000   6   5  59148   0
  70   51059148    0.000000   90.000000   6   5  59148   1
  71   50059149    0.000000   85.000000   6   5  59149   0
  72   50059150    0.000000   85.000000   6   5  59150   0
  73   50059151    0.000000   85.000000   6   5  59151   0
  74   50059152    0.000000   80.000000   6   5  59152   0
  75   50059153    0.000000   80.000000   6   5  59153   0
  76   50059154    0.000000   90.000000   6   5  59154   0
  77   50059155    0.000000  100.000000   6   5  59155   0
  78   50059156    0.000000  130.000000   6   5  59156   0
  79   50059157    0.000000  140.000000   6   5  59157   0
  80   50059158    0.000000  170.000000   6   5  59158   0
  81   50059159    0.000000  190.000000   6   5  59159   0
  82   50060144    0.000000  130.000000   6   5  60144   0
  83   50060145    0.000000  120.000000   6   5  60145   0
  84   50060146    0.000000  110.000000   6   5  60146   0
  85   50060147    0.000000  100.000000   6   5  60147   0
  86   50060148    0.000000   90.000000   6   5  60148   0
  87   50060149    0.000000   85.000000   6   5  60149   0
  88   50060150    0.000000   74.000000   6   5  60150   0
  89   50060151    0.000000   66.000000   6   5  60151   0
  90   50060152    0.000000   60.000000   6   5  60152   0
  91   50060153    0.000000   58.000000   6   5  60153   0
  92   50060154    0.000000   56.000000   6   5  60154   0
  93   50060155    0.000000   60.000000   6   5  60155   0
  94   50060156    0.000000   72.000000   6   5  60156   0
  95   50060157    0.000000   85.000000   6   5  60157   0
  96   50060158    0.000000  100.000000   6   5  60158   0
  97   50060159    0.000000  140.000000   6   5  60159   0
  98   50060160    0.000000  140.000000   6   5  60160   0
  99   50060161    0.000000  190.000000   6   5  60161   0
 100   50061145    0.000000  130.000000   6   5  61145   0
 101   50061146    0.000000  120.000000   6   5  61146   0
 102   50061147    0.000000  110.000000   6   5  61147   0
 103   50061148    0.000000  100.000000   6   5  61148   0
 104   51061148    0.000000  100.000000   6   5  61148   1
 105   50061149    0.000000   90.000000   6   5  61149   0
 106   50061150    0.000000   85.000000   6   5  61150   0
 107   50061151    0.000000   74.000000   6   5  61151   0
 108   50061152    0.000000   68.000000   6   5  61152   0
 109   50061153    0.000000   60.000000   6   5  61153   0
 110   50061154    0.000000   58.000000   6   5  61154   0
 111   51061154    0.000000   58.000000   6   5  61154   1
 112   50061155    0.000000   56.000000   6   5  61155   0
 113   50061156    0.000000   54.000000   6   5  61156   0
 114   50061157    0.000000   54.000000   6   5  61157   0
 115   50061158    0.000000   60.000000   6   5  61158   0
 116   50061159    0.000000   74.000000   6   5  61159   0
 117   50061160    0.000000   85.000000   6   5  61160   0
 118   50061161    0.000000  110.000000   6   5  61161   0
 119   50061162    0.000000  140.000000   6   5  61162   0
 120   50062146    0.000000  130.000000   6   5  62146   0
 121   50062147    0.000000  120.000000   6   5  62147   0
 122   50062148    0.000000  110.000000   6   5  62148   0
 123   50062149    0.000000  100.000000   6   5  62149   0
 124   50062150    0.000000   90.000000   6   5  62150   0
 125   50062151    0.000000   80.000000   6   5  62151   0
 126   50062152    0.000000   70.000000   6   5  62152   0
 127   50062153    0.000000   62.000000   6   5  62153   0
 128   50062154    0.000000   54.000000   6   5  62154   0
 129   50062155    0.000000   48.000000   6   5  62155   0
 130   50062156    0.000000   40.000000   6   5  62156   0
 131   50062157    0.000000   34.000000   6   5  62157   0
 132   50062158    0.000000   29.000000   6   5  62158   0
 133   50062159    0.000000   40.000000   6   5  62159   0
 134   50062160    0.000000   50.000000   6   5  62160   0
 135   50062161    0.000000   60.000000   6   5  62161   0
 136   50062162    0.000000   74.000000   6   5  62162   0
 137   50062163    0.000000   90.000000   6   5  62163   0
 138   50062164    0.000000  160.000000   6   5  62164   0
 139   50063147    0.000000  130.000000   6   5  63147   0
 140   50063148    0.000000  120.000000   6   5  63148   0
 141   50063149    0.000000  110.000000   6   5  63149   0
 142   50063150    0.000000  100.000000   6   5  63150   0
 143   51063150    0.000000  100.000000   6   5  63150   1
 144   50063151    0.000000   95.000000   6   5  63151   0
 145   50063152    0.000000   85.000000   6   5  63152   0
 146   51063152    0.000000   85.000000   6   5  63152   1
 147   52063152    0.000000   85.000000   6   5  63152   2
 148   50063153    0.000000   76.000000   6   5  63153   0
 149   50063154    0.000000   68.000000   6   5  63154   0
 150   51063154    0.000000   68.000000   6   5  63154   1
 151   50063155    0.000000   60.000000   6   5  63155   0
 152   50063156    0.000000   52.000000   6   5  63156   0
 153   50063157    0.000000   44.000000   6   5  63157   0
 154   50063158    0.000000   38.000000   6   5  63158   0
 155   50063159    0.000000   32.000000   6   5  63159   0
 156   50063160    0.000000   30.000000   6   5  63160   0
 157   50063161    0.000000   29.000000   6   5  63161   0
 158   50063162    0.000000   42.000000   6   5  63162   0
 159   50063163    0.000000   50.000000   6   5  63163   0
 160   50063164    0.000000   62.000000   6   5  63164   0
 161   50063165    0.000000   90.000000   6   5  63165   0
 162   50064148    0.000000  140.000000   6   5  64148   0
 163   50064149    0.000000  130.000000   6   5  64149   0
 164   50064150    0.000000  120.000000   6   5  64150   0
 165   50064151    0.000000  110.000000   6   5  64151   0
 166   50064152    0.000000   95.000000   6   5  64152   0
 167   50064153    0.000000   85.000000   6   5  64153   0
 168   50064154    0.000000   72.000000   6   5  64154   0
 169   50064155    0.000000   64.000000   6   5  64155   0
 170   50064156    0.000000   54.000000   6   5  64156   0
 171   50064157    0.000000   46.000000   6   5  64157   0
 172   50064158    0.000000   38.000000   6   5  64158   0
 173   50064159    0.000000   30.000000   6   5  64159   0
 174   50064160    0.000000   23.000000   6   5  64160   0
 175   50064161    0.000000   17.000000   6   5  64161   0
 176   50064162    0.000000   10.000000   6   5  64162   0
 177   50064163    0.000000   25.000000   6   5  64163   0
 178   50064164    0.000000   27.000000   6   5  64164   0
 179   50064165    0.000000   42.000000   6   5  64165   0
 180   50064166    0.000000   54.000000   6   5  64166   0
 181   50065149    0.000000  140.000000   6   5  65149   0
 182   51065149    0.000000  140.000000   6   5  65149   1
 183   50065150    0.000000  130.000000   6   5  65150   0
 184   51065150    0.000000  130.000000   6   5  65150   1
 185   50065151    0.000000  120.000000   6   5  65151   0
 186   51065151    0.000000  120.000000   6   5  65151   1
 187   50065152    0.000000  110.000000   6   5  65152   0
 188   51065152    0.000000  120.000000   6   5  65152   1
 189   50065153    0.000000  100.000000   6   5  65153   0
 190   50065154    0.000000   95.000000   6   5  65154   0
 191   51065154    0.000000   95.000000   6   5  65154   1
 192   50065155    0.000000   85.000000   6   5  65155   0
 193   50065156    0.000000   74.000000   6   5  65156   0
 194   51065156    0.000000   74.000000   6   5  65156   1
 195   52065156    0.000000   74.000000   6   5  65156   2
 196   50065157    0.000000   66.000000   6   5  65157   0
 197   50065158    0.000000   58.000000   6   5  65158   0
 198   51065158    0.000000   58.000000   6   5  65158   1
 199   50065159    0.000000   48.000000   6   5  65159   0
 200   50065160    0.000000   40.000000   6   5  65160   0
 201   50065161    0.000000   32.000000   6   5  65161   0
 202   50065162    0.000000   26.000000   6   5  65162   0
 203   50065163    0.000000   19.000000   6   5  65163   0
 204   50065164    0.000000   19.500000   6   5  65164   0
 205   50065165    0.000000   14.500000   6   5  65165   0
 206   50065166    0.000000   29.000000   6   5  65166   0
 207   50065167    0.000000   32.000000   6   5  65167   0
 208   50066150    0.000000  150.000000   6   5  66150   0
 209   50066151    0.000000  140.000000   6   5  66151   0
 210   50066152    0.000000  130.000000   6   5  66152   0
 211   50066153    0.000000  120.000000   6   5  66153   0
 212   50066154    0.000000  110.000000   6   5  66154   0
 213   50066155    0.000000   95.000000   6   5  66155   0
 214   50066156    0.000000   85.000000   6   5  66156   0
 215   50066157    0.000000   74.000000   6   5  66157   0
 216   50066158    0.000000   64.000000   6   5  66158   0
 217   50066159    0.000000   56.000000   6   5  66159   0
 218   50066160    0.000000   46.000000   6   5  66160   0
 219   50066161    0.000000   38.000000   6   5  66161   0
 220   50066162    0.000000   30.000000   6   5  66162   0
 221   50066163    0.000000   23.000000   6   5  66163   0
 222   50066164    0.000000   15.000000   6   5  66164   0
 223   50066165    0.000000    9.000000   6   5  66165   0
 224   51066165    0.000000    9.500000   6   5  66165   1
 225   50066166    0.000000    2.000000   6   5  66166   0
 226   50066167    0.000000   17.500000   6   5  66167   0
 227   50066168    0.000000   18.000000   6   5  66168   0
 228   50067151    0.000000  160.000000   6   5  67151   0
 229   51067151    0.000000  160.000000   6   5  67151   1
 230   50067152    0.000000  150.000000   6   5  67152   0
 231   51067152    0.000000  150.000000   6   5  67152   1
 232   50067153    0.000000  140.000000   6   5  67153   0
 233   51067153    0.000000  140.000000   6   5  67153   1
 234   50067154    0.000000  130.000000   6   5  67154   0
 235   51067154    0.000000  130.000000   6   5  67154   1
 236   50067155    0.000000  120.000000   6   5  67155   0
 237   50067156    0.000000  110.000000   6   5  67156   0
 238   51067156    0.000000  110.000000   6   5  67156   1
 239   50067157    0.000000  100.000000   6   5  67157   0
 240   50067158    0.000000   90.000000   6   5  67158   0
 241   51067158    0.000000   90.000000   6   5  67158   1
 242   52067158    0.000000   90.000000   6   5  67158   2
 243   50067159    0.000000   78.000000   6   5  67159   0
 244   51067159    0.000000   78.000000   6   5  67159   1
 245   50067160    0.000000   70.000000   6   5  67160   0
 246   51067160    0.000000   70.000000   6   5  67160   1
 247   52067160    0.000000   70.000000   6   5  67160   2
 248   50067161    0.000000   60.000000   6   5  67161   0
 249   51067161    0.000000   60.000000   6   5  67161   1
 250   50067162    0.000000   52.000000   6   5  67162   0
 251   51067162    0.000000   52.000000   6   5  67162   1
 252   50067163    0.000000   44.000000   6   5  67163   0
 253   51067163    0.000000   44.000000   6   5  67163   1
 254   50067164    0.000000   36.000000   6   5  67164   0
 255   51067164    0.000000   36.000000   6   5  67164   1
 256   50067165    0.000000   28.000000   6   5  67165   0
 257   50067166    0.000000   21.000000   6   5  67166   0
 258   51067166    0.000000   21.000000   6   5  67166   1
 259   50067167    0.000000   13.500000   6   5  67167   0
 260   50067168    0.000000   14.000000   6   5  67168   0
 261   51067168    0.000000   14.000000   6   5  67168   1
 262   50067169    0.000000    9.000000   6   5  67169   0
 263   50068152    0.000000  170.000000   6   5  68152   0
 264   50068153    0.000000  160.000000   6   5  68153   0
 265   50068154    0.000000  150.000000   6   5  68154   0
 266   50068155    0.000000  140.000000   6   5  68155   0
 267   50068156    0.000000  120.000000   6   5  68156   0
 268   50068157    0.000000  120.000000   6   5  68157   0
 269   50068158    0.000000  100.000000   6   5  68158   0
 270   50068159    0.000000   90.000000   6   5  68159   0
 271   50068160    0.000000   80.000000   6   5  68160   0
 272   50068161    0.000000   72.000000   6   5  68161   0
 273   50068162    0.000000   62.000000   6   5  68162   0
 274   50068163    0.000000   54.000000   6   5  68163   0
 275   50068164    0.000000   44.000000   6   5  68164   0
 276   50068165    0.000000   38.000000   6   5  68165   0
 277   50068166    0.000000   29.000000   6   5  68166   0
 278   50068167    0.000000   22.000000   6   5  68167   0
 279   51068167    0.000000   22.000000   6   5  68167   1
 280   50068168    0.000000   13.500000   6   5  68168   0
 281   50068169    0.000000    7.500000   6   5  68169   0
 282   50068170    0.000000    1.000000   6   5  68170   0
 
   p   ZAP IP   NR    Tp [MeV]
   1     1  1    1    7.256894
   2     0  2    1    1.000000
   3  1001  9    1    8.600475
   4  1002 31    1   13.500000
   5  1003 32    1   13.500000
   6  2003 33    1   17.500000
   7  2004 34    1    2.000000
--------------------------------------------------------------------------------
 
