 
--------------------------------------------------------------------------------
  7-N - 14   T= 0.00 K from IAEA/PD-2019       (ACEMAKER)
 ZAID=  7014.38u  MAT= 725  ZA=  7014
 AWR=  13.882780  STA=  0  ELIS=   0.000 MeV  LIS=  0  LISO=  0
--------------------------------------------------------------------------------
 NTOTR=  92 NTRAN=  48 NPROD=  44 NE=     199 EMAX= 150.000 MeV
   i     MT/MTD     Q [MeV]     T [MeV] LMF  MT    ZAP LFS
   1         16  -30.617000   31.464000   3  16
   2         23  -19.772000   20.752000   3  23
   3         28  -12.497000   12.503000   3  28
   4         32  -28.994000   29.329000   3  32
   5         34  -32.189000   32.229000   3  34
   6         35  -37.684000   39.000000   3  35
   7         36  -35.459000   36.000000   3  36
   8         44  -28.454000   29.675000   3  44
   9         50  -10.553000   10.557000   3  50
  10        102    0.000000    9.172010   3 102
  11        108  -16.070000   17.202000   3 108
  12        109  -29.399000   30.000000   3 109
  13        111  -25.084000   26.256000   3 111
  14        112  -18.197000   19.000000   3 112
  15        113  -31.868000   33.000000   3 113
  16        114  -17.548000   18.055000   3 114
  17        115  -26.230000   27.084000   3 115
  18        116  -31.426000   31.464000   3 116
  19        117  -30.279000   30.653000   3 117
  20        118  -41.395000   43.000000   3 118
  21        600   -7.551000    7.553200   3 600
  22        601  -10.640000   10.645000   3 601
  23        602  -11.236000   11.410000   3 602
  24        603  -11.405000   11.616000   3 603
  25        650  -10.273000   10.277000   3 650
  26        651  -14.712000   14.852000   3 651
  27        700  -22.737000   23.003000   3 700
  28        701  -24.737000   25.108000   3 701
  29        702  -27.056000   27.084000   3 702
  30        703  -27.541000   27.570000   3 703
  31        704  -29.076000   29.432000   3 704
  32        705  -29.215000   29.500000   3 705
  33        706  -29.642000   30.000000   3 706
  34        707  -30.237000   30.653000   3 707
  35        750  -20.736000   21.134000   3 750
  36        751  -22.861000   23.003000   3 751
  37        752  -25.181000   25.500000   3 752
  38        753  -25.756000   26.256000   3 753
  39        754  -27.479000   28.000000   3 754
  40        755  -27.528000   28.063000   3 755
  41        756  -28.022000   28.500000   3 756
  42        757  -28.714000   29.248000   3 757
  43        758  -29.296000   29.675000   3 758
  44        800  -11.611000   12.503000   3 800
  45        801  -12.329000   13.250000   3 801
  46        802  -13.351000   14.200000   3 802
  47        803  -13.765000   14.720000   3 803
  48        804  -15.198000   16.080000   3 804
  49      10016  -30.617000   31.464000   6  16   7012   0
  50      10028  -12.497000   12.503000   6  28   6012   0
  51      10032  -28.994000   29.329000   6  32   6011   0
  52      10034  -32.189000   32.229000   6  34   5010   0
  53      10035  -37.684000   39.000000   6  35   5010   0
  54      10036  -35.459000   36.000000   6  36   5010   0
  55      10044  -28.454000   29.675000   6  44   5011   0
  56      10050  -10.553000   10.557000   6  50   7013   0
  57      10108  -16.070000   17.202000   6 108   3006   0
  58      10109  -29.399000   30.000000   6 109   3007   0
  59      10111  -25.084000   26.256000   6 111   5012   0
  60      10112  -18.197000   19.000000   6 112   5012   0
  61      10112  -18.197000   19.000000   6 112   4009   0
  62      10115  -26.230000   27.084000   6 115   5011   0
  63      10116  -31.426000   31.464000   6 116   5010   0
  64      10117  -30.279000   30.653000   6 117   3007   0
  65      10600   -7.551000    7.553200   6 600   6013   0
  66      10601  -10.640000   10.645000   6 601   6013   0
  67      10602  -11.236000   11.410000   6 602   6013   0
  68      10603  -11.405000   11.616000   6 603   6013   0
  69      10650  -10.273000   10.277000   6 650   6012   0
  70      10651  -14.712000   14.852000   6 651   6012   0
  71      10700  -22.737000   23.003000   6 700   6012   0
  72      10701  -24.737000   25.108000   6 701   6012   0
  73      10702  -27.056000   27.084000   6 702   6012   0
  74      10703  -27.541000   27.570000   6 703   6012   0
  75      10704  -29.076000   29.432000   6 704   6012   0
  76      10705  -29.215000   29.500000   6 705   6012   0
  77      10706  -29.642000   30.000000   6 706   6012   0
  78      10707  -30.237000   30.653000   6 707   6012   0
  79      10750  -20.736000   21.134000   6 750   5011   0
  80      10751  -22.861000   23.003000   6 751   5011   0
  81      10752  -25.181000   25.500000   6 752   5011   0
  82      10753  -25.756000   26.256000   6 753   5011   0
  83      10754  -27.479000   28.000000   6 754   5011   0
  84      10755  -27.528000   28.063000   6 755   5011   0
  85      10756  -28.022000   28.500000   6 756   5011   0
  86      10757  -28.714000   29.248000   6 757   5011   0
  87      10758  -29.296000   29.675000   6 758   5011   0
  88      10800  -11.611000   12.503000   6 800   5010   0
  89      10801  -12.329000   13.250000   6 801   5010   0
  90      10802  -13.351000   14.200000   6 802   5010   0
  91      10803  -13.765000   14.720000   6 803   5010   0
  92      10804  -15.198000   16.080000   6 804   5010   0
 
   p   ZAP IP   NR    Tp [MeV]
   1     1  1    8   10.557000
   2  1001  9   11    7.553200
   3  1002 31   16   10.277000
   4  1003 32    3   30.653000
   5  2003 33   12   21.134000
   6  2004 34   13   12.503000
--------------------------------------------------------------------------------
 
