 
--------------------------------------------------------------------------------
 71-Lu-175   T= 0.00 K from IAEA/PD-2019       (ACEMAKER)
 ZAID= 71175.38u  MAT=7125  ZA= 71175
 AWR= 173.438000  STA=  0  ELIS=   0.000 MeV  LIS=  0  LISO=  0
--------------------------------------------------------------------------------
 NTOTR= 131 NTRAN=   1 NPROD= 130 NE=      88 EMAX= 200.000 MeV
   i     MT/MTD     Q [MeV]     T [MeV] LMF  MT    ZAP LFS
   1          5    0.000000    1.000000   3   5
   2   50064148    0.000000  120.000000   6   5  64148   0
   3   50064149    0.000000  120.000000   6   5  64149   0
   4   50065149    0.000000  120.000000   6   5  65149   0
   5   51065149    0.000000  120.000000   6   5  65149   1
   6   50065150    0.000000  120.000000   6   5  65150   0
   7   52065150    0.000000  120.000000   6   5  65150   2
   8   50065151    0.000000  120.000000   6   5  65151   0
   9   53065151    0.000000  120.000000   6   5  65151   3
  10   50066150    0.000000  120.000000   6   5  66150   0
  11   50066151    0.000000  120.000000   6   5  66151   0
  12   50066152    0.000000  120.000000   6   5  66152   0
  13   50066153    0.000000  120.000000   6   5  66153   0
  14   50066154    0.000000  120.000000   6   5  66154   0
  15   50066155    0.000000  120.000000   6   5  66155   0
  16   50067151    0.000000  120.000000   6   5  67151   0
  17   51067151    0.000000  120.000000   6   5  67151   1
  18   50067152    0.000000  120.000000   6   5  67152   0
  19   51067152    0.000000  120.000000   6   5  67152   1
  20   50067153    0.000000  110.000000   6   5  67153   0
  21   51067153    0.000000  110.000000   6   5  67153   1
  22   50067154    0.000000  100.000000   6   5  67154   0
  23   52067154    0.000000  100.000000   6   5  67154   2
  24   50067155    0.000000  100.000000   6   5  67155   0
  25   50067156    0.000000  100.000000   6   5  67156   0
  26   51067156    0.000000  100.000000   6   5  67156   1
  27   58067156    0.000000  100.000000   6   5  67156   8
  28   50067157    0.000000  100.000000   6   5  67157   0
  29   50068152    0.000000  140.000000   6   5  68152   0
  30   50068153    0.000000  130.000000   6   5  68153   0
  31   50068154    0.000000  120.000000   6   5  68154   0
  32   50068155    0.000000  110.000000   6   5  68155   0
  33   50068156    0.000000  100.000000   6   5  68156   0
  34   50068157    0.000000  100.000000   6   5  68157   0
  35   50068158    0.000000   90.000000   6   5  68158   0
  36   50068159    0.000000   85.000000   6   5  68159   0
  37   50068160    0.000000   85.000000   6   5  68160   0
  38   50068161    0.000000   85.000000   6   5  68161   0
  39   50068162    0.000000   80.000000   6   5  68162   0
  40   50068163    0.000000   80.000000   6   5  68163   0
  41   50068164    0.000000   78.000000   6   5  68164   0
  42   50068165    0.000000   76.000000   6   5  68165   0
  43   50068166    0.000000   76.000000   6   5  68166   0
  44   50068167    0.000000   76.000000   6   5  68167   0
  45   53068167    0.000000   76.000000   6   5  68167   3
  46   50068168    0.000000   95.000000   6   5  68168   0
  47   50068169    0.000000   95.000000   6   5  68169   0
  48   50068170    0.000000   95.000000   6   5  68170   0
  49   50069153    0.000000  150.000000   6   5  69153   0
  50   51069153    0.000000  150.000000   6   5  69153   1
  51   50069154    0.000000  140.000000   6   5  69154   0
  52   52069154    0.000000  140.000000   6   5  69154   2
  53   50069155    0.000000  130.000000   6   5  69155   0
  54   51069155    0.000000  130.000000   6   5  69155   1
  55   50069156    0.000000  120.000000   6   5  69156   0
  56   50069157    0.000000  110.000000   6   5  69157   0
  57   50069158    0.000000  100.000000   6   5  69158   0
  58   52069158    0.000000  100.000000   6   5  69158   2
  59   50069159    0.000000   95.000000   6   5  69159   0
  60   50069160    0.000000   85.000000   6   5  69160   0
  61   52069160    0.000000   85.000000   6   5  69160   2
  62   50069161    0.000000   80.000000   6   5  69161   0
  63   50069162    0.000000   74.000000   6   5  69162   0
  64   54069162    0.000000   74.000000   6   5  69162   4
  65   50069163    0.000000   66.000000   6   5  69163   0
  66   50069164    0.000000   62.000000   6   5  69164   0
  67   55069164    0.000000   62.000000   6   5  69164   5
  68   50069165    0.000000   58.000000   6   5  69165   0
  69   50069166    0.000000   52.000000   6   5  69166   0
  70   50069167    0.000000   46.000000   6   5  69167   0
  71   50069168    0.000000   42.000000   6   5  69168   0
  72   50069169    0.000000   42.000000   6   5  69169   0
  73   50069170    0.000000   42.000000   6   5  69170   0
  74   50069171    0.000000    1.000000   6   5  69171   0
  75   50069172    0.000000   44.000000   6   5  69172   0
  76   50069173    0.000000   42.000000   6   5  69173   0
  77   50070154    0.000000  190.000000   6   5  70154   0
  78   50070155    0.000000  160.000000   6   5  70155   0
  79   50070156    0.000000  140.000000   6   5  70156   0
  80   50070157    0.000000  130.000000   6   5  70157   0
  81   50070158    0.000000  120.000000   6   5  70158   0
  82   50070159    0.000000  110.000000   6   5  70159   0
  83   50070160    0.000000  100.000000   6   5  70160   0
  84   50070161    0.000000  100.000000   6   5  70161   0
  85   50070162    0.000000   90.000000   6   5  70162   0
  86   50070163    0.000000   80.000000   6   5  70163   0
  87   50070164    0.000000   76.000000   6   5  70164   0
  88   50070165    0.000000   70.000000   6   5  70165   0
  89   50070166    0.000000   66.000000   6   5  70166   0
  90   50070167    0.000000   60.000000   6   5  70167   0
  91   50070168    0.000000   54.000000   6   5  70168   0
  92   50070169    0.000000   46.000000   6   5  70169   0
  93   51070169    0.000000   46.000000   6   5  70169   1
  94   50070170    0.000000   40.000000   6   5  70170   0
  95   50070171    0.000000   32.000000   6   5  70171   0
  96   50070172    0.000000   26.000000   6   5  70172   0
  97   50070173    0.000000   17.500000   6   5  70173   0
  98   50070174    0.000000   12.000000   6   5  70174   0
  99   50071155    0.000000  180.000000   6   5  71155   0
 100   50071156    0.000000  160.000000   6   5  71156   0
 101   50071157    0.000000  150.000000   6   5  71157   0
 102   51071157    0.000000  150.000000   6   5  71157   1
 103   50071158    0.000000  140.000000   6   5  71158   0
 104   50071159    0.000000  130.000000   6   5  71159   0
 105   50071160    0.000000  120.000000   6   5  71160   0
 106   51071160    0.000000  120.000000   6   5  71160   1
 107   50071161    0.000000  110.000000   6   5  71161   0
 108   50071162    0.000000  100.000000   6   5  71162   0
 109   55071162    0.000000  100.000000   6   5  71162   5
 110   57071162    0.000000  100.000000   6   5  71162   7
 111   50071163    0.000000   95.000000   6   5  71163   0
 112   50071164    0.000000   85.000000   6   5  71164   0
 113   50071165    0.000000   78.000000   6   5  71165   0
 114   50071166    0.000000   72.000000   6   5  71166   0
 115   51071166    0.000000   72.000000   6   5  71166   1
 116   52071166    0.000000   72.000000   6   5  71166   2
 117   50071167    0.000000   62.000000   6   5  71167   0
 118   51071167    0.000000   62.000000   6   5  71167   1
 119   50071168    0.000000   54.000000   6   5  71168   0
 120   51071168    0.000000   54.000000   6   5  71168   1
 121   50071169    0.000000   44.000000   6   5  71169   0
 122   51071169    0.000000   44.000000   6   5  71169   1
 123   50071170    0.000000   38.000000   6   5  71170   0
 124   50071171    0.000000   29.000000   6   5  71171   0
 125   51071171    0.000000   29.000000   6   5  71171   1
 126   50071172    0.000000   22.000000   6   5  71172   0
 127   51071172    0.000000   22.000000   6   5  71172   1
 128   50071173    0.000000   14.000000   6   5  71173   0
 129   50071174    0.000000    7.500000   6   5  71174   0
 130   53071174    0.000000    7.500000   6   5  71174   3
 131   50071175    0.000000    1.000000   6   5  71175   0
 
   p   ZAP IP   NR    Tp [MeV]
   1     1  1    1    7.500000
   2     0  2    1    1.000000
   3  1001  9    1    8.000000
   4  1002 31    1   13.000000
   5  1003 32    1   14.000000
   6  2003 33    1   20.000000
   7  2004 34    1    6.000000
--------------------------------------------------------------------------------
 
