 
--------------------------------------------------------------------------------
 72-Hf-178   T= 0.00 K from IAEA/PD-2019       (ACEMAKER)
 ZAID= 72178.38u  MAT=7237  ZA= 72178
 AWR= 176.415100  STA=  0  ELIS=   0.000 MeV  LIS=  0  LISO=  0
--------------------------------------------------------------------------------
 NTOTR= 296 NTRAN=   1 NPROD= 295 NE=     130 EMAX= 200.000 MeV
   i     MT/MTD     Q [MeV]     T [MeV] LMF  MT    ZAP LFS
   1          5    0.000000    1.000000   3   5
   2   50057145    0.000000  170.000000   6   5  57145   0
   3   50057146    0.000000  170.000000   6   5  57146   0
   4   51057146    0.000000  170.000000   6   5  57146   1
   5   50057147    0.000000  170.000000   6   5  57147   0
   6   50057148    0.000000  170.000000   6   5  57148   0
   7   50057149    0.000000  170.000000   6   5  57149   0
   8   50058146    0.000000  150.000000   6   5  58146   0
   9   50058147    0.000000  150.000000   6   5  58147   0
  10   50058148    0.000000  150.000000   6   5  58148   0
  11   50058149    0.000000  150.000000   6   5  58149   0
  12   50058150    0.000000  150.000000   6   5  58150   0
  13   50058151    0.000000  160.000000   6   5  58151   0
  14   50058152    0.000000  160.000000   6   5  58152   0
  15   50058153    0.000000  190.000000   6   5  58153   0
  16   50058154    0.000000  190.000000   6   5  58154   0
  17   50059147    0.000000  150.000000   6   5  59147   0
  18   50059148    0.000000  140.000000   6   5  59148   0
  19   51059148    0.000000  140.000000   6   5  59148   1
  20   50059149    0.000000  140.000000   6   5  59149   0
  21   50059150    0.000000  140.000000   6   5  59150   0
  22   50059151    0.000000  140.000000   6   5  59151   0
  23   50059152    0.000000  140.000000   6   5  59152   0
  24   50059153    0.000000  140.000000   6   5  59153   0
  25   50059154    0.000000  160.000000   6   5  59154   0
  26   50059155    0.000000  160.000000   6   5  59155   0
  27   50059156    0.000000  190.000000   6   5  59156   0
  28   50060148    0.000000  140.000000   6   5  60148   0
  29   50060149    0.000000  130.000000   6   5  60149   0
  30   50060150    0.000000  120.000000   6   5  60150   0
  31   50060151    0.000000  120.000000   6   5  60151   0
  32   50060152    0.000000  110.000000   6   5  60152   0
  33   50060153    0.000000  110.000000   6   5  60153   0
  34   50060154    0.000000  110.000000   6   5  60154   0
  35   50060155    0.000000  130.000000   6   5  60155   0
  36   50060156    0.000000  130.000000   6   5  60156   0
  37   50060157    0.000000  160.000000   6   5  60157   0
  38   50060158    0.000000  160.000000   6   5  60158   0
  39   50061149    0.000000  140.000000   6   5  61149   0
  40   50061150    0.000000  130.000000   6   5  61150   0
  41   50061151    0.000000  120.000000   6   5  61151   0
  42   50061152    0.000000  120.000000   6   5  61152   0
  43   50061153    0.000000  110.000000   6   5  61153   0
  44   50061154    0.000000  110.000000   6   5  61154   0
  45   51061154    0.000000  110.000000   6   5  61154   1
  46   50061155    0.000000  110.000000   6   5  61155   0
  47   50061156    0.000000  110.000000   6   5  61156   0
  48   50061157    0.000000  110.000000   6   5  61157   0
  49   50061158    0.000000  130.000000   6   5  61158   0
  50   50061159    0.000000  130.000000   6   5  61159   0
  51   50061160    0.000000  160.000000   6   5  61160   0
  52   50061161    0.000000  160.000000   6   5  61161   0
  53   50062150    0.000000  130.000000   6   5  62150   0
  54   50062151    0.000000  120.000000   6   5  62151   0
  55   50062152    0.000000  110.000000   6   5  62152   0
  56   50062153    0.000000  110.000000   6   5  62153   0
  57   50062154    0.000000   95.000000   6   5  62154   0
  58   50062155    0.000000   90.000000   6   5  62155   0
  59   50062156    0.000000   85.000000   6   5  62156   0
  60   50062157    0.000000   85.000000   6   5  62157   0
  61   50062158    0.000000   85.000000   6   5  62158   0
  62   50062159    0.000000   90.000000   6   5  62159   0
  63   50062160    0.000000   95.000000   6   5  62160   0
  64   50062161    0.000000  120.000000   6   5  62161   0
  65   50062162    0.000000  120.000000   6   5  62162   0
  66   50062163    0.000000  160.000000   6   5  62163   0
  67   50062164    0.000000  160.000000   6   5  62164   0
  68   50063151    0.000000  130.000000   6   5  63151   0
  69   50063152    0.000000  120.000000   6   5  63152   0
  70   51063152    0.000000  120.000000   6   5  63152   1
  71   52063152    0.000000  120.000000   6   5  63152   2
  72   50063153    0.000000  110.000000   6   5  63153   0
  73   50063154    0.000000  110.000000   6   5  63154   0
  74   51063154    0.000000  110.000000   6   5  63154   1
  75   50063155    0.000000   95.000000   6   5  63155   0
  76   50063156    0.000000   90.000000   6   5  63156   0
  77   50063157    0.000000   85.000000   6   5  63157   0
  78   50063158    0.000000   85.000000   6   5  63158   0
  79   50063159    0.000000   78.000000   6   5  63159   0
  80   50063160    0.000000   76.000000   6   5  63160   0
  81   50063161    0.000000   76.000000   6   5  63161   0
  82   50063162    0.000000   80.000000   6   5  63162   0
  83   50063163    0.000000   95.000000   6   5  63163   0
  84   50063164    0.000000  120.000000   6   5  63164   0
  85   50063165    0.000000  130.000000   6   5  63165   0
  86   50063166    0.000000  160.000000   6   5  63166   0
  87   50063167    0.000000  170.000000   6   5  63167   0
  88   50064152    0.000000  130.000000   6   5  64152   0
  89   50064153    0.000000  120.000000   6   5  64153   0
  90   50064154    0.000000  110.000000   6   5  64154   0
  91   50064155    0.000000  100.000000   6   5  64155   0
  92   50064156    0.000000   90.000000   6   5  64156   0
  93   50064157    0.000000   85.000000   6   5  64157   0
  94   50064158    0.000000   74.000000   6   5  64158   0
  95   50064159    0.000000   66.000000   6   5  64159   0
  96   50064160    0.000000   60.000000   6   5  64160   0
  97   50064161    0.000000   54.000000   6   5  64161   0
  98   50064162    0.000000   52.000000   6   5  64162   0
  99   50064163    0.000000   56.000000   6   5  64163   0
 100   50064164    0.000000   66.000000   6   5  64164   0
 101   50064165    0.000000   76.000000   6   5  64165   0
 102   50064166    0.000000   90.000000   6   5  64166   0
 103   50064167    0.000000  120.000000   6   5  64167   0
 104   50064168    0.000000  130.000000   6   5  64168   0
 105   50064169    0.000000  170.000000   6   5  64169   0
 106   50065153    0.000000  130.000000   6   5  65153   0
 107   50065154    0.000000  120.000000   6   5  65154   0
 108   51065154    0.000000  120.000000   6   5  65154   1
 109   50065155    0.000000  110.000000   6   5  65155   0
 110   50065156    0.000000  100.000000   6   5  65156   0
 111   51065156    0.000000  100.000000   6   5  65156   1
 112   52065156    0.000000  100.000000   6   5  65156   2
 113   50065157    0.000000   90.000000   6   5  65157   0
 114   50065158    0.000000   85.000000   6   5  65158   0
 115   51065158    0.000000   85.000000   6   5  65158   1
 116   50065159    0.000000   74.000000   6   5  65159   0
 117   50065160    0.000000   66.000000   6   5  65160   0
 118   50065161    0.000000   60.000000   6   5  65161   0
 119   50065162    0.000000   54.000000   6   5  65162   0
 120   50065163    0.000000   52.000000   6   5  65163   0
 121   50065164    0.000000   50.000000   6   5  65164   0
 122   50065165    0.000000   48.000000   6   5  65165   0
 123   50065166    0.000000   56.000000   6   5  65166   0
 124   50065167    0.000000   68.000000   6   5  65167   0
 125   50065168    0.000000   76.000000   6   5  65168   0
 126   50065169    0.000000   95.000000   6   5  65169   0
 127   50065170    0.000000  130.000000   6   5  65170   0
 128   50066154    0.000000  140.000000   6   5  66154   0
 129   50066155    0.000000  130.000000   6   5  66155   0
 130   50066156    0.000000  120.000000   6   5  66156   0
 131   50066157    0.000000  110.000000   6   5  66157   0
 132   50066158    0.000000   95.000000   6   5  66158   0
 133   50066159    0.000000   85.000000   6   5  66159   0
 134   50066160    0.000000   72.000000   6   5  66160   0
 135   50066161    0.000000   64.000000   6   5  66161   0
 136   50066162    0.000000   56.000000   6   5  66162   0
 137   50066163    0.000000   46.000000   6   5  66163   0
 138   50066164    0.000000   40.000000   6   5  66164   0
 139   50066165    0.000000   32.000000   6   5  66165   0
 140   51066165    0.000000   32.000000   6   5  66165   1
 141   50066166    0.000000   25.000000   6   5  66166   0
 142   50066167    0.000000   38.000000   6   5  66167   0
 143   50066168    0.000000   46.000000   6   5  66168   0
 144   50066169    0.000000   54.000000   6   5  66169   0
 145   50066170    0.000000   68.000000   6   5  66170   0
 146   50066171    0.000000   78.000000   6   5  66171   0
 147   50066172    0.000000  140.000000   6   5  66172   0
 148   50067155    0.000000  140.000000   6   5  67155   0
 149   50067156    0.000000  130.000000   6   5  67156   0
 150   51067156    0.000000  130.000000   6   5  67156   1
 151   50067157    0.000000  120.000000   6   5  67157   0
 152   50067158    0.000000  110.000000   6   5  67158   0
 153   51067158    0.000000  110.000000   6   5  67158   1
 154   52067158    0.000000  110.000000   6   5  67158   2
 155   50067159    0.000000   95.000000   6   5  67159   0
 156   51067159    0.000000   95.000000   6   5  67159   1
 157   50067160    0.000000   85.000000   6   5  67160   0
 158   51067160    0.000000   85.000000   6   5  67160   1
 159   52067160    0.000000   85.000000   6   5  67160   2
 160   50067161    0.000000   78.000000   6   5  67161   0
 161   51067161    0.000000   78.000000   6   5  67161   1
 162   50067162    0.000000   70.000000   6   5  67162   0
 163   51067162    0.000000   70.000000   6   5  67162   1
 164   50067163    0.000000   60.000000   6   5  67163   0
 165   51067163    0.000000   60.000000   6   5  67163   1
 166   50067164    0.000000   52.000000   6   5  67164   0
 167   51067164    0.000000   52.000000   6   5  67164   1
 168   50067165    0.000000   42.000000   6   5  67165   0
 169   50067166    0.000000   36.000000   6   5  67166   0
 170   51067166    0.000000   36.000000   6   5  67166   1
 171   50067167    0.000000   29.000000   6   5  67167   0
 172   50067168    0.000000   27.000000   6   5  67168   0
 173   51067168    0.000000   27.000000   6   5  67168   1
 174   50067169    0.000000   24.000000   6   5  67169   0
 175   50067170    0.000000   36.000000   6   5  67170   0
 176   51067170    0.000000   36.000000   6   5  67170   1
 177   50067171    0.000000   46.000000   6   5  67171   0
 178   50067172    0.000000   56.000000   6   5  67172   0
 179   50067173    0.000000   78.000000   6   5  67173   0
 180   50068156    0.000000  150.000000   6   5  68156   0
 181   50068157    0.000000  130.000000   6   5  68157   0
 182   50068158    0.000000  120.000000   6   5  68158   0
 183   50068159    0.000000  110.000000   6   5  68159   0
 184   50068160    0.000000   95.000000   6   5  68160   0
 185   50068161    0.000000   90.000000   6   5  68161   0
 186   50068162    0.000000   76.000000   6   5  68162   0
 187   50068163    0.000000   66.000000   6   5  68163   0
 188   50068164    0.000000   56.000000   6   5  68164   0
 189   50068165    0.000000   48.000000   6   5  68165   0
 190   50068166    0.000000   38.000000   6   5  68166   0
 191   50068167    0.000000   30.000000   6   5  68167   0
 192   51068167    0.000000   30.000000   6   5  68167   1
 193   50068168    0.000000   21.000000   6   5  68168   0
 194   50068169    0.000000   13.500000   6   5  68169   0
 195   50068170    0.000000    7.000000   6   5  68170   0
 196   50068171    0.000000   21.000000   6   5  68171   0
 197   50068172    0.000000   24.000000   6   5  68172   0
 198   50068173    0.000000   38.000000   6   5  68173   0
 199   50068174    0.000000   48.000000   6   5  68174   0
 200   50069157    0.000000  150.000000   6   5  69157   0
 201   50069158    0.000000  140.000000   6   5  69158   0
 202   51069158    0.000000  140.000000   6   5  69158   1
 203   50069159    0.000000  130.000000   6   5  69159   0
 204   50069160    0.000000  120.000000   6   5  69160   0
 205   51069160    0.000000  120.000000   6   5  69160   1
 206   50069161    0.000000  110.000000   6   5  69161   0
 207   50069162    0.000000   95.000000   6   5  69162   0
 208   51069162    0.000000   95.000000   6   5  69162   1
 209   50069163    0.000000   85.000000   6   5  69163   0
 210   50069164    0.000000   76.000000   6   5  69164   0
 211   51069164    0.000000   76.000000   6   5  69164   1
 212   50069165    0.000000   66.000000   6   5  69165   0
 213   50069166    0.000000   58.000000   6   5  69166   0
 214   51069166    0.000000   58.000000   6   5  69166   1
 215   50069167    0.000000   48.000000   6   5  69167   0
 216   50069168    0.000000   40.000000   6   5  69168   0
 217   50069169    0.000000   32.000000   6   5  69169   0
 218   50069170    0.000000   25.000000   6   5  69170   0
 219   50069171    0.000000   17.000000   6   5  69171   0
 220   50069172    0.000000   16.500000   6   5  69172   0
 221   50069173    0.000000   11.000000   6   5  69173   0
 222   50069174    0.000000   26.000000   6   5  69174   0
 223   50069175    0.000000   27.000000   6   5  69175   0
 224   50070158    0.000000  160.000000   6   5  70158   0
 225   50070159    0.000000  150.000000   6   5  70159   0
 226   50070160    0.000000  130.000000   6   5  70160   0
 227   50070161    0.000000  120.000000   6   5  70161   0
 228   50070162    0.000000  110.000000   6   5  70162   0
 229   50070163    0.000000   95.000000   6   5  70163   0
 230   50070164    0.000000   85.000000   6   5  70164   0
 231   50070165    0.000000   76.000000   6   5  70165   0
 232   50070166    0.000000   66.000000   6   5  70166   0
 233   50070167    0.000000   56.000000   6   5  70167   0
 234   50070168    0.000000   48.000000   6   5  70168   0
 235   50070169    0.000000   40.000000   6   5  70169   0
 236   51070169    0.000000   40.000000   6   5  70169   1
 237   50070170    0.000000   30.000000   6   5  70170   0
 238   50070171    0.000000   23.000000   6   5  70171   0
 239   50070172    0.000000   14.500000   6   5  70172   0
 240   50070173    0.000000    7.500000   6   5  70173   0
 241   50070174    0.000000    1.000000   6   5  70174   0
 242   50070175    0.000000   15.000000   6   5  70175   0
 243   50070176    0.000000   15.500000   6   5  70176   0
 244   51070176    0.000000   16.500000   6   5  70176   1
 245   50071159    0.000000  170.000000   6   5  71159   0
 246   50071160    0.000000  160.000000   6   5  71160   0
 247   51071160    0.000000  160.000000   6   5  71160   1
 248   50071161    0.000000  150.000000   6   5  71161   0
 249   50071162    0.000000  140.000000   6   5  71162   0
 250   50071163    0.000000  120.000000   6   5  71163   0
 251   50071164    0.000000  120.000000   6   5  71164   0
 252   50071165    0.000000  100.000000   6   5  71165   0
 253   50071166    0.000000   95.000000   6   5  71166   0
 254   51071166    0.000000   95.000000   6   5  71166   1
 255   52071166    0.000000   95.000000   6   5  71166   2
 256   50071167    0.000000   80.000000   6   5  71167   0
 257   51071167    0.000000   80.000000   6   5  71167   1
 258   50071168    0.000000   72.000000   6   5  71168   0
 259   51071168    0.000000   72.000000   6   5  71168   1
 260   50071169    0.000000   62.000000   6   5  71169   0
 261   51071169    0.000000   62.000000   6   5  71169   1
 262   50071170    0.000000   54.000000   6   5  71170   0
 263   51071170    0.000000   54.000000   6   5  71170   1
 264   50071171    0.000000   44.000000   6   5  71171   0
 265   51071171    0.000000   44.000000   6   5  71171   1
 266   50071172    0.000000   38.000000   6   5  71172   0
 267   51071172    0.000000   38.000000   6   5  71172   1
 268   50071173    0.000000   28.000000   6   5  71173   0
 269   50071174    0.000000   21.000000   6   5  71174   0
 270   51071174    0.000000   21.000000   6   5  71174   1
 271   50071175    0.000000   13.000000   6   5  71175   0
 272   50071176    0.000000   13.000000   6   5  71176   0
 273   51071176    0.000000   13.000000   6   5  71176   1
 274   50071177    0.000000    8.000000   6   5  71177   0
 275   51071177    0.000000   10.500000   6   5  71177   1
 276   50072160    0.000000  170.000000   6   5  72160   0
 277   50072161    0.000000  170.000000   6   5  72161   0
 278   50072162    0.000000  150.000000   6   5  72162   0
 279   50072163    0.000000  140.000000   6   5  72163   0
 280   50072164    0.000000  130.000000   6   5  72164   0
 281   50072165    0.000000  120.000000   6   5  72165   0
 282   50072166    0.000000  110.000000   6   5  72166   0
 283   50072167    0.000000   95.000000   6   5  72167   0
 284   50072168    0.000000   85.000000   6   5  72168   0
 285   50072169    0.000000   76.000000   6   5  72169   0
 286   50072170    0.000000   64.000000   6   5  72170   0
 287   50072171    0.000000   56.000000   6   5  72171   0
 288   51072171    0.000000   56.000000   6   5  72171   1
 289   50072172    0.000000   46.000000   6   5  72172   0
 290   50072173    0.000000   40.000000   6   5  72173   0
 291   50072174    0.000000   30.000000   6   5  72174   0
 292   50072175    0.000000   23.000000   6   5  72175   0
 293   50072176    0.000000   14.500000   6   5  72176   0
 294   50072177    0.000000    8.000000   6   5  72177   0
 295   50072178    0.000000    1.000000   6   5  72178   0
 296   51072178    0.000000    2.000000   6   5  72178   1
 
   p   ZAP IP   NR    Tp [MeV]
   1     1  1    1    7.500000
   2     0  2    1    1.000000
   3  1001  9    1    7.500000
   4  1002 31    1   12.500000
   5  1003 32    1   13.000000
   6  2003 33    1   15.000000
   7  2004 34    1    1.000000
--------------------------------------------------------------------------------
 
