 
--------------------------------------------------------------------------------
 72-Hf-180   T= 0.00 K from IAEA/PD-2019       (ACEMAKER)
 ZAID= 72180.38u  MAT=7243  ZA= 72180
 AWR= 178.400700  STA=  0  ELIS=   0.000 MeV  LIS=  0  LISO=  0
--------------------------------------------------------------------------------
 NTOTR= 282 NTRAN=   1 NPROD= 281 NE=     132 EMAX= 200.000 MeV
   i     MT/MTD     Q [MeV]     T [MeV] LMF  MT    ZAP LFS
   1          5    0.000000    1.000000   3   5
   2   50057147    0.000000  190.000000   6   5  57147   0
   3   50057148    0.000000  190.000000   6   5  57148   0
   4   50057149    0.000000  190.000000   6   5  57149   0
   5   50057150    0.000000  190.000000   6   5  57150   0
   6   50057151    0.000000  190.000000   6   5  57151   0
   7   50058148    0.000000  160.000000   6   5  58148   0
   8   50058149    0.000000  160.000000   6   5  58149   0
   9   50058150    0.000000  160.000000   6   5  58150   0
  10   50058151    0.000000  160.000000   6   5  58151   0
  11   50058152    0.000000  160.000000   6   5  58152   0
  12   50058153    0.000000  170.000000   6   5  58153   0
  13   50058154    0.000000  170.000000   6   5  58154   0
  14   50059149    0.000000  150.000000   6   5  59149   0
  15   50059150    0.000000  150.000000   6   5  59150   0
  16   50059151    0.000000  150.000000   6   5  59151   0
  17   50059152    0.000000  150.000000   6   5  59152   0
  18   50059153    0.000000  150.000000   6   5  59153   0
  19   50059154    0.000000  150.000000   6   5  59154   0
  20   50059155    0.000000  150.000000   6   5  59155   0
  21   50059156    0.000000  170.000000   6   5  59156   0
  22   50059157    0.000000  170.000000   6   5  59157   0
  23   50060150    0.000000  140.000000   6   5  60150   0
  24   50060151    0.000000  130.000000   6   5  60151   0
  25   50060152    0.000000  130.000000   6   5  60152   0
  26   50060153    0.000000  120.000000   6   5  60153   0
  27   50060154    0.000000  120.000000   6   5  60154   0
  28   50060155    0.000000  120.000000   6   5  60155   0
  29   50060156    0.000000  120.000000   6   5  60156   0
  30   50060157    0.000000  140.000000   6   5  60157   0
  31   50060158    0.000000  140.000000   6   5  60158   0
  32   50060159    0.000000  170.000000   6   5  60159   0
  33   50060160    0.000000  170.000000   6   5  60160   0
  34   50061151    0.000000  140.000000   6   5  61151   0
  35   50061152    0.000000  130.000000   6   5  61152   0
  36   50061153    0.000000  130.000000   6   5  61153   0
  37   50061154    0.000000  120.000000   6   5  61154   0
  38   51061154    0.000000  120.000000   6   5  61154   1
  39   50061155    0.000000  120.000000   6   5  61155   0
  40   50061156    0.000000  110.000000   6   5  61156   0
  41   50061157    0.000000  110.000000   6   5  61157   0
  42   50061158    0.000000  110.000000   6   5  61158   0
  43   50061159    0.000000  110.000000   6   5  61159   0
  44   50061160    0.000000  140.000000   6   5  61160   0
  45   50061161    0.000000  140.000000   6   5  61161   0
  46   50061162    0.000000  170.000000   6   5  61162   0
  47   50061163    0.000000  170.000000   6   5  61163   0
  48   50062152    0.000000  130.000000   6   5  62152   0
  49   50062153    0.000000  120.000000   6   5  62153   0
  50   50062154    0.000000  110.000000   6   5  62154   0
  51   50062155    0.000000  110.000000   6   5  62155   0
  52   50062156    0.000000  100.000000   6   5  62156   0
  53   50062157    0.000000   90.000000   6   5  62157   0
  54   50062158    0.000000   90.000000   6   5  62158   0
  55   50062159    0.000000   90.000000   6   5  62159   0
  56   50062160    0.000000   90.000000   6   5  62160   0
  57   50062161    0.000000   95.000000   6   5  62161   0
  58   50062162    0.000000  100.000000   6   5  62162   0
  59   50062163    0.000000  130.000000   6   5  62163   0
  60   50062164    0.000000  130.000000   6   5  62164   0
  61   50062165    0.000000  170.000000   6   5  62165   0
  62   50063153    0.000000  130.000000   6   5  63153   0
  63   50063154    0.000000  120.000000   6   5  63154   0
  64   51063154    0.000000  120.000000   6   5  63154   1
  65   50063155    0.000000  110.000000   6   5  63155   0
  66   50063156    0.000000  110.000000   6   5  63156   0
  67   50063157    0.000000  100.000000   6   5  63157   0
  68   50063158    0.000000   90.000000   6   5  63158   0
  69   50063159    0.000000   90.000000   6   5  63159   0
  70   50063160    0.000000   85.000000   6   5  63160   0
  71   50063161    0.000000   80.000000   6   5  63161   0
  72   50063162    0.000000   80.000000   6   5  63162   0
  73   50063163    0.000000   80.000000   6   5  63163   0
  74   50063164    0.000000   85.000000   6   5  63164   0
  75   50063165    0.000000  100.000000   6   5  63165   0
  76   50063166    0.000000  130.000000   6   5  63166   0
  77   50063167    0.000000  140.000000   6   5  63167   0
  78   50064154    0.000000  130.000000   6   5  64154   0
  79   50064155    0.000000  120.000000   6   5  64155   0
  80   50064156    0.000000  110.000000   6   5  64156   0
  81   50064157    0.000000  100.000000   6   5  64157   0
  82   50064158    0.000000   90.000000   6   5  64158   0
  83   50064159    0.000000   85.000000   6   5  64159   0
  84   50064160    0.000000   74.000000   6   5  64160   0
  85   50064161    0.000000   66.000000   6   5  64161   0
  86   50064162    0.000000   62.000000   6   5  64162   0
  87   50064163    0.000000   56.000000   6   5  64163   0
  88   50064164    0.000000   56.000000   6   5  64164   0
  89   50064165    0.000000   60.000000   6   5  64165   0
  90   50064166    0.000000   72.000000   6   5  64166   0
  91   50064167    0.000000   80.000000   6   5  64167   0
  92   50064168    0.000000  100.000000   6   5  64168   0
  93   50064169    0.000000  130.000000   6   5  64169   0
  94   50065155    0.000000  130.000000   6   5  65155   0
  95   50065156    0.000000  120.000000   6   5  65156   0
  96   51065156    0.000000  120.000000   6   5  65156   1
  97   52065156    0.000000  120.000000   6   5  65156   2
  98   50065157    0.000000  110.000000   6   5  65157   0
  99   50065158    0.000000  100.000000   6   5  65158   0
 100   51065158    0.000000  100.000000   6   5  65158   1
 101   50065159    0.000000   90.000000   6   5  65159   0
 102   50065160    0.000000   85.000000   6   5  65160   0
 103   50065161    0.000000   74.000000   6   5  65161   0
 104   50065162    0.000000   66.000000   6   5  65162   0
 105   50065163    0.000000   62.000000   6   5  65163   0
 106   50065164    0.000000   56.000000   6   5  65164   0
 107   50065165    0.000000   56.000000   6   5  65165   0
 108   50065166    0.000000   52.000000   6   5  65166   0
 109   50065167    0.000000   52.000000   6   5  65167   0
 110   50065168    0.000000   58.000000   6   5  65168   0
 111   50065169    0.000000   72.000000   6   5  65169   0
 112   50065170    0.000000   85.000000   6   5  65170   0
 113   50065171    0.000000  100.000000   6   5  65171   0
 114   50066156    0.000000  130.000000   6   5  66156   0
 115   50066157    0.000000  120.000000   6   5  66157   0
 116   50066158    0.000000  110.000000   6   5  66158   0
 117   50066159    0.000000  100.000000   6   5  66159   0
 118   50066160    0.000000   90.000000   6   5  66160   0
 119   50066161    0.000000   80.000000   6   5  66161   0
 120   50066162    0.000000   72.000000   6   5  66162   0
 121   50066163    0.000000   62.000000   6   5  66163   0
 122   50066164    0.000000   54.000000   6   5  66164   0
 123   50066165    0.000000   48.000000   6   5  66165   0
 124   51066165    0.000000   48.000000   6   5  66165   1
 125   50066166    0.000000   40.000000   6   5  66166   0
 126   50066167    0.000000   34.000000   6   5  66167   0
 127   50066168    0.000000   27.000000   6   5  66168   0
 128   50066169    0.000000   40.000000   6   5  66169   0
 129   50066170    0.000000   48.000000   6   5  66170   0
 130   50066171    0.000000   58.000000   6   5  66171   0
 131   50066172    0.000000   72.000000   6   5  66172   0
 132   50066173    0.000000   85.000000   6   5  66173   0
 133   50067157    0.000000  130.000000   6   5  67157   0
 134   50067158    0.000000  120.000000   6   5  67158   0
 135   51067158    0.000000  120.000000   6   5  67158   1
 136   52067158    0.000000  120.000000   6   5  67158   2
 137   50067159    0.000000  110.000000   6   5  67159   0
 138   51067159    0.000000  110.000000   6   5  67159   1
 139   50067160    0.000000  100.000000   6   5  67160   0
 140   51067160    0.000000  110.000000   6   5  67160   1
 141   52067160    0.000000  110.000000   6   5  67160   2
 142   50067161    0.000000   90.000000   6   5  67161   0
 143   51067161    0.000000   90.000000   6   5  67161   1
 144   50067162    0.000000   85.000000   6   5  67162   0
 145   51067162    0.000000   85.000000   6   5  67162   1
 146   50067163    0.000000   76.000000   6   5  67163   0
 147   51067163    0.000000   76.000000   6   5  67163   1
 148   50067164    0.000000   68.000000   6   5  67164   0
 149   51067164    0.000000   68.000000   6   5  67164   1
 150   50067165    0.000000   58.000000   6   5  67165   0
 151   50067166    0.000000   52.000000   6   5  67166   0
 152   51067166    0.000000   52.000000   6   5  67166   1
 153   50067167    0.000000   44.000000   6   5  67167   0
 154   50067168    0.000000   36.000000   6   5  67168   0
 155   51067168    0.000000   36.000000   6   5  67168   1
 156   50067169    0.000000   30.000000   6   5  67169   0
 157   50067170    0.000000   29.000000   6   5  67170   0
 158   51067170    0.000000   29.000000   6   5  67170   1
 159   50067171    0.000000   26.000000   6   5  67171   0
 160   50067172    0.000000   38.000000   6   5  67172   0
 161   50067173    0.000000   50.000000   6   5  67173   0
 162   50067174    0.000000   60.000000   6   5  67174   0
 163   50067175    0.000000   85.000000   6   5  67175   0
 164   50068158    0.000000  140.000000   6   5  68158   0
 165   50068159    0.000000  130.000000   6   5  68159   0
 166   50068160    0.000000  120.000000   6   5  68160   0
 167   50068161    0.000000  110.000000   6   5  68161   0
 168   50068162    0.000000   95.000000   6   5  68162   0
 169   50068163    0.000000   85.000000   6   5  68163   0
 170   50068164    0.000000   72.000000   6   5  68164   0
 171   50068165    0.000000   64.000000   6   5  68165   0
 172   50068166    0.000000   54.000000   6   5  68166   0
 173   50068167    0.000000   46.000000   6   5  68167   0
 174   51068167    0.000000   46.000000   6   5  68167   1
 175   50068168    0.000000   38.000000   6   5  68168   0
 176   50068169    0.000000   28.000000   6   5  68169   0
 177   50068170    0.000000   21.000000   6   5  68170   0
 178   50068171    0.000000   14.500000   6   5  68171   0
 179   50068172    0.000000    7.500000   6   5  68172   0
 180   50068173    0.000000   23.000000   6   5  68173   0
 181   50068174    0.000000   26.000000   6   5  68174   0
 182   50068175    0.000000   40.000000   6   5  68175   0
 183   50068176    0.000000   52.000000   6   5  68176   0
 184   50069159    0.000000  140.000000   6   5  69159   0
 185   50069160    0.000000  140.000000   6   5  69160   0
 186   51069160    0.000000  140.000000   6   5  69160   1
 187   50069161    0.000000  120.000000   6   5  69161   0
 188   50069162    0.000000  120.000000   6   5  69162   0
 189   51069162    0.000000  120.000000   6   5  69162   1
 190   50069163    0.000000  100.000000   6   5  69163   0
 191   50069164    0.000000   95.000000   6   5  69164   0
 192   51069164    0.000000   95.000000   6   5  69164   1
 193   50069165    0.000000   85.000000   6   5  69165   0
 194   50069166    0.000000   74.000000   6   5  69166   0
 195   51069166    0.000000   74.000000   6   5  69166   1
 196   50069167    0.000000   64.000000   6   5  69167   0
 197   50069168    0.000000   56.000000   6   5  69168   0
 198   50069169    0.000000   48.000000   6   5  69169   0
 199   50069170    0.000000   40.000000   6   5  69170   0
 200   50069171    0.000000   32.000000   6   5  69171   0
 201   50069172    0.000000   24.000000   6   5  69172   0
 202   50069173    0.000000   17.500000   6   5  69173   0
 203   50069174    0.000000   17.500000   6   5  69174   0
 204   50069175    0.000000   12.500000   6   5  69175   0
 205   50069176    0.000000   28.000000   6   5  69176   0
 206   50069177    0.000000   30.000000   6   5  69177   0
 207   50070160    0.000000  150.000000   6   5  70160   0
 208   50070161    0.000000  140.000000   6   5  70161   0
 209   50070162    0.000000  130.000000   6   5  70162   0
 210   50070163    0.000000  120.000000   6   5  70163   0
 211   50070164    0.000000  110.000000   6   5  70164   0
 212   50070165    0.000000   95.000000   6   5  70165   0
 213   50070166    0.000000   85.000000   6   5  70166   0
 214   50070167    0.000000   72.000000   6   5  70167   0
 215   50070168    0.000000   64.000000   6   5  70168   0
 216   50070169    0.000000   54.000000   6   5  70169   0
 217   51070169    0.000000   54.000000   6   5  70169   1
 218   50070170    0.000000   46.000000   6   5  70170   0
 219   50070171    0.000000   38.000000   6   5  70171   0
 220   50070172    0.000000   28.000000   6   5  70172   0
 221   50070173    0.000000   22.000000   6   5  70173   0
 222   50070174    0.000000   14.000000   6   5  70174   0
 223   50070175    0.000000    8.000000   6   5  70175   0
 224   50070176    0.000000    1.000000   6   5  70176   0
 225   51070176    0.000000    4.000000   6   5  70176   1
 226   50070177    0.000000   16.000000   6   5  70177   0
 227   51070177    0.000000   16.500000   6   5  70177   1
 228   50070178    0.000000   16.500000   6   5  70178   0
 229   50071161    0.000000  160.000000   6   5  71161   0
 230   50071162    0.000000  150.000000   6   5  71162   0
 231   50071163    0.000000  140.000000   6   5  71163   0
 232   50071164    0.000000  130.000000   6   5  71164   0
 233   50071165    0.000000  120.000000   6   5  71165   0
 234   50071166    0.000000  110.000000   6   5  71166   0
 235   51071166    0.000000  110.000000   6   5  71166   1
 236   52071166    0.000000  110.000000   6   5  71166   2
 237   50071167    0.000000   95.000000   6   5  71167   0
 238   51071167    0.000000   95.000000   6   5  71167   1
 239   50071168    0.000000   90.000000   6   5  71168   0
 240   51071168    0.000000   90.000000   6   5  71168   1
 241   50071169    0.000000   76.000000   6   5  71169   0
 242   51071169    0.000000   76.000000   6   5  71169   1
 243   50071170    0.000000   68.000000   6   5  71170   0
 244   51071170    0.000000   68.000000   6   5  71170   1
 245   50071171    0.000000   60.000000   6   5  71171   0
 246   51071171    0.000000   60.000000   6   5  71171   1
 247   50071172    0.000000   52.000000   6   5  71172   0
 248   51071172    0.000000   52.000000   6   5  71172   1
 249   50071173    0.000000   42.000000   6   5  71173   0
 250   50071174    0.000000   36.000000   6   5  71174   0
 251   51071174    0.000000   36.000000   6   5  71174   1
 252   50071175    0.000000   27.000000   6   5  71175   0
 253   50071176    0.000000   21.000000   6   5  71176   0
 254   51071176    0.000000   21.000000   6   5  71176   1
 255   50071177    0.000000   13.500000   6   5  71177   0
 256   51071177    0.000000   14.000000   6   5  71177   1
 257   50071178    0.000000   13.500000   6   5  71178   0
 258   51071178    0.000000   13.500000   6   5  71178   1
 259   50071179    0.000000    8.500000   6   5  71179   0
 260   50072162    0.000000  170.000000   6   5  72162   0
 261   50072163    0.000000  160.000000   6   5  72163   0
 262   50072164    0.000000  150.000000   6   5  72164   0
 263   50072165    0.000000  140.000000   6   5  72165   0
 264   50072166    0.000000  120.000000   6   5  72166   0
 265   50072167    0.000000  110.000000   6   5  72167   0
 266   50072168    0.000000  100.000000   6   5  72168   0
 267   50072169    0.000000   90.000000   6   5  72169   0
 268   50072170    0.000000   80.000000   6   5  72170   0
 269   50072171    0.000000   72.000000   6   5  72171   0
 270   51072171    0.000000   72.000000   6   5  72171   1
 271   50072172    0.000000   62.000000   6   5  72172   0
 272   50072173    0.000000   54.000000   6   5  72173   0
 273   50072174    0.000000   44.000000   6   5  72174   0
 274   50072175    0.000000   38.000000   6   5  72175   0
 275   50072176    0.000000   29.000000   6   5  72176   0
 276   50072177    0.000000   22.000000   6   5  72177   0
 277   50072178    0.000000   14.000000   6   5  72178   0
 278   51072178    0.000000   15.000000   6   5  72178   1
 279   50072179    0.000000    7.500000   6   5  72179   0
 280   51072179    0.000000    8.000000   6   5  72179   1
 281   50072180    0.000000    1.000000   6   5  72180   0
 282   51072180    0.000000    2.000000   6   5  72180   1
 
   p   ZAP IP   NR    Tp [MeV]
   1     1  1    1    7.387758
   2     0  2    1    1.000000
   3  1001  9    1    8.000000
   4  1002 31    1   13.000000
   5  1003 32    1   13.000000
   6  2003 33    1   16.000000
   7  2004 34    1    1.000000
--------------------------------------------------------------------------------
 
