 
--------------------------------------------------------------------------------
 72-Hf-176   T= 0.00 K from IAEA/PD-2019       (ACEMAKER)
 ZAID= 72176.38u  MAT=7231  ZA= 72176
 AWR= 174.430000  STA=  0  ELIS=   0.000 MeV  LIS=  0  LISO=  0
--------------------------------------------------------------------------------
 NTOTR= 310 NTRAN=   1 NPROD= 309 NE=     129 EMAX= 200.000 MeV
   i     MT/MTD     Q [MeV]     T [MeV] LMF  MT    ZAP LFS
   1          5    0.000000    1.000000   3   5
   2   50057143    0.000000  160.000000   6   5  57143   0
   3   50057144    0.000000  160.000000   6   5  57144   0
   4   50057145    0.000000  160.000000   6   5  57145   0
   5   50057146    0.000000  160.000000   6   5  57146   0
   6   51057146    0.000000  160.000000   6   5  57146   1
   7   50057147    0.000000  160.000000   6   5  57147   0
   8   50057148    0.000000  180.000000   6   5  57148   0
   9   50057149    0.000000  180.000000   6   5  57149   0
  10   50058144    0.000000  140.000000   6   5  58144   0
  11   50058145    0.000000  140.000000   6   5  58145   0
  12   50058146    0.000000  130.000000   6   5  58146   0
  13   50058147    0.000000  130.000000   6   5  58147   0
  14   50058148    0.000000  130.000000   6   5  58148   0
  15   50058149    0.000000  150.000000   6   5  58149   0
  16   50058150    0.000000  150.000000   6   5  58150   0
  17   50058151    0.000000  180.000000   6   5  58151   0
  18   50058152    0.000000  180.000000   6   5  58152   0
  19   50059145    0.000000  140.000000   6   5  59145   0
  20   50059146    0.000000  140.000000   6   5  59146   0
  21   50059147    0.000000  130.000000   6   5  59147   0
  22   50059148    0.000000  130.000000   6   5  59148   0
  23   51059148    0.000000  130.000000   6   5  59148   1
  24   50059149    0.000000  130.000000   6   5  59149   0
  25   50059150    0.000000  130.000000   6   5  59150   0
  26   50059151    0.000000  130.000000   6   5  59151   0
  27   50059152    0.000000  150.000000   6   5  59152   0
  28   50059153    0.000000  150.000000   6   5  59153   0
  29   50059154    0.000000  180.000000   6   5  59154   0
  30   50059155    0.000000  180.000000   6   5  59155   0
  31   50060146    0.000000  130.000000   6   5  60146   0
  32   50060147    0.000000  120.000000   6   5  60147   0
  33   50060148    0.000000  120.000000   6   5  60148   0
  34   50060149    0.000000  110.000000   6   5  60149   0
  35   50060150    0.000000  110.000000   6   5  60150   0
  36   50060151    0.000000  110.000000   6   5  60151   0
  37   50060152    0.000000  110.000000   6   5  60152   0
  38   50060153    0.000000  120.000000   6   5  60153   0
  39   50060154    0.000000  120.000000   6   5  60154   0
  40   50060155    0.000000  150.000000   6   5  60155   0
  41   50060156    0.000000  150.000000   6   5  60156   0
  42   50060157    0.000000  180.000000   6   5  60157   0
  43   50060158    0.000000  180.000000   6   5  60158   0
  44   50061147    0.000000  130.000000   6   5  61147   0
  45   50061148    0.000000  120.000000   6   5  61148   0
  46   51061148    0.000000  120.000000   6   5  61148   1
  47   50061149    0.000000  120.000000   6   5  61149   0
  48   50061150    0.000000  110.000000   6   5  61150   0
  49   50061151    0.000000  110.000000   6   5  61151   0
  50   50061152    0.000000  110.000000   6   5  61152   0
  51   50061153    0.000000  100.000000   6   5  61153   0
  52   50061154    0.000000  100.000000   6   5  61154   0
  53   51061154    0.000000  100.000000   6   5  61154   1
  54   50061155    0.000000  100.000000   6   5  61155   0
  55   50061156    0.000000  120.000000   6   5  61156   0
  56   50061157    0.000000  120.000000   6   5  61157   0
  57   50061158    0.000000  150.000000   6   5  61158   0
  58   50061159    0.000000  150.000000   6   5  61159   0
  59   50061160    0.000000  180.000000   6   5  61160   0
  60   50061161    0.000000  190.000000   6   5  61161   0
  61   50062148    0.000000  130.000000   6   5  62148   0
  62   50062149    0.000000  120.000000   6   5  62149   0
  63   50062150    0.000000  110.000000   6   5  62150   0
  64   50062151    0.000000  100.000000   6   5  62151   0
  65   50062152    0.000000   95.000000   6   5  62152   0
  66   50062153    0.000000   85.000000   6   5  62153   0
  67   50062154    0.000000   78.000000   6   5  62154   0
  68   50062155    0.000000   76.000000   6   5  62155   0
  69   50062156    0.000000   76.000000   6   5  62156   0
  70   50062157    0.000000   78.000000   6   5  62157   0
  71   50062158    0.000000   90.000000   6   5  62158   0
  72   50062159    0.000000  110.000000   6   5  62159   0
  73   50062160    0.000000  120.000000   6   5  62160   0
  74   50062161    0.000000  150.000000   6   5  62161   0
  75   50062162    0.000000  150.000000   6   5  62162   0
  76   50062163    0.000000  190.000000   6   5  62163   0
  77   50062164    0.000000  190.000000   6   5  62164   0
  78   50063149    0.000000  130.000000   6   5  63149   0
  79   50063150    0.000000  120.000000   6   5  63150   0
  80   51063150    0.000000  120.000000   6   5  63150   1
  81   50063151    0.000000  110.000000   6   5  63151   0
  82   50063152    0.000000  100.000000   6   5  63152   0
  83   51063152    0.000000  100.000000   6   5  63152   1
  84   52063152    0.000000  100.000000   6   5  63152   2
  85   50063153    0.000000   95.000000   6   5  63153   0
  86   50063154    0.000000   85.000000   6   5  63154   0
  87   51063154    0.000000   85.000000   6   5  63154   1
  88   50063155    0.000000   78.000000   6   5  63155   0
  89   50063156    0.000000   76.000000   6   5  63156   0
  90   50063157    0.000000   74.000000   6   5  63157   0
  91   50063158    0.000000   70.000000   6   5  63158   0
  92   50063159    0.000000   72.000000   6   5  63159   0
  93   50063160    0.000000   74.000000   6   5  63160   0
  94   50063161    0.000000   90.000000   6   5  63161   0
  95   50063162    0.000000  110.000000   6   5  63162   0
  96   50063163    0.000000  120.000000   6   5  63163   0
  97   50063164    0.000000  150.000000   6   5  63164   0
  98   50063165    0.000000  160.000000   6   5  63165   0
  99   50063166    0.000000  190.000000   6   5  63166   0
 100   50064150    0.000000  130.000000   6   5  64150   0
 101   50064151    0.000000  120.000000   6   5  64151   0
 102   50064152    0.000000  110.000000   6   5  64152   0
 103   50064153    0.000000  100.000000   6   5  64153   0
 104   50064154    0.000000   90.000000   6   5  64154   0
 105   50064155    0.000000   80.000000   6   5  64155   0
 106   50064156    0.000000   72.000000   6   5  64156   0
 107   50064157    0.000000   64.000000   6   5  64157   0
 108   50064158    0.000000   56.000000   6   5  64158   0
 109   50064159    0.000000   50.000000   6   5  64159   0
 110   50064160    0.000000   48.000000   6   5  64160   0
 111   50064161    0.000000   52.000000   6   5  64161   0
 112   50064162    0.000000   64.000000   6   5  64162   0
 113   50064163    0.000000   70.000000   6   5  64163   0
 114   50064164    0.000000   85.000000   6   5  64164   0
 115   50064165    0.000000  110.000000   6   5  64165   0
 116   50064166    0.000000  120.000000   6   5  64166   0
 117   50064167    0.000000  160.000000   6   5  64167   0
 118   50065151    0.000000  130.000000   6   5  65151   0
 119   51065151    0.000000  130.000000   6   5  65151   1
 120   50065152    0.000000  120.000000   6   5  65152   0
 121   51065152    0.000000  120.000000   6   5  65152   1
 122   50065153    0.000000  110.000000   6   5  65153   0
 123   50065154    0.000000  100.000000   6   5  65154   0
 124   51065154    0.000000  100.000000   6   5  65154   1
 125   50065155    0.000000   90.000000   6   5  65155   0
 126   50065156    0.000000   80.000000   6   5  65156   0
 127   51065156    0.000000   80.000000   6   5  65156   1
 128   52065156    0.000000   80.000000   6   5  65156   2
 129   50065157    0.000000   74.000000   6   5  65157   0
 130   50065158    0.000000   66.000000   6   5  65158   0
 131   51065158    0.000000   66.000000   6   5  65158   1
 132   50065159    0.000000   56.000000   6   5  65159   0
 133   50065160    0.000000   50.000000   6   5  65160   0
 134   50065161    0.000000   48.000000   6   5  65161   0
 135   50065162    0.000000   48.000000   6   5  65162   0
 136   50065163    0.000000   46.000000   6   5  65163   0
 137   50065164    0.000000   52.000000   6   5  65164   0
 138   50065165    0.000000   64.000000   6   5  65165   0
 139   50065166    0.000000   70.000000   6   5  65166   0
 140   50065167    0.000000   90.000000   6   5  65167   0
 141   50065168    0.000000  120.000000   6   5  65168   0
 142   50066152    0.000000  140.000000   6   5  66152   0
 143   50066153    0.000000  130.000000   6   5  66153   0
 144   50066154    0.000000  120.000000   6   5  66154   0
 145   50066155    0.000000  110.000000   6   5  66155   0
 146   50066156    0.000000   95.000000   6   5  66156   0
 147   50066157    0.000000   85.000000   6   5  66157   0
 148   50066158    0.000000   72.000000   6   5  66158   0
 149   50066159    0.000000   64.000000   6   5  66159   0
 150   50066160    0.000000   54.000000   6   5  66160   0
 151   50066161    0.000000   46.000000   6   5  66161   0
 152   50066162    0.000000   38.000000   6   5  66162   0
 153   50066163    0.000000   29.000000   6   5  66163   0
 154   50066164    0.000000   22.000000   6   5  66164   0
 155   50066165    0.000000   34.000000   6   5  66165   0
 156   51066165    0.000000   34.000000   6   5  66165   1
 157   50066166    0.000000   42.000000   6   5  66166   0
 158   50066167    0.000000   50.000000   6   5  66167   0
 159   50066168    0.000000   64.000000   6   5  66168   0
 160   50066169    0.000000   72.000000   6   5  66169   0
 161   50066170    0.000000  120.000000   6   5  66170   0
 162   50067153    0.000000  140.000000   6   5  67153   0
 163   51067153    0.000000  140.000000   6   5  67153   1
 164   50067154    0.000000  130.000000   6   5  67154   0
 165   51067154    0.000000  130.000000   6   5  67154   1
 166   50067155    0.000000  120.000000   6   5  67155   0
 167   50067156    0.000000  110.000000   6   5  67156   0
 168   51067156    0.000000  110.000000   6   5  67156   1
 169   50067157    0.000000   95.000000   6   5  67157   0
 170   50067158    0.000000   90.000000   6   5  67158   0
 171   51067158    0.000000   90.000000   6   5  67158   1
 172   52067158    0.000000   90.000000   6   5  67158   2
 173   50067159    0.000000   78.000000   6   5  67159   0
 174   51067159    0.000000   78.000000   6   5  67159   1
 175   50067160    0.000000   70.000000   6   5  67160   0
 176   51067160    0.000000   70.000000   6   5  67160   1
 177   52067160    0.000000   72.000000   6   5  67160   2
 178   50067161    0.000000   60.000000   6   5  67161   0
 179   51067161    0.000000   60.000000   6   5  67161   1
 180   50067162    0.000000   52.000000   6   5  67162   0
 181   51067162    0.000000   52.000000   6   5  67162   1
 182   50067163    0.000000   42.000000   6   5  67163   0
 183   51067163    0.000000   42.000000   6   5  67163   1
 184   50067164    0.000000   36.000000   6   5  67164   0
 185   51067164    0.000000   36.000000   6   5  67164   1
 186   50067165    0.000000   27.000000   6   5  67165   0
 187   50067166    0.000000   26.000000   6   5  67166   0
 188   51067166    0.000000   26.000000   6   5  67166   1
 189   50067167    0.000000   21.000000   6   5  67167   0
 190   50067168    0.000000   34.000000   6   5  67168   0
 191   51067168    0.000000   34.000000   6   5  67168   1
 192   50067169    0.000000   42.000000   6   5  67169   0
 193   50067170    0.000000   52.000000   6   5  67170   0
 194   51067170    0.000000   54.000000   6   5  67170   1
 195   50067171    0.000000   72.000000   6   5  67171   0
 196   50068154    0.000000  150.000000   6   5  68154   0
 197   50068155    0.000000  140.000000   6   5  68155   0
 198   50068156    0.000000  120.000000   6   5  68156   0
 199   50068157    0.000000  110.000000   6   5  68157   0
 200   50068158    0.000000  100.000000   6   5  68158   0
 201   50068159    0.000000   90.000000   6   5  68159   0
 202   50068160    0.000000   78.000000   6   5  68160   0
 203   50068161    0.000000   68.000000   6   5  68161   0
 204   50068162    0.000000   58.000000   6   5  68162   0
 205   50068163    0.000000   48.000000   6   5  68163   0
 206   50068164    0.000000   40.000000   6   5  68164   0
 207   50068165    0.000000   32.000000   6   5  68165   0
 208   50068166    0.000000   22.000000   6   5  68166   0
 209   50068167    0.000000   13.500000   6   5  68167   0
 210   51068167    0.000000   13.500000   6   5  68167   1
 211   50068168    0.000000    6.500000   6   5  68168   0
 212   50068169    0.000000   20.000000   6   5  68169   0
 213   50068170    0.000000   21.000000   6   5  68170   0
 214   50068171    0.000000   36.000000   6   5  68171   0
 215   50068172    0.000000   44.000000   6   5  68172   0
 216   50069155    0.000000  150.000000   6   5  69155   0
 217   51069155    0.000000  150.000000   6   5  69155   1
 218   50069156    0.000000  140.000000   6   5  69156   0
 219   50069157    0.000000  130.000000   6   5  69157   0
 220   50069158    0.000000  120.000000   6   5  69158   0
 221   51069158    0.000000  120.000000   6   5  69158   1
 222   50069159    0.000000  110.000000   6   5  69159   0
 223   50069160    0.000000  100.000000   6   5  69160   0
 224   51069160    0.000000  100.000000   6   5  69160   1
 225   50069161    0.000000   90.000000   6   5  69161   0
 226   50069162    0.000000   80.000000   6   5  69162   0
 227   51069162    0.000000   80.000000   6   5  69162   1
 228   50069163    0.000000   68.000000   6   5  69163   0
 229   50069164    0.000000   60.000000   6   5  69164   0
 230   51069164    0.000000   60.000000   6   5  69164   1
 231   50069165    0.000000   50.000000   6   5  69165   0
 232   50069166    0.000000   42.000000   6   5  69166   0
 233   51069166    0.000000   42.000000   6   5  69166   1
 234   50069167    0.000000   34.000000   6   5  69167   0
 235   50069168    0.000000   25.000000   6   5  69168   0
 236   50069169    0.000000   17.000000   6   5  69169   0
 237   50069170    0.000000   16.000000   6   5  69170   0
 238   50069171    0.000000   10.000000   6   5  69171   0
 239   50069172    0.000000   24.000000   6   5  69172   0
 240   50069173    0.000000   25.000000   6   5  69173   0
 241   50070156    0.000000  160.000000   6   5  70156   0
 242   50070157    0.000000  150.000000   6   5  70157   0
 243   50070158    0.000000  140.000000   6   5  70158   0
 244   50070159    0.000000  120.000000   6   5  70159   0
 245   50070160    0.000000  110.000000   6   5  70160   0
 246   50070161    0.000000  100.000000   6   5  70161   0
 247   50070162    0.000000   90.000000   6   5  70162   0
 248   50070163    0.000000   78.000000   6   5  70163   0
 249   50070164    0.000000   68.000000   6   5  70164   0
 250   50070165    0.000000   58.000000   6   5  70165   0
 251   50070166    0.000000   48.000000   6   5  70166   0
 252   50070167    0.000000   42.000000   6   5  70167   0
 253   50070168    0.000000   32.000000   6   5  70168   0
 254   50070169    0.000000   24.000000   6   5  70169   0
 255   51070169    0.000000   24.000000   6   5  70169   1
 256   50070170    0.000000   15.000000   6   5  70170   0
 257   50070171    0.000000    8.000000   6   5  70171   0
 258   50070172    0.000000    1.000000   6   5  70172   0
 259   50070173    0.000000   14.000000   6   5  70173   0
 260   50070174    0.000000   14.000000   6   5  70174   0
 261   50071157    0.000000  180.000000   6   5  71157   0
 262   51071157    0.000000  180.000000   6   5  71157   1
 263   50071158    0.000000  170.000000   6   5  71158   0
 264   50071159    0.000000  150.000000   6   5  71159   0
 265   50071160    0.000000  140.000000   6   5  71160   0
 266   51071160    0.000000  140.000000   6   5  71160   1
 267   50071161    0.000000  130.000000   6   5  71161   0
 268   50071162    0.000000  120.000000   6   5  71162   0
 269   50071163    0.000000  110.000000   6   5  71163   0
 270   50071164    0.000000   95.000000   6   5  71164   0
 271   50071165    0.000000   85.000000   6   5  71165   0
 272   50071166    0.000000   76.000000   6   5  71166   0
 273   51071166    0.000000   76.000000   6   5  71166   1
 274   52071166    0.000000   76.000000   6   5  71166   2
 275   50071167    0.000000   64.000000   6   5  71167   0
 276   51071167    0.000000   64.000000   6   5  71167   1
 277   50071168    0.000000   56.000000   6   5  71168   0
 278   51071168    0.000000   56.000000   6   5  71168   1
 279   50071169    0.000000   46.000000   6   5  71169   0
 280   51071169    0.000000   46.000000   6   5  71169   1
 281   50071170    0.000000   38.000000   6   5  71170   0
 282   51071170    0.000000   38.000000   6   5  71170   1
 283   50071171    0.000000   29.000000   6   5  71171   0
 284   51071171    0.000000   29.000000   6   5  71171   1
 285   50071172    0.000000   22.000000   6   5  71172   0
 286   51071172    0.000000   22.000000   6   5  71172   1
 287   50071173    0.000000   13.500000   6   5  71173   0
 288   50071174    0.000000   13.000000   6   5  71174   0
 289   51071174    0.000000   13.000000   6   5  71174   1
 290   50071175    0.000000    7.000000   6   5  71175   0
 291   50072158    0.000000  180.000000   6   5  72158   0
 292   50072159    0.000000  170.000000   6   5  72159   0
 293   50072160    0.000000  160.000000   6   5  72160   0
 294   50072161    0.000000  150.000000   6   5  72161   0
 295   50072162    0.000000  130.000000   6   5  72162   0
 296   50072163    0.000000  120.000000   6   5  72163   0
 297   50072164    0.000000  110.000000   6   5  72164   0
 298   50072165    0.000000  100.000000   6   5  72165   0
 299   50072166    0.000000   90.000000   6   5  72166   0
 300   50072167    0.000000   78.000000   6   5  72167   0
 301   50072168    0.000000   68.000000   6   5  72168   0
 302   50072169    0.000000   60.000000   6   5  72169   0
 303   50072170    0.000000   50.000000   6   5  72170   0
 304   50072171    0.000000   42.000000   6   5  72171   0
 305   51072171    0.000000   42.000000   6   5  72171   1
 306   50072172    0.000000   32.000000   6   5  72172   0
 307   50072173    0.000000   24.000000   6   5  72173   0
 308   50072174    0.000000   15.000000   6   5  72174   0
 309   50072175    0.000000    8.500000   6   5  72175   0
 310   50072176    0.000000    1.000000   6   5  72176   0
 
   p   ZAP IP   NR    Tp [MeV]
   1     1  1    1    8.000000
   2     0  2    1    1.000000
   3  1001  9    1    7.000000
   4  1002 31    1   12.500000
   5  1003 32    1   13.500000
   6  2003 33    1   14.000000
   7  2004 34    1    1.000000
--------------------------------------------------------------------------------
 
