 
--------------------------------------------------------------------------------
 73-Ta-181   T= 0.00 K from IAEA/PD-2019       (ACEMAKER)
 ZAID= 73181.38u  MAT=7328  ZA= 73181
 AWR= 179.393600  STA=  0  ELIS=   0.000 MeV  LIS=  0  LISO=  0
--------------------------------------------------------------------------------
 NTOTR= 282 NTRAN= 143 NPROD= 139 NE=     203 EMAX= 200.000 MeV
   i     MT/MTD     Q [MeV]     T [MeV] LMF  MT    ZAP LFS
   1          5    3.091210    5.000000   3   5
   2         11  -18.572370   26.000000   3  11
   3         16  -14.221000   14.221000   3  16
   4         17  -22.121000   22.121000   3  17
   5         22   -5.546000    9.000000   3  22
   6         28  -13.328000   15.100000   3  28
   7         32  -17.203000   18.800000   3  32
   8         33  -18.572000   20.400000   3  33
   9         34  -19.051000   22.000000   3  34
  10         41  -19.427000   21.000000   3  41
  11         42  -27.053000   28.800000   3  42
  12         44  -20.744000   24.000000   3  44
  13         50   -7.577430    7.577430   3  50
  14         51   -7.617100    7.617100   3  51
  15         52   -7.654530    7.654530   3  52
  16         53   -7.685280    7.685280   3  53
  17         54   -7.688300    7.688300   3  54
  18         55   -7.707980    7.707980   3  55
  19         56   -7.748710    7.748710   3  56
  20         57   -7.755080    7.755080   3  57
  21         58   -7.762460    7.762460   3  58
  22         59   -7.811910    7.811910   3  59
  23         60   -7.835430    7.835430   3  60
  24         61   -7.857460    7.857460   3  61
  25         62   -7.888400    7.888400   3  62
  26         63   -7.895780    7.895780   3  63
  27         64   -7.897890    7.897890   3  64
  28         65   -7.934110    7.934110   3  65
  29         66   -7.948410    7.948410   3  66
  30         67   -7.951150    7.951150   3  67
  31         68   -7.993830    7.993830   3  68
  32         69   -7.997430    7.997430   3  69
  33         70   -8.001040    8.001040   3  70
  34         71   -8.003230    8.003230   3  71
  35         72   -8.025430    8.025430   3  72
  36         73   -8.040670    8.040670   3  73
  37         74   -8.055670    8.055670   3  74
  38         75   -8.082640    8.082640   3  75
  39         76   -8.092990    8.092990   3  76
  40         77   -8.097570    8.097570   3  77
  41         78   -8.121790    8.121790   3  78
  42         79   -8.125220    8.125220   3  79
  43         80   -8.125440    8.125440   3  80
  44         81   -8.126910    8.126910   3  81
  45         82   -8.137060    8.137060   3  82
  46         83   -8.149630    8.149630   3  83
  47         84   -8.151940    8.151940   3  84
  48         85   -8.153000    8.153000   3  85
  49         86   -8.171860    8.171860   3  86
  50         87   -8.172420    8.172420   3  87
  51         88   -8.177840    8.177840   3  88
  52         89   -8.201700    8.201700   3  89
  53         91   -8.201270    8.201270   3  91
  54        102    0.000000    5.000000   3 102
  55        104  -11.104000   12.600000   3 104
  56        105  -10.946000   12.600000   3 105
  57        106  -13.026000   16.800000   3 106
  58        111  -13.952000   19.000000   3 111
  59        112   -4.658000   10.000000   3 112
  60        115  -18.520000   23.000000   3 115
  61        116  -18.288000   23.000000   3 116
  62        600   -5.940030    8.000000   3 600
  63        601   -6.033354    7.000000   3 601
  64        602   -6.248609    7.000000   3 602
  65        603   -6.580888    8.000000   3 603
  66        604   -7.023970    9.000000   3 604
  67        605   -7.041930    9.000000   3 605
  68        606   -7.047270    9.000000   3 606
  69        607   -7.081530    9.000000   3 607
  70        608   -7.103890    8.000000   3 608
  71        609   -7.123350    8.000000   3 609
  72        610   -7.132640    8.000000   3 610
  73        611   -7.139690    8.000000   3 611
  74        612   -7.200490    8.000000   3 612
  75        613   -7.231070    8.000000   3 613
  76        614   -7.240180    8.000000   3 614
  77        615   -7.255730    9.000000   3 615
  78        616   -7.294130    9.000000   3 616
  79        617   -7.309510    9.000000   3 617
  80        618   -7.314180    9.000000   3 618
  81        619   -7.321340    9.000000   3 619
  82        620   -7.325230    9.000000   3 620
  83        621   -7.349230    9.000000   3 621
  84        622   -7.349280    9.000000   3 622
  85        623   -7.360630    9.000000   3 623
  86        624   -7.369620    9.000000   3 624
  87        625   -7.384030    9.000000   3 625
  88        626   -7.412300    9.000000   3 626
  89        627   -7.422440    9.000000   3 627
  90        628   -7.424300    9.000000   3 628
  91        629   -7.448030    9.000000   3 629
  92        630   -7.465030    9.000000   3 630
  93        631   -7.479070    9.000000   3 631
  94        632   -7.496840    9.000000   3 632
  95        633   -7.499050    9.000000   3 633
  96        634   -7.537450    9.000000   3 634
  97        635   -7.547580    9.000000   3 635
  98        636   -7.549160    9.000000   3 636
  99        637   -7.552330    9.000000   3 637
 100        638   -7.552850    9.000000   3 638
 101        639   -7.570430    9.000000   3 639
 102        649   -7.570400    9.000000   3 649
 103        800    1.526070    5.000000   3 800
 104        801    1.404449    5.000000   3 801
 105        802    1.375673    5.000000   3 802
 106        803    1.257285    5.000000   3 803
 107        804    1.237059    5.000000   3 804
 108        805    1.085428    5.000000   3 805
 109        806    1.074558    5.000000   3 806
 110        807    1.068089    5.000000   3 807
 111        808    0.973972    5.000000   3 808
 112        809    0.956363    5.000000   3 809
 113        810    0.952428    5.000000   3 810
 114        811    0.889867    5.000000   3 811
 115        812    0.888960    5.000000   3 812
 116        813    0.854121    5.000000   3 813
 117        814    0.816617    5.000000   3 814
 118        815    0.805250    5.000000   3 815
 119        816    0.765260    5.000000   3 816
 120        817    0.764370    5.000000   3 817
 121        818    0.730830    5.000000   3 818
 122        819    0.714618    5.000000   3 819
 123        820    0.709366    5.000000   3 820
 124        821    0.704120    5.000000   3 821
 125        822    0.694070    5.000000   3 822
 126        823    0.681162    5.000000   3 823
 127        824    0.671763    5.000000   3 824
 128        825    0.619330    5.000000   3 825
 129        826    0.569540    5.000000   3 826
 130        827    0.569376    5.000000   3 827
 131        828    0.568744    5.000000   3 828
 132        829    0.555895    5.000000   3 829
 133        830    0.545860    5.000000   3 830
 134        831    0.540760    5.000000   3 831
 135        832    0.506197    5.000000   3 832
 136        833    0.476870    5.000000   3 833
 137        834    0.476613    5.000000   3 834
 138        835    0.462870    5.000000   3 835
 139        836    0.453070    5.000000   3 836
 140        837    0.452433    5.000000   3 837
 141        838    0.437447    5.000000   3 838
 142        839    0.432366    5.000000   3 839
 143        849 -100.093700  100.093700   3 849
 144      10004   -7.577430    7.577430  10   4  73180   0
 145      11004   -7.654530    7.654530  10   4  73180   1
 146   50062153  -43.303740  140.000000  10   5  62153   0
 147   50062154  -35.336310  121.000000  10   5  62154   0
 148   50062155  -29.528880  100.000000  10   5  62155   0
 149   50062156  -22.286450  100.000000  10   5  62156   0
 150   50062157  -16.850020  100.000000  10   5  62157   0
 151   50062158  -10.299590  100.000000  10   5  62158   0
 152   50062159  -11.477490  100.000000  10   5  62159   0
 153   50062160   -7.437680  100.000000  10   5  62160   0
 154   50063154  -45.317660  121.000000  10   5  63154   0
 155   50063155  -37.166230  121.000000  10   5  63155   0
 156   50063156  -30.828800  100.000000  10   5  63156   0
 157   50063157  -23.380370  100.000000  10   5  63157   0
 158   50063158  -17.564940   90.000000  10   5  63158   0
 159   50063159  -10.651510   80.000000  10   5  63159   0
 160   50063160   -4.793080   70.000000  10   5  63160   0
 161   50063161    1.211350   70.000000  10   5  63161   0
 162   50063162  -14.425040  100.000000  10   5  63162   0
 163   50064155  -57.510670  140.000000  10   5  64155   0
 164   50064156  -48.974240  121.000000  10   5  64156   0
 165   50064157  -42.613810  100.000000  10   5  64157   0
 166   50064158  -34.676380  100.000000  10   5  64158   0
 167   50064159  -28.732950  100.000000  10   5  64159   0
 168   50064160  -21.281520   90.000000  10   5  64160   0
 169   50064161  -15.646090   80.000000  10   5  64161   0
 170   50064162   -8.799660   80.000000  10   5  64162   0
 171   50064163   -9.788560   70.000000  10   5  64163   0
 172   50064164   -5.683750   70.000000  10   5  64164   0
 173   50065156  -60.682590  140.000000  10   5  65156   0
 174   50065157  -51.938160  121.000000  10   5  65157   0
 175   50065158  -45.160730  100.000000  10   5  65158   0
 176   50065159  -37.027300  100.000000  10   5  65159   0
 177   50065160  -30.651870   90.000000  10   5  65160   0
 178   50065161  -22.954440   80.000000  10   5  65161   0
 179   50065162  -16.671010   70.000000  10   5  65162   0
 180   50065163   -9.678580   61.000000  10   5  65163   0
 181   50065164   -4.125150   55.000000  10   5  65164   0
 182   50065165    2.518280   55.000000  10   5  65165   0
 183   50065166  -12.941110   70.000000  10   5  65166   0
 184   50065167  -14.450850   70.000000  10   5  65167   0
 185   50066156  -80.846030  121.000000  10   5  66156   0
 186   50066157  -73.876600  140.000000  10   5  66157   0
 187   50066158  -64.820170  121.000000  10   5  66158   0
 188   50066159  -57.988740  100.000000  10   5  66159   0
 189   50066160  -49.412310  100.000000  10   5  66160   0
 190   50066161  -42.957880   90.000000  10   5  66161   0
 191   50066162  -34.761450   80.000000  10   5  66162   0
 192   50066163  -28.490020   80.000000  10   5  66163   0
 193   50066164  -20.831590   70.000000  10   5  66164   0
 194   50066165  -15.116160   61.000000  10   5  66165   0
 195   50066166   -8.072730   61.000000  10   5  66166   0
 196   50066167   -8.908630   55.000000  10   5  66167   0
 197   50066168   -4.534820   55.000000  10   5  66168   0
 198   50066169  -19.904210   70.000000  10   5  66169   0
 199   50067159  -69.091090  121.000000  10   5  67159   0
 200   50067160  -61.966660  121.000000  10   5  67160   0
 201   50067161  -53.081230  100.000000  10   5  67161   0
 202   50067162  -46.165800   90.000000  10   5  67162   0
 203   50067163  -37.757370   80.000000  10   5  67163   0
 204   50067164  -31.082940   70.000000  10   5  67164   0
 205   50067165  -23.094510   61.000000  10   5  67165   0
 206   50067166  -16.850080   55.000000  10   5  67166   0
 207   50067167   -9.565650   45.000000  10   5  67167   0
 208   50067170  -11.974180   55.000000  10   5  67170   0
 209   50068160  -82.892100  100.000000  10   5  68160   0
 210   50068161  -75.680670  121.000000  10   5  68161   0
 211   50068162  -66.466240  100.000000  10   5  68162   0
 212   50068163  -59.563810   90.000000  10   5  68163   0
 213   50068164  -50.716380   80.000000  10   5  68164   0
 214   50068165  -44.066950   70.000000  10   5  68165   0
 215   50068166  -35.592520   61.000000  10   5  68166   0
 216   50068167  -29.156090   55.000000  10   5  68167   0
 217   50068168  -21.384660   50.000000  10   5  68168   0
 218   50068172   -4.086890   37.000000  10   5  68172   0
 219   50068173  -19.432280   55.000000  10   5  68173   0
 220   50069161  -88.109020  140.000000  10   5  69161   0
 221   50069162  -80.570580  121.000000  10   5  69162   0
 222   50069163  -71.267160  100.000000  10   5  69163   0
 223   50069164  -63.943730  100.000000  10   5  69164   0
 224   50069165  -54.923300   80.000000  10   5  69165   0
 225   50069166  -47.895870   70.000000  10   5  69166   0
 226   50069167  -39.168440   61.000000  10   5  69167   0
 227   50069168  -32.328010   55.000000  10   5  69168   0
 228   50069169  -24.294580   45.000000  10   5  69169   0
 229   50069170  -17.701150   39.000000  10   5  69170   0
 230   50069174  -11.924250   30.700000  10   5  69174   0
 231   50069175  -13.124990   39.000000  10   5  69175   0
 232   50070163  -95.233600  121.000000  10   5  70163   0
 233   50070164  -85.536170  100.000000  10   5  70164   0
 234   50070165  -78.281740  100.000000  10   5  70165   0
 235   50070166  -68.796310   90.000000  10   5  70166   0
 236   50070167  -61.718880   80.000000  10   5  70167   0
 237   50070168  -52.667450   70.000000  10   5  70168   0
 238   50070169  -45.800020   61.000000  10   5  70169   0
 239   50070170  -37.329590   50.000000  10   5  70170   0
 240   50070171  -30.715160   44.000000  10   5  70171   0
 241   50070172  -22.694730   34.400000  10   5  70172   0
 242   50070173  -16.327300   28.400000  10   5  70173   0
 243   50070174   -8.862870   20.000000  10   5  70174   0
 244   50070177  -19.668350   36.000000  10   5  70177   0
 245   50071165  -91.466090  140.000000  10   5  71165   0
 246   50071166  -83.540660  121.000000  10   5  71166   0
 247   50071167  -74.113220  100.000000  10   5  71167   0
 248   50071168  -66.406800   90.000000  10   5  71168   0
 249   50071169  -57.357370   80.000000  10   5  71169   0
 250   50071170  -50.052940   70.000000  10   5  71170   0
 251   50071171  -41.457510   55.000000  10   5  71171   0
 252   50071172  -34.478080   50.000000  10   5  71172   0
 253   50071173  -26.262650   39.000000  10   5  71173   0
 254   50071177  -11.217000   11.217000  10   5  71177   0
 255   50072167  -98.708670  121.000000  10   5  72167   0
 256   50072168  -88.802240  100.000000  10   5  72168   0
 257   50072169  -81.223810  100.000000  10   5  72169   0
 258   50072170  -71.746380   80.000000  10   5  72170   0
 259   50072171  -64.457950   70.000000  10   5  72171   0
 260   50072172  -55.424520   61.000000  10   5  72172   0
 261   50072173  -48.464090   55.000000  10   5  72173   0
 262   50072174  -39.824660   45.000000  10   5  72174   0
 263   50072175  -10.993000   39.000000  10   5  72175   0
 264   50072176  -10.728000   30.200000  10   5  72176   0
 265      10022   -5.546000   34.000000  10  22  71176   0
 266      10023   -3.702220   42.000000  10  23  67168   0
 267      10024  -11.834000   16.200000  10  24  71175   0
 268      10025  -11.600000   24.000000  10  25  71174   0
 269      10029   -3.978290   21.000000  10  29  69172   0
 270      10030  -10.214720   29.300000  10  30  69171   0
 271      10035   -8.122800   40.000000  10  35  68170   0
 272      10036  -15.381230   45.000000  10  36  68169   0
 273      10037  -29.001000   29.100000  10  37  73177   0
 274      10045    1.806000   20.000000  10  45  70175   0
 275      10103   -5.940030    7.000000  10 103  72180   0
 276      11103   -7.081530    9.000000  10 103  72180   1
 277      10107  -11.217000   11.217000  10 107  71177   0
 278      11107  -12.187180   12.187180  10 107  71177   1
 279      10108    2.971140   13.000000  10 108  69173   0
 280      10109    3.091210   38.000000  10 109  67169   0
 281      10112   -4.658000   41.000000  10 112  70176   0
 282      10114   -8.697700   40.000000  10 114  68171   0
 
   p   ZAP IP   NR    Tp [MeV]
   1     1  1   53    5.000000
   2     0  2  139    5.000000
   3  1001  9   50    5.000000
   4  1002 31    5    5.000000
   5  1003 32    4    5.000000
   6  2003 33    3    5.000000
   7  2004 34   44    5.000000
--------------------------------------------------------------------------------
 
