 
--------------------------------------------------------------------------------
 75-Re-187   T= 0.00 K from IAEA/PD-2019       (ACEMAKER)
 ZAID= 75187.38u  MAT=7531  ZA= 75187
 AWR= 185.349700  STA=  0  ELIS=   0.000 MeV  LIS=  0  LISO=  0
--------------------------------------------------------------------------------
 NTOTR= 282 NTRAN=   2 NPROD= 280 NE=     135 EMAX= 200.000 MeV
   i     MT/MTD     Q [MeV]     T [MeV] LMF  MT    ZAP LFS
   1          5    0.000000    1.000000   3   5
   2         18  127.324000   23.000000   3  18
   3   50060154    0.000000  160.000000   6   5  60154   0
   4   50060155    0.000000  160.000000   6   5  60155   0
   5   50060156    0.000000  160.000000   6   5  60156   0
   6   50060157    0.000000  160.000000   6   5  60157   0
   7   50060158    0.000000  160.000000   6   5  60158   0
   8   50060159    0.000000  190.000000   6   5  60159   0
   9   50060160    0.000000  190.000000   6   5  60160   0
  10   50061155    0.000000  140.000000   6   5  61155   0
  11   50061156    0.000000  140.000000   6   5  61156   0
  12   50061157    0.000000  140.000000   6   5  61157   0
  13   50061158    0.000000  140.000000   6   5  61158   0
  14   50061159    0.000000  140.000000   6   5  61159   0
  15   50061160    0.000000  160.000000   6   5  61160   0
  16   50061161    0.000000  160.000000   6   5  61161   0
  17   50061162    0.000000  190.000000   6   5  61162   0
  18   50061163    0.000000  190.000000   6   5  61163   0
  19   50062156    0.000000  140.000000   6   5  62156   0
  20   50062157    0.000000  140.000000   6   5  62157   0
  21   50062158    0.000000  140.000000   6   5  62158   0
  22   50062159    0.000000  130.000000   6   5  62159   0
  23   50062160    0.000000  130.000000   6   5  62160   0
  24   50062161    0.000000  130.000000   6   5  62161   0
  25   50062162    0.000000  130.000000   6   5  62162   0
  26   50062163    0.000000  160.000000   6   5  62163   0
  27   50062164    0.000000  160.000000   6   5  62164   0
  28   50062165    0.000000  190.000000   6   5  62165   0
  29   50063157    0.000000  130.000000   6   5  63157   0
  30   50063158    0.000000  120.000000   6   5  63158   0
  31   50063159    0.000000  120.000000   6   5  63159   0
  32   50063160    0.000000  110.000000   6   5  63160   0
  33   50063161    0.000000  110.000000   6   5  63161   0
  34   50063162    0.000000  110.000000   6   5  63162   0
  35   50063163    0.000000  110.000000   6   5  63163   0
  36   50063164    0.000000  130.000000   6   5  63164   0
  37   50063165    0.000000  130.000000   6   5  63165   0
  38   50063166    0.000000  160.000000   6   5  63166   0
  39   50063167    0.000000  160.000000   6   5  63167   0
  40   50064158    0.000000  130.000000   6   5  64158   0
  41   50064159    0.000000  120.000000   6   5  64159   0
  42   50064160    0.000000  120.000000   6   5  64160   0
  43   50064161    0.000000  110.000000   6   5  64161   0
  44   50064162    0.000000  110.000000   6   5  64162   0
  45   50064163    0.000000  110.000000   6   5  64163   0
  46   50064164    0.000000  100.000000   6   5  64164   0
  47   50064165    0.000000  100.000000   6   5  64165   0
  48   50064166    0.000000  100.000000   6   5  64166   0
  49   50064167    0.000000  120.000000   6   5  64167   0
  50   50064168    0.000000  120.000000   6   5  64168   0
  51   50064169    0.000000  160.000000   6   5  64169   0
  52   50065159    0.000000  130.000000   6   5  65159   0
  53   50065160    0.000000  120.000000   6   5  65160   0
  54   50065161    0.000000  110.000000   6   5  65161   0
  55   50065162    0.000000  100.000000   6   5  65162   0
  56   50065163    0.000000   90.000000   6   5  65163   0
  57   50065164    0.000000   85.000000   6   5  65164   0
  58   50065165    0.000000   80.000000   6   5  65165   0
  59   50065166    0.000000   78.000000   6   5  65166   0
  60   50065167    0.000000   78.000000   6   5  65167   0
  61   50065168    0.000000   85.000000   6   5  65168   0
  62   50065169    0.000000   95.000000   6   5  65169   0
  63   50065170    0.000000  120.000000   6   5  65170   0
  64   50065171    0.000000  130.000000   6   5  65171   0
  65   50066160    0.000000  130.000000   6   5  66160   0
  66   50066161    0.000000  120.000000   6   5  66161   0
  67   50066162    0.000000  110.000000   6   5  66162   0
  68   50066163    0.000000  100.000000   6   5  66163   0
  69   50066164    0.000000   90.000000   6   5  66164   0
  70   50066165    0.000000   85.000000   6   5  66165   0
  71   51066165    0.000000   85.000000   6   5  66165   1
  72   50066166    0.000000   80.000000   6   5  66166   0
  73   50066167    0.000000   78.000000   6   5  66167   0
  74   50066168    0.000000   76.000000   6   5  66168   0
  75   50066169    0.000000   74.000000   6   5  66169   0
  76   50066170    0.000000   74.000000   6   5  66170   0
  77   50066171    0.000000   78.000000   6   5  66171   0
  78   50066172    0.000000   90.000000   6   5  66172   0
  79   50066173    0.000000  120.000000   6   5  66173   0
  80   50067161    0.000000  130.000000   6   5  67161   0
  81   51067161    0.000000  130.000000   6   5  67161   1
  82   50067162    0.000000  120.000000   6   5  67162   0
  83   51067162    0.000000  120.000000   6   5  67162   1
  84   50067163    0.000000  110.000000   6   5  67163   0
  85   51067163    0.000000  110.000000   6   5  67163   1
  86   50067164    0.000000   95.000000   6   5  67164   0
  87   51067164    0.000000   95.000000   6   5  67164   1
  88   50067165    0.000000   85.000000   6   5  67165   0
  89   50067166    0.000000   78.000000   6   5  67166   0
  90   51067166    0.000000   78.000000   6   5  67166   1
  91   50067167    0.000000   70.000000   6   5  67167   0
  92   50067168    0.000000   62.000000   6   5  67168   0
  93   51067168    0.000000   62.000000   6   5  67168   1
  94   50067169    0.000000   56.000000   6   5  67169   0
  95   50067170    0.000000   52.000000   6   5  67170   0
  96   51067170    0.000000   52.000000   6   5  67170   1
  97   50067171    0.000000   52.000000   6   5  67171   0
  98   50067172    0.000000   56.000000   6   5  67172   0
  99   50067173    0.000000   68.000000   6   5  67173   0
 100   50067174    0.000000   78.000000   6   5  67174   0
 101   50067175    0.000000   95.000000   6   5  67175   0
 102   50068162    0.000000  130.000000   6   5  68162   0
 103   50068163    0.000000  120.000000   6   5  68163   0
 104   50068164    0.000000  110.000000   6   5  68164   0
 105   50068165    0.000000   95.000000   6   5  68165   0
 106   50068166    0.000000   85.000000   6   5  68166   0
 107   50068167    0.000000   78.000000   6   5  68167   0
 108   51068167    0.000000   78.000000   6   5  68167   1
 109   50068168    0.000000   70.000000   6   5  68168   0
 110   50068169    0.000000   62.000000   6   5  68169   0
 111   50068170    0.000000   56.000000   6   5  68170   0
 112   50068171    0.000000   52.000000   6   5  68171   0
 113   50068172    0.000000   52.000000   6   5  68172   0
 114   50068173    0.000000   50.000000   6   5  68173   0
 115   50068174    0.000000   48.000000   6   5  68174   0
 116   50068175    0.000000   54.000000   6   5  68175   0
 117   50068176    0.000000   68.000000   6   5  68176   0
 118   50068177    0.000000   78.000000   6   5  68177   0
 119   50069163    0.000000  130.000000   6   5  69163   0
 120   50069164    0.000000  120.000000   6   5  69164   0
 121   51069164    0.000000  120.000000   6   5  69164   1
 122   50069165    0.000000  110.000000   6   5  69165   0
 123   50069166    0.000000  100.000000   6   5  69166   0
 124   51069166    0.000000  100.000000   6   5  69166   1
 125   50069167    0.000000   90.000000   6   5  69167   0
 126   50069168    0.000000   78.000000   6   5  69168   0
 127   50069169    0.000000   68.000000   6   5  69169   0
 128   50069170    0.000000   60.000000   6   5  69170   0
 129   50069171    0.000000   52.000000   6   5  69171   0
 130   50069172    0.000000   44.000000   6   5  69172   0
 131   50069173    0.000000   38.000000   6   5  69173   0
 132   50069174    0.000000   32.000000   6   5  69174   0
 133   50069175    0.000000   26.000000   6   5  69175   0
 134   50069176    0.000000   38.000000   6   5  69176   0
 135   50069177    0.000000   48.000000   6   5  69177   0
 136   50069178    0.000000   56.000000   6   5  69178   0
 137   50069179    0.000000   70.000000   6   5  69179   0
 138   50070164    0.000000  130.000000   6   5  70164   0
 139   50070165    0.000000  120.000000   6   5  70165   0
 140   50070166    0.000000  110.000000   6   5  70166   0
 141   50070167    0.000000  100.000000   6   5  70167   0
 142   50070168    0.000000   90.000000   6   5  70168   0
 143   50070169    0.000000   80.000000   6   5  70169   0
 144   51070169    0.000000   80.000000   6   5  70169   1
 145   50070170    0.000000   72.000000   6   5  70170   0
 146   50070171    0.000000   64.000000   6   5  70171   0
 147   50070172    0.000000   56.000000   6   5  70172   0
 148   50070173    0.000000   48.000000   6   5  70173   0
 149   50070174    0.000000   40.000000   6   5  70174   0
 150   50070175    0.000000   34.000000   6   5  70175   0
 151   50070176    0.000000   28.000000   6   5  70176   0
 152   51070176    0.000000   28.000000   6   5  70176   1
 153   50070177    0.000000   27.000000   6   5  70177   0
 154   51070177    0.000000   28.000000   6   5  70177   1
 155   50070178    0.000000   25.000000   6   5  70178   0
 156   50070179    0.000000   38.000000   6   5  70179   0
 157   50070180    0.000000   48.000000   6   5  70180   0
 158   50070181    0.000000   56.000000   6   5  70181   0
 159   50071165    0.000000  140.000000   6   5  71165   0
 160   50071166    0.000000  130.000000   6   5  71166   0
 161   51071166    0.000000  130.000000   6   5  71166   1
 162   52071166    0.000000  130.000000   6   5  71166   2
 163   50071167    0.000000  120.000000   6   5  71167   0
 164   51071167    0.000000  120.000000   6   5  71167   1
 165   50071168    0.000000  110.000000   6   5  71168   0
 166   51071168    0.000000  110.000000   6   5  71168   1
 167   50071169    0.000000   95.000000   6   5  71169   0
 168   51071169    0.000000   95.000000   6   5  71169   1
 169   50071170    0.000000   85.000000   6   5  71170   0
 170   51071170    0.000000   85.000000   6   5  71170   1
 171   50071171    0.000000   72.000000   6   5  71171   0
 172   51071171    0.000000   72.000000   6   5  71171   1
 173   50071172    0.000000   64.000000   6   5  71172   0
 174   51071172    0.000000   64.000000   6   5  71172   1
 175   50071173    0.000000   54.000000   6   5  71173   0
 176   50071174    0.000000   46.000000   6   5  71174   0
 177   51071174    0.000000   46.000000   6   5  71174   1
 178   50071175    0.000000   38.000000   6   5  71175   0
 179   50071176    0.000000   29.000000   6   5  71176   0
 180   51071176    0.000000   29.000000   6   5  71176   1
 181   50071177    0.000000   21.000000   6   5  71177   0
 182   51071177    0.000000   22.000000   6   5  71177   1
 183   50071178    0.000000   14.000000   6   5  71178   0
 184   51071178    0.000000   14.500000   6   5  71178   1
 185   50071179    0.000000    7.000000   6   5  71179   0
 186   50071180    0.000000   21.000000   6   5  71180   0
 187   50071181    0.000000   25.000000   6   5  71181   0
 188   50071182    0.000000   40.000000   6   5  71182   0
 189   50071183    0.000000   48.000000   6   5  71183   0
 190   50072166    0.000000  140.000000   6   5  72166   0
 191   50072167    0.000000  130.000000   6   5  72167   0
 192   50072168    0.000000  120.000000   6   5  72168   0
 193   50072169    0.000000  110.000000   6   5  72169   0
 194   50072170    0.000000  100.000000   6   5  72170   0
 195   50072171    0.000000   90.000000   6   5  72171   0
 196   51072171    0.000000   90.000000   6   5  72171   1
 197   50072172    0.000000   80.000000   6   5  72172   0
 198   50072173    0.000000   72.000000   6   5  72173   0
 199   50072174    0.000000   62.000000   6   5  72174   0
 200   50072175    0.000000   54.000000   6   5  72175   0
 201   50072176    0.000000   46.000000   6   5  72176   0
 202   50072177    0.000000   38.000000   6   5  72177   0
 203   50072178    0.000000   30.000000   6   5  72178   0
 204   51072178    0.000000   32.000000   6   5  72178   1
 205   50072179    0.000000   23.000000   6   5  72179   0
 206   51072179    0.000000   24.000000   6   5  72179   1
 207   50072180    0.000000   15.500000   6   5  72180   0
 208   51072180    0.000000   17.000000   6   5  72180   1
 209   50072181    0.000000   15.500000   6   5  72181   0
 210   50072182    0.000000   10.500000   6   5  72182   0
 211   51072182    0.000000   12.000000   6   5  72182   1
 212   50072183    0.000000   26.000000   6   5  72183   0
 213   50072184    0.000000   27.000000   6   5  72184   0
 214   50073167    0.000000  160.000000   6   5  73167   0
 215   50073168    0.000000  140.000000   6   5  73168   0
 216   50073169    0.000000  130.000000   6   5  73169   0
 217   50073170    0.000000  120.000000   6   5  73170   0
 218   50073171    0.000000  110.000000   6   5  73171   0
 219   50073172    0.000000   95.000000   6   5  73172   0
 220   50073173    0.000000   85.000000   6   5  73173   0
 221   50073174    0.000000   72.000000   6   5  73174   0
 222   50073175    0.000000   64.000000   6   5  73175   0
 223   50073176    0.000000   54.000000   6   5  73176   0
 224   50073177    0.000000   46.000000   6   5  73177   0
 225   50073178    0.000000   38.000000   6   5  73178   0
 226   51073178    0.000000   38.000000   6   5  73178   1
 227   50073179    0.000000   29.000000   6   5  73179   0
 228   50073180    0.000000   22.000000   6   5  73180   0
 229   51073180    0.000000   22.000000   6   5  73180   1
 230   50073181    0.000000   14.000000   6   5  73181   0
 231   50073182    0.000000    8.000000   6   5  73182   0
 232   51073182    0.000000    8.000000   6   5  73182   1
 233   52073182    0.000000    8.500000   6   5  73182   2
 234   50073183    0.000000    1.000000   6   5  73183   0
 235   50073184    0.000000   16.000000   6   5  73184   0
 236   50073185    0.000000   16.500000   6   5  73185   0
 237   50074168    0.000000  160.000000   6   5  74168   0
 238   50074169    0.000000  150.000000   6   5  74169   0
 239   50074170    0.000000  140.000000   6   5  74170   0
 240   50074171    0.000000  130.000000   6   5  74171   0
 241   50074172    0.000000  120.000000   6   5  74172   0
 242   50074173    0.000000  110.000000   6   5  74173   0
 243   50074174    0.000000   95.000000   6   5  74174   0
 244   50074175    0.000000   85.000000   6   5  74175   0
 245   50074176    0.000000   76.000000   6   5  74176   0
 246   50074177    0.000000   68.000000   6   5  74177   0
 247   50074178    0.000000   58.000000   6   5  74178   0
 248   50074179    0.000000   50.000000   6   5  74179   0
 249   51074179    0.000000   50.000000   6   5  74179   1
 250   50074180    0.000000   42.000000   6   5  74180   0
 251   50074181    0.000000   34.000000   6   5  74181   0
 252   50074182    0.000000   25.000000   6   5  74182   0
 253   50074183    0.000000   19.000000   6   5  74183   0
 254   51074183    0.000000   19.000000   6   5  74183   1
 255   50074184    0.000000   11.500000   6   5  74184   0
 256   50074185    0.000000   11.500000   6   5  74185   0
 257   51074185    0.000000   12.000000   6   5  74185   1
 258   50074186    0.000000    6.500000   6   5  74186   0
 259   50075169    0.000000  170.000000   6   5  75169   0
 260   51075169    0.000000  170.000000   6   5  75169   1
 261   50075170    0.000000  160.000000   6   5  75170   0
 262   50075171    0.000000  150.000000   6   5  75171   0
 263   50075172    0.000000  140.000000   6   5  75172   0
 264   51075172    0.000000  140.000000   6   5  75172   1
 265   50075173    0.000000  130.000000   6   5  75173   0
 266   50075174    0.000000  120.000000   6   5  75174   0
 267   50075175    0.000000  110.000000   6   5  75175   0
 268   50075176    0.000000   95.000000   6   5  75176   0
 269   50075177    0.000000   85.000000   6   5  75177   0
 270   50075178    0.000000   74.000000   6   5  75178   0
 271   50075179    0.000000   64.000000   6   5  75179   0
 272   50075180    0.000000   56.000000   6   5  75180   0
 273   50075181    0.000000   46.000000   6   5  75181   0
 274   50075182    0.000000   38.000000   6   5  75182   0
 275   51075182    0.000000   38.000000   6   5  75182   1
 276   50075183    0.000000   29.000000   6   5  75183   0
 277   50075184    0.000000   22.000000   6   5  75184   0
 278   51075184    0.000000   22.000000   6   5  75184   1
 279   50075185    0.000000   14.000000   6   5  75185   0
 280   50075186    0.000000    7.500000   6   5  75186   0
 281   51075186    0.000000    8.000000   6   5  75186   1
 282   50075187    0.000000    1.000000   6   5  75187   0
 
   p   ZAP IP   NR    Tp [MeV]
   1     1  1    2    7.000000
   2     0  2    1    1.000000
   3  1001  9    1    5.996921
   4  1002 31    1   11.500000
   5  1003 32    1   11.000000
   6  2003 33    1   16.000000
   7  2004 34    1    1.000000
--------------------------------------------------------------------------------
 
