 
--------------------------------------------------------------------------------
 75-Re-185   T= 0.00 K from IAEA/PD-2019       (ACEMAKER)
 ZAID= 75185.38u  MAT=7525  ZA= 75185
 AWR= 183.364100  STA=  0  ELIS=   0.000 MeV  LIS=  0  LISO=  0
--------------------------------------------------------------------------------
 NTOTR= 302 NTRAN=   2 NPROD= 300 NE=     133 EMAX= 200.000 MeV
   i     MT/MTD     Q [MeV]     T [MeV] LMF  MT    ZAP LFS
   1          5    0.000000    1.000000   3   5
   2         18  124.560000   23.000000   3  18
   3   50060152    0.000000  160.000000   6   5  60152   0
   4   50060153    0.000000  160.000000   6   5  60153   0
   5   50060154    0.000000  160.000000   6   5  60154   0
   6   50060155    0.000000  160.000000   6   5  60155   0
   7   50060156    0.000000  160.000000   6   5  60156   0
   8   50060157    0.000000  180.000000   6   5  60157   0
   9   50060158    0.000000  180.000000   6   5  60158   0
  10   50061153    0.000000  140.000000   6   5  61153   0
  11   50061154    0.000000  130.000000   6   5  61154   0
  12   51061154    0.000000  130.000000   6   5  61154   1
  13   50061155    0.000000  130.000000   6   5  61155   0
  14   50061156    0.000000  130.000000   6   5  61156   0
  15   50061157    0.000000  130.000000   6   5  61157   0
  16   50061158    0.000000  150.000000   6   5  61158   0
  17   50061159    0.000000  150.000000   6   5  61159   0
  18   50061160    0.000000  180.000000   6   5  61160   0
  19   50061161    0.000000  180.000000   6   5  61161   0
  20   50062154    0.000000  140.000000   6   5  62154   0
  21   50062155    0.000000  130.000000   6   5  62155   0
  22   50062156    0.000000  130.000000   6   5  62156   0
  23   50062157    0.000000  130.000000   6   5  62157   0
  24   50062158    0.000000  130.000000   6   5  62158   0
  25   50062159    0.000000  130.000000   6   5  62159   0
  26   50062160    0.000000  130.000000   6   5  62160   0
  27   50062161    0.000000  150.000000   6   5  62161   0
  28   50062162    0.000000  150.000000   6   5  62162   0
  29   50062163    0.000000  180.000000   6   5  62163   0
  30   50062164    0.000000  180.000000   6   5  62164   0
  31   50063155    0.000000  130.000000   6   5  63155   0
  32   50063156    0.000000  120.000000   6   5  63156   0
  33   50063157    0.000000  110.000000   6   5  63157   0
  34   50063158    0.000000  110.000000   6   5  63158   0
  35   50063159    0.000000  100.000000   6   5  63159   0
  36   50063160    0.000000  100.000000   6   5  63160   0
  37   50063161    0.000000  100.000000   6   5  63161   0
  38   50063162    0.000000  120.000000   6   5  63162   0
  39   50063163    0.000000  120.000000   6   5  63163   0
  40   50063164    0.000000  150.000000   6   5  63164   0
  41   50063165    0.000000  150.000000   6   5  63165   0
  42   50063166    0.000000  180.000000   6   5  63166   0
  43   50063167    0.000000  180.000000   6   5  63167   0
  44   50064156    0.000000  130.000000   6   5  64156   0
  45   50064157    0.000000  120.000000   6   5  64157   0
  46   50064158    0.000000  110.000000   6   5  64158   0
  47   50064159    0.000000  110.000000   6   5  64159   0
  48   50064160    0.000000  100.000000   6   5  64160   0
  49   50064161    0.000000  100.000000   6   5  64161   0
  50   50064162    0.000000   95.000000   6   5  64162   0
  51   50064163    0.000000   95.000000   6   5  64163   0
  52   50064164    0.000000   95.000000   6   5  64164   0
  53   50064165    0.000000  120.000000   6   5  64165   0
  54   50064166    0.000000  120.000000   6   5  64166   0
  55   50064167    0.000000  150.000000   6   5  64167   0
  56   50064168    0.000000  150.000000   6   5  64168   0
  57   50064169    0.000000  180.000000   6   5  64169   0
  58   50065157    0.000000  130.000000   6   5  65157   0
  59   50065158    0.000000  120.000000   6   5  65158   0
  60   51065158    0.000000  120.000000   6   5  65158   1
  61   50065159    0.000000  110.000000   6   5  65159   0
  62   50065160    0.000000  100.000000   6   5  65160   0
  63   50065161    0.000000   90.000000   6   5  65161   0
  64   50065162    0.000000   85.000000   6   5  65162   0
  65   50065163    0.000000   76.000000   6   5  65163   0
  66   50065164    0.000000   74.000000   6   5  65164   0
  67   50065165    0.000000   74.000000   6   5  65165   0
  68   50065166    0.000000   80.000000   6   5  65166   0
  69   50065167    0.000000   90.000000   6   5  65167   0
  70   50065168    0.000000  120.000000   6   5  65168   0
  71   50065169    0.000000  120.000000   6   5  65169   0
  72   50065170    0.000000  150.000000   6   5  65170   0
  73   50065171    0.000000  150.000000   6   5  65171   0
  74   50066158    0.000000  130.000000   6   5  66158   0
  75   50066159    0.000000  120.000000   6   5  66159   0
  76   50066160    0.000000  110.000000   6   5  66160   0
  77   50066161    0.000000  100.000000   6   5  66161   0
  78   50066162    0.000000   90.000000   6   5  66162   0
  79   50066163    0.000000   85.000000   6   5  66163   0
  80   50066164    0.000000   76.000000   6   5  66164   0
  81   50066165    0.000000   74.000000   6   5  66165   0
  82   51066165    0.000000   74.000000   6   5  66165   1
  83   50066166    0.000000   72.000000   6   5  66166   0
  84   50066167    0.000000   70.000000   6   5  66167   0
  85   50066168    0.000000   70.000000   6   5  66168   0
  86   50066169    0.000000   74.000000   6   5  66169   0
  87   50066170    0.000000   85.000000   6   5  66170   0
  88   50066171    0.000000  110.000000   6   5  66171   0
  89   50066172    0.000000  120.000000   6   5  66172   0
  90   50066173    0.000000  150.000000   6   5  66173   0
  91   50067159    0.000000  130.000000   6   5  67159   0
  92   51067159    0.000000  130.000000   6   5  67159   1
  93   50067160    0.000000  120.000000   6   5  67160   0
  94   51067160    0.000000  120.000000   6   5  67160   1
  95   52067160    0.000000  120.000000   6   5  67160   2
  96   50067161    0.000000  110.000000   6   5  67161   0
  97   51067161    0.000000  110.000000   6   5  67161   1
  98   50067162    0.000000  100.000000   6   5  67162   0
  99   51067162    0.000000  100.000000   6   5  67162   1
 100   50067163    0.000000   90.000000   6   5  67163   0
 101   51067163    0.000000   90.000000   6   5  67163   1
 102   50067164    0.000000   78.000000   6   5  67164   0
 103   51067164    0.000000   78.000000   6   5  67164   1
 104   50067165    0.000000   70.000000   6   5  67165   0
 105   50067166    0.000000   62.000000   6   5  67166   0
 106   51067166    0.000000   62.000000   6   5  67166   1
 107   50067167    0.000000   54.000000   6   5  67167   0
 108   50067168    0.000000   50.000000   6   5  67168   0
 109   51067168    0.000000   50.000000   6   5  67168   1
 110   50067169    0.000000   48.000000   6   5  67169   0
 111   50067170    0.000000   52.000000   6   5  67170   0
 112   51067170    0.000000   54.000000   6   5  67170   1
 113   50067171    0.000000   64.000000   6   5  67171   0
 114   50067172    0.000000   72.000000   6   5  67172   0
 115   50067173    0.000000   85.000000   6   5  67173   0
 116   50067174    0.000000  120.000000   6   5  67174   0
 117   50067175    0.000000  120.000000   6   5  67175   0
 118   50068160    0.000000  130.000000   6   5  68160   0
 119   50068161    0.000000  120.000000   6   5  68161   0
 120   50068162    0.000000  110.000000   6   5  68162   0
 121   50068163    0.000000  100.000000   6   5  68163   0
 122   50068164    0.000000   90.000000   6   5  68164   0
 123   50068165    0.000000   78.000000   6   5  68165   0
 124   50068166    0.000000   70.000000   6   5  68166   0
 125   50068167    0.000000   62.000000   6   5  68167   0
 126   51068167    0.000000   62.000000   6   5  68167   1
 127   50068168    0.000000   54.000000   6   5  68168   0
 128   50068169    0.000000   50.000000   6   5  68169   0
 129   50068170    0.000000   48.000000   6   5  68170   0
 130   50068171    0.000000   46.000000   6   5  68171   0
 131   50068172    0.000000   44.000000   6   5  68172   0
 132   50068173    0.000000   50.000000   6   5  68173   0
 133   50068174    0.000000   64.000000   6   5  68174   0
 134   50068175    0.000000   72.000000   6   5  68175   0
 135   50068176    0.000000   90.000000   6   5  68176   0
 136   50068177    0.000000  120.000000   6   5  68177   0
 137   50069161    0.000000  140.000000   6   5  69161   0
 138   50069162    0.000000  130.000000   6   5  69162   0
 139   51069162    0.000000  130.000000   6   5  69162   1
 140   50069163    0.000000  110.000000   6   5  69163   0
 141   50069164    0.000000  100.000000   6   5  69164   0
 142   51069164    0.000000  100.000000   6   5  69164   1
 143   50069165    0.000000   90.000000   6   5  69165   0
 144   50069166    0.000000   80.000000   6   5  69166   0
 145   51069166    0.000000   80.000000   6   5  69166   1
 146   50069167    0.000000   70.000000   6   5  69167   0
 147   50069168    0.000000   60.000000   6   5  69168   0
 148   50069169    0.000000   52.000000   6   5  69169   0
 149   50069170    0.000000   44.000000   6   5  69170   0
 150   50069171    0.000000   36.000000   6   5  69171   0
 151   50069172    0.000000   29.000000   6   5  69172   0
 152   50069173    0.000000   23.000000   6   5  69173   0
 153   50069174    0.000000   34.000000   6   5  69174   0
 154   50069175    0.000000   44.000000   6   5  69175   0
 155   50069176    0.000000   52.000000   6   5  69176   0
 156   50069177    0.000000   66.000000   6   5  69177   0
 157   50069178    0.000000   76.000000   6   5  69178   0
 158   50069179    0.000000  120.000000   6   5  69179   0
 159   50070162    0.000000  140.000000   6   5  70162   0
 160   50070163    0.000000  130.000000   6   5  70163   0
 161   50070164    0.000000  110.000000   6   5  70164   0
 162   50070165    0.000000  100.000000   6   5  70165   0
 163   50070166    0.000000   90.000000   6   5  70166   0
 164   50070167    0.000000   85.000000   6   5  70167   0
 165   50070168    0.000000   74.000000   6   5  70168   0
 166   50070169    0.000000   66.000000   6   5  70169   0
 167   51070169    0.000000   66.000000   6   5  70169   1
 168   50070170    0.000000   56.000000   6   5  70170   0
 169   50070171    0.000000   48.000000   6   5  70171   0
 170   50070172    0.000000   40.000000   6   5  70172   0
 171   50070173    0.000000   34.000000   6   5  70173   0
 172   50070174    0.000000   26.000000   6   5  70174   0
 173   50070175    0.000000   26.000000   6   5  70175   0
 174   50070176    0.000000   22.000000   6   5  70176   0
 175   51070176    0.000000   22.000000   6   5  70176   1
 176   50070177    0.000000   34.000000   6   5  70177   0
 177   51070177    0.000000   36.000000   6   5  70177   1
 178   50070178    0.000000   46.000000   6   5  70178   0
 179   50070179    0.000000   52.000000   6   5  70179   0
 180   50070180    0.000000   76.000000   6   5  70180   0
 181   50071163    0.000000  150.000000   6   5  71163   0
 182   50071164    0.000000  140.000000   6   5  71164   0
 183   50071165    0.000000  120.000000   6   5  71165   0
 184   50071166    0.000000  110.000000   6   5  71166   0
 185   51071166    0.000000  110.000000   6   5  71166   1
 186   52071166    0.000000  110.000000   6   5  71166   2
 187   50071167    0.000000  100.000000   6   5  71167   0
 188   51071167    0.000000  100.000000   6   5  71167   1
 189   50071168    0.000000   90.000000   6   5  71168   0
 190   51071168    0.000000   90.000000   6   5  71168   1
 191   50071169    0.000000   74.000000   6   5  71169   0
 192   51071169    0.000000   74.000000   6   5  71169   1
 193   50071170    0.000000   66.000000   6   5  71170   0
 194   51071170    0.000000   66.000000   6   5  71170   1
 195   50071171    0.000000   56.000000   6   5  71171   0
 196   51071171    0.000000   56.000000   6   5  71171   1
 197   50071172    0.000000   48.000000   6   5  71172   0
 198   51071172    0.000000   48.000000   6   5  71172   1
 199   50071173    0.000000   38.000000   6   5  71173   0
 200   50071174    0.000000   30.000000   6   5  71174   0
 201   51071174    0.000000   30.000000   6   5  71174   1
 202   50071175    0.000000   21.000000   6   5  71175   0
 203   50071176    0.000000   13.500000   6   5  71176   0
 204   51071176    0.000000   13.500000   6   5  71176   1
 205   50071177    0.000000    6.500000   6   5  71177   0
 206   51071177    0.000000    8.500000   6   5  71177   1
 207   50071178    0.000000   20.000000   6   5  71178   0
 208   51071178    0.000000   21.000000   6   5  71178   1
 209   50071179    0.000000   22.000000   6   5  71179   0
 210   50071180    0.000000   36.000000   6   5  71180   0
 211   50071181    0.000000   46.000000   6   5  71181   0
 212   50072164    0.000000  150.000000   6   5  72164   0
 213   50072165    0.000000  140.000000   6   5  72165   0
 214   50072166    0.000000  130.000000   6   5  72166   0
 215   50072167    0.000000  120.000000   6   5  72167   0
 216   50072168    0.000000  110.000000   6   5  72168   0
 217   50072169    0.000000   95.000000   6   5  72169   0
 218   50072170    0.000000   85.000000   6   5  72170   0
 219   50072171    0.000000   74.000000   6   5  72171   0
 220   51072171    0.000000   74.000000   6   5  72171   1
 221   50072172    0.000000   64.000000   6   5  72172   0
 222   50072173    0.000000   56.000000   6   5  72173   0
 223   50072174    0.000000   46.000000   6   5  72174   0
 224   50072175    0.000000   40.000000   6   5  72175   0
 225   50072176    0.000000   30.000000   6   5  72176   0
 226   50072177    0.000000   23.000000   6   5  72177   0
 227   50072178    0.000000   15.500000   6   5  72178   0
 228   51072178    0.000000   17.000000   6   5  72178   1
 229   50072179    0.000000   15.000000   6   5  72179   0
 230   51072179    0.000000   15.500000   6   5  72179   1
 231   50072180    0.000000    9.000000   6   5  72180   0
 232   51072180    0.000000   10.500000   6   5  72180   1
 233   50072181    0.000000   24.000000   6   5  72181   0
 234   50072182    0.000000   25.000000   6   5  72182   0
 235   51072182    0.000000   27.000000   6   5  72182   1
 236   50073165    0.000000  160.000000   6   5  73165   0
 237   50073166    0.000000  150.000000   6   5  73166   0
 238   50073167    0.000000  140.000000   6   5  73167   0
 239   50073168    0.000000  120.000000   6   5  73168   0
 240   50073169    0.000000  110.000000   6   5  73169   0
 241   50073170    0.000000  100.000000   6   5  73170   0
 242   50073171    0.000000   90.000000   6   5  73171   0
 243   50073172    0.000000   76.000000   6   5  73172   0
 244   50073173    0.000000   66.000000   6   5  73173   0
 245   50073174    0.000000   56.000000   6   5  73174   0
 246   50073175    0.000000   48.000000   6   5  73175   0
 247   50073176    0.000000   40.000000   6   5  73176   0
 248   50073177    0.000000   30.000000   6   5  73177   0
 249   50073178    0.000000   23.000000   6   5  73178   0
 250   51073178    0.000000   23.000000   6   5  73178   1
 251   50073179    0.000000   15.000000   6   5  73179   0
 252   50073180    0.000000    8.000000   6   5  73180   0
 253   51073180    0.000000    8.500000   6   5  73180   1
 254   50073181    0.000000    1.000000   6   5  73181   0
 255   50073182    0.000000   15.000000   6   5  73182   0
 256   51073182    0.000000   15.000000   6   5  73182   1
 257   52073182    0.000000   15.000000   6   5  73182   2
 258   50073183    0.000000   15.000000   6   5  73183   0
 259   50074166    0.000000  170.000000   6   5  74166   0
 260   50074167    0.000000  160.000000   6   5  74167   0
 261   50074168    0.000000  150.000000   6   5  74168   0
 262   50074169    0.000000  140.000000   6   5  74169   0
 263   50074170    0.000000  120.000000   6   5  74170   0
 264   50074171    0.000000  110.000000   6   5  74171   0
 265   50074172    0.000000  100.000000   6   5  74172   0
 266   50074173    0.000000   90.000000   6   5  74173   0
 267   50074174    0.000000   80.000000   6   5  74174   0
 268   50074175    0.000000   70.000000   6   5  74175   0
 269   50074176    0.000000   60.000000   6   5  74176   0
 270   50074177    0.000000   52.000000   6   5  74177   0
 271   50074178    0.000000   44.000000   6   5  74178   0
 272   50074179    0.000000   36.000000   6   5  74179   0
 273   51074179    0.000000   36.000000   6   5  74179   1
 274   50074180    0.000000   27.000000   6   5  74180   0
 275   50074181    0.000000   19.500000   6   5  74181   0
 276   50074182    0.000000   11.500000   6   5  74182   0
 277   50074183    0.000000   11.500000   6   5  74183   0
 278   51074183    0.000000   11.500000   6   5  74183   1
 279   50074184    0.000000    6.000000   6   5  74184   0
 280   50075167    0.000000  180.000000   6   5  75167   0
 281   50075168    0.000000  170.000000   6   5  75168   0
 282   50075169    0.000000  150.000000   6   5  75169   0
 283   51075169    0.000000  150.000000   6   5  75169   1
 284   50075170    0.000000  140.000000   6   5  75170   0
 285   50075171    0.000000  130.000000   6   5  75171   0
 286   50075172    0.000000  120.000000   6   5  75172   0
 287   51075172    0.000000  120.000000   6   5  75172   1
 288   50075173    0.000000  110.000000   6   5  75173   0
 289   50075174    0.000000  100.000000   6   5  75174   0
 290   50075175    0.000000   85.000000   6   5  75175   0
 291   50075176    0.000000   76.000000   6   5  75176   0
 292   50075177    0.000000   66.000000   6   5  75177   0
 293   50075178    0.000000   58.000000   6   5  75178   0
 294   50075179    0.000000   48.000000   6   5  75179   0
 295   50075180    0.000000   40.000000   6   5  75180   0
 296   50075181    0.000000   32.000000   6   5  75181   0
 297   50075182    0.000000   23.000000   6   5  75182   0
 298   51075182    0.000000   23.000000   6   5  75182   1
 299   50075183    0.000000   14.500000   6   5  75183   0
 300   50075184    0.000000    8.000000   6   5  75184   0
 301   51075184    0.000000    8.000000   6   5  75184   1
 302   50075185    0.000000    1.000000   6   5  75185   0
 
   p   ZAP IP   NR    Tp [MeV]
   1     1  1    2    7.500000
   2     0  2    1    1.000000
   3  1001  9    1    5.402625
   4  1002 31    1   11.000000
   5  1003 32    1   11.500000
   6  2003 33    1   14.500000
   7  2004 34    1    1.000000
--------------------------------------------------------------------------------
 
