 
--------------------------------------------------------------------------------
 76-Os-192   T= 0.00 K from IAEA/PD-2019       (ACEMAKER)
 ZAID= 76192.38u  MAT=7649  ZA= 76192
 AWR= 190.312500  STA=  0  ELIS=   0.000 MeV  LIS=  0  LISO=  0
--------------------------------------------------------------------------------
 NTOTR= 119 NTRAN=   1 NPROD= 118 NE=      88 EMAX= 200.000 MeV
   i     MT/MTD     Q [MeV]     T [MeV] LMF  MT    ZAP LFS
   1          5    0.000000    1.000000   3   5
   2   50069165    0.000000  110.000000   6   5  69165   0
   3   50070166    0.000000  110.000000   6   5  70166   0
   4   50070167    0.000000  110.000000   6   5  70167   0
   5   50070168    0.000000  110.000000   6   5  70168   0
   6   50071167    0.000000  110.000000   6   5  71167   0
   7   51071167    0.000000  110.000000   6   5  71167   1
   8   50071168    0.000000  100.000000   6   5  71168   0
   9   51071168    0.000000  100.000000   6   5  71168   1
  10   50071169    0.000000  100.000000   6   5  71169   0
  11   51071169    0.000000  100.000000   6   5  71169   1
  12   50071170    0.000000  100.000000   6   5  71170   0
  13   50072168    0.000000  110.000000   6   5  72168   0
  14   50072169    0.000000  100.000000   6   5  72169   0
  15   50072170    0.000000  100.000000   6   5  72170   0
  16   50072171    0.000000  100.000000   6   5  72171   0
  17   51072171    0.000000  100.000000   6   5  72171   1
  18   50072172    0.000000  100.000000   6   5  72172   0
  19   50072173    0.000000  100.000000   6   5  72173   0
  20   50072174    0.000000  100.000000   6   5  72174   0
  21   50073169    0.000000  130.000000   6   5  73169   0
  22   50073170    0.000000  120.000000   6   5  73170   0
  23   50073171    0.000000  110.000000   6   5  73171   0
  24   50073172    0.000000  100.000000   6   5  73172   0
  25   50073173    0.000000  100.000000   6   5  73173   0
  26   50073174    0.000000   95.000000   6   5  73174   0
  27   50073175    0.000000   85.000000   6   5  73175   0
  28   50073176    0.000000   80.000000   6   5  73176   0
  29   50073177    0.000000   80.000000   6   5  73177   0
  30   50073178    0.000000   78.000000   6   5  73178   0
  31   51073178    0.000000   78.000000   6   5  73178   1
  32   50073179    0.000000   78.000000   6   5  73179   0
  33   50073180    0.000000   78.000000   6   5  73180   0
  34   52073180    0.000000   78.000000   6   5  73180   2
  35   50073181    0.000000   78.000000   6   5  73181   0
  36   50073182    0.000000   78.000000   6   5  73182   0
  37   79073182    0.000000   78.000000   6   5  73182  29
  38   50073183    0.000000   78.000000   6   5  73183   0
  39   50073184    0.000000  110.000000   6   5  73184   0
  40   50073185    0.000000  110.000000   6   5  73185   0
  41   50073186    0.000000  110.000000   6   5  73186   0
  42   50073187    0.000000  110.000000   6   5  73187   0
  43   50074170    0.000000  130.000000   6   5  74170   0
  44   50074171    0.000000  120.000000   6   5  74171   0
  45   50074172    0.000000  110.000000   6   5  74172   0
  46   50074173    0.000000  110.000000   6   5  74173   0
  47   50074174    0.000000  100.000000   6   5  74174   0
  48   50074175    0.000000   90.000000   6   5  74175   0
  49   50074176    0.000000   80.000000   6   5  74176   0
  50   50074177    0.000000   76.000000   6   5  74177   0
  51   50074178    0.000000   68.000000   6   5  74178   0
  52   50074179    0.000000   62.000000   6   5  74179   0
  53   52074179    0.000000   62.000000   6   5  74179   2
  54   50074180    0.000000   56.000000   6   5  74180   0
  55   50074181    0.000000   54.000000   6   5  74181   0
  56   50074182    0.000000   50.000000   6   5  74182   0
  57   50074183    0.000000   46.000000   6   5  74183   0
  58   57074183    0.000000   46.000000   6   5  74183   7
  59   50074184    0.000000   40.000000   6   5  74184   0
  60   50074185    0.000000   36.000000   6   5  74185   0
  61   56074185    0.000000   36.000000   6   5  74185   6
  62   50074186    0.000000   32.000000   6   5  74186   0
  63   50074187    0.000000   30.000000   6   5  74187   0
  64   50074188    0.000000    1.000000   6   5  74188   0
  65   50074189    0.000000   48.000000   6   5  74189   0
  66   50074190    0.000000   46.000000   6   5  74190   0
  67   50075171    0.000000  150.000000   6   5  75171   0
  68   50075172    0.000000  140.000000   6   5  75172   0
  69   51075172    0.000000  140.000000   6   5  75172   1
  70   50075173    0.000000  130.000000   6   5  75173   0
  71   50075174    0.000000  120.000000   6   5  75174   0
  72   50075175    0.000000  110.000000   6   5  75175   0
  73   50075176    0.000000  110.000000   6   5  75176   0
  74   50075177    0.000000  100.000000   6   5  75177   0
  75   50075178    0.000000   90.000000   6   5  75178   0
  76   50075179    0.000000   85.000000   6   5  75179   0
  77   50075180    0.000000   78.000000   6   5  75180   0
  78   50075181    0.000000   72.000000   6   5  75181   0
  79   50075182    0.000000   66.000000   6   5  75182   0
  80   52075182    0.000000   66.000000   6   5  75182   2
  81   50075183    0.000000   58.000000   6   5  75183   0
  82   50075184    0.000000   54.000000   6   5  75184   0
  83   55075184    0.000000   54.000000   6   5  75184   5
  84   50075185    0.000000   48.000000   6   5  75185   0
  85   50075186    0.000000   44.000000   6   5  75186   0
  86   54075186    0.000000   44.000000   6   5  75186   4
  87   50075187    0.000000   40.000000   6   5  75187   0
  88   50075188    0.000000   34.000000   6   5  75188   0
  89   57075188    0.000000   34.000000   6   5  75188   7
  90   50075189    0.000000   29.000000   6   5  75189   0
  91   50075190    0.000000   22.000000   6   5  75190   0
  92   53075190    0.000000   22.000000   6   5  75190   3
  93   50075191    0.000000   15.500000   6   5  75191   0
  94   50076172    0.000000  160.000000   6   5  76172   0
  95   50076173    0.000000  150.000000   6   5  76173   0
  96   50076174    0.000000  140.000000   6   5  76174   0
  97   50076175    0.000000  130.000000   6   5  76175   0
  98   50076176    0.000000  120.000000   6   5  76176   0
  99   50076177    0.000000  110.000000   6   5  76177   0
 100   50076178    0.000000  100.000000   6   5  76178   0
 101   50076179    0.000000   95.000000   6   5  76179   0
 102   50076180    0.000000   85.000000   6   5  76180   0
 103   50076181    0.000000   80.000000   6   5  76181   0
 104   51076181    0.000000   80.000000   6   5  76181   1
 105   50076182    0.000000   72.000000   6   5  76182   0
 106   50076183    0.000000   64.000000   6   5  76183   0
 107   52076183    0.000000   64.000000   6   5  76183   2
 108   50076184    0.000000   56.000000   6   5  76184   0
 109   50076185    0.000000   48.000000   6   5  76185   0
 110   50076186    0.000000   40.000000   6   5  76186   0
 111   50076187    0.000000   34.000000   6   5  76187   0
 112   50076188    0.000000   27.000000   6   5  76188   0
 113   50076189    0.000000   21.000000   6   5  76189   0
 114   51076189    0.000000   21.000000   6   5  76189   1
 115   50076190    0.000000   13.000000   6   5  76190   0
 116   50076191    0.000000    7.500000   6   5  76191   0
 117   51076191    0.000000    7.500000   6   5  76191   1
 118   50076192    0.000000    1.000000   6   5  76192   0
 119   80076192    0.000000    7.500000   6   5  76192  30
 
   p   ZAP IP   NR    Tp [MeV]
   1     1  1    1    7.500000
   2     0  2    1    1.000000
   3  1001  9    1   10.500000
   4  1002 31    1   15.500000
   5  1003 32    1   15.500000
   6  2003 33    1   22.000000
   7  2004 34    1    6.500000
--------------------------------------------------------------------------------
 
