 
--------------------------------------------------------------------------------
 76-Os-186   T= 0.00 K from IAEA/PD-2019       (ACEMAKER)
 ZAID= 76186.38u  MAT=7631  ZA= 76186
 AWR= 184.356400  STA=  0  ELIS=   0.000 MeV  LIS=  0  LISO=  0
--------------------------------------------------------------------------------
 NTOTR= 118 NTRAN=   1 NPROD= 117 NE=      88 EMAX= 200.000 MeV
   i     MT/MTD     Q [MeV]     T [MeV] LMF  MT    ZAP LFS
   1          5    0.000000    1.000000   3   5
   2   50069159    0.000000  110.000000   6   5  69159   0
   3   50069160    0.000000  110.000000   6   5  69160   0
   4   52069160    0.000000  110.000000   6   5  69160   2
   5   50070160    0.000000  100.000000   6   5  70160   0
   6   50070161    0.000000  100.000000   6   5  70161   0
   7   50070162    0.000000  100.000000   6   5  70162   0
   8   50070163    0.000000  100.000000   6   5  70163   0
   9   50071161    0.000000  120.000000   6   5  71161   0
  10   50071162    0.000000  110.000000   6   5  71162   0
  11   55071162    0.000000  110.000000   6   5  71162   5
  12   57071162    0.000000  110.000000   6   5  71162   7
  13   50071163    0.000000  100.000000   6   5  71163   0
  14   50071164    0.000000  100.000000   6   5  71164   0
  15   50071165    0.000000  100.000000   6   5  71165   0
  16   50071166    0.000000  100.000000   6   5  71166   0
  17   51071166    0.000000  100.000000   6   5  71166   1
  18   52071166    0.000000  100.000000   6   5  71166   2
  19   50072162    0.000000  120.000000   6   5  72162   0
  20   50072163    0.000000  120.000000   6   5  72163   0
  21   50072164    0.000000  110.000000   6   5  72164   0
  22   50072165    0.000000  100.000000   6   5  72165   0
  23   50072166    0.000000   95.000000   6   5  72166   0
  24   50072167    0.000000   85.000000   6   5  72167   0
  25   50072168    0.000000   85.000000   6   5  72168   0
  26   50072169    0.000000   85.000000   6   5  72169   0
  27   50072170    0.000000   80.000000   6   5  72170   0
  28   50073163    0.000000  140.000000   6   5  73163   0
  29   50073164    0.000000  130.000000   6   5  73164   0
  30   50073165    0.000000  120.000000   6   5  73165   0
  31   50073166    0.000000  110.000000   6   5  73166   0
  32   50073167    0.000000  100.000000   6   5  73167   0
  33   50073168    0.000000  100.000000   6   5  73168   0
  34   50073169    0.000000   90.000000   6   5  73169   0
  35   50073170    0.000000   80.000000   6   5  73170   0
  36   50073171    0.000000   76.000000   6   5  73171   0
  37   50073172    0.000000   72.000000   6   5  73172   0
  38   50073173    0.000000   72.000000   6   5  73173   0
  39   50073174    0.000000   68.000000   6   5  73174   0
  40   50073175    0.000000   64.000000   6   5  73175   0
  41   50073176    0.000000   60.000000   6   5  73176   0
  42   50073177    0.000000   56.000000   6   5  73177   0
  43   50073178    0.000000   50.000000   6   5  73178   0
  44   51073178    0.000000   50.000000   6   5  73178   1
  45   50073179    0.000000   50.000000   6   5  73179   0
  46   50073180    0.000000   50.000000   6   5  73180   0
  47   52073180    0.000000   50.000000   6   5  73180   2
  48   50074164    0.000000  150.000000   6   5  74164   0
  49   50074165    0.000000  140.000000   6   5  74165   0
  50   50074166    0.000000  130.000000   6   5  74166   0
  51   50074167    0.000000  120.000000   6   5  74167   0
  52   50074168    0.000000  110.000000   6   5  74168   0
  53   50074169    0.000000  100.000000   6   5  74169   0
  54   50074170    0.000000   95.000000   6   5  74170   0
  55   50074171    0.000000   85.000000   6   5  74171   0
  56   50074172    0.000000   76.000000   6   5  74172   0
  57   50074173    0.000000   68.000000   6   5  74173   0
  58   50074174    0.000000   58.000000   6   5  74174   0
  59   50074175    0.000000   52.000000   6   5  74175   0
  60   50074176    0.000000   48.000000   6   5  74176   0
  61   50074177    0.000000   44.000000   6   5  74177   0
  62   50074178    0.000000   38.000000   6   5  74178   0
  63   50074179    0.000000   32.000000   6   5  74179   0
  64   52074179    0.000000   32.000000   6   5  74179   2
  65   50074180    0.000000   25.000000   6   5  74180   0
  66   50074181    0.000000   16.500000   6   5  74181   0
  67   50074182    0.000000    1.000000   6   5  74182   0
  68   50074183    0.000000   42.000000   6   5  74183   0
  69   57074183    0.000000   42.000000   6   5  74183   7
  70   50074184    0.000000   40.000000   6   5  74184   0
  71   50075165    0.000000  180.000000   6   5  75165   0
  72   51075165    0.000000  180.000000   6   5  75165   1
  73   50075166    0.000000  160.000000   6   5  75166   0
  74   50075167    0.000000  150.000000   6   5  75167   0
  75   52075167    0.000000  150.000000   6   5  75167   2
  76   50075168    0.000000  140.000000   6   5  75168   0
  77   50075169    0.000000  130.000000   6   5  75169   0
  78   52075169    0.000000  130.000000   6   5  75169   2
  79   50075170    0.000000  120.000000   6   5  75170   0
  80   50075171    0.000000  110.000000   6   5  75171   0
  81   50075172    0.000000  100.000000   6   5  75172   0
  82   51075172    0.000000  100.000000   6   5  75172   1
  83   50075173    0.000000   95.000000   6   5  75173   0
  84   50075174    0.000000   85.000000   6   5  75174   0
  85   50075175    0.000000   78.000000   6   5  75175   0
  86   50075176    0.000000   70.000000   6   5  75176   0
  87   50075177    0.000000   62.000000   6   5  75177   0
  88   50075178    0.000000   58.000000   6   5  75178   0
  89   50075179    0.000000   50.000000   6   5  75179   0
  90   50075180    0.000000   44.000000   6   5  75180   0
  91   50075181    0.000000   36.000000   6   5  75181   0
  92   50075182    0.000000   32.000000   6   5  75182   0
  93   52075182    0.000000   32.000000   6   5  75182   2
  94   50075183    0.000000   25.000000   6   5  75183   0
  95   50075184    0.000000   19.000000   6   5  75184   0
  96   55075184    0.000000   19.000000   6   5  75184   5
  97   50075185    0.000000   12.500000   6   5  75185   0
  98   50076168    0.000000  160.000000   6   5  76168   0
  99   50076169    0.000000  150.000000   6   5  76169   0
 100   50076170    0.000000  140.000000   6   5  76170   0
 101   50076171    0.000000  130.000000   6   5  76171   0
 102   50076172    0.000000  110.000000   6   5  76172   0
 103   50076173    0.000000  110.000000   6   5  76173   0
 104   50076174    0.000000  100.000000   6   5  76174   0
 105   50076175    0.000000   90.000000   6   5  76175   0
 106   50076176    0.000000   80.000000   6   5  76176   0
 107   50076177    0.000000   74.000000   6   5  76177   0
 108   50076178    0.000000   64.000000   6   5  76178   0
 109   50076179    0.000000   56.000000   6   5  76179   0
 110   50076180    0.000000   46.000000   6   5  76180   0
 111   50076181    0.000000   38.000000   6   5  76181   0
 112   51076181    0.000000   38.000000   6   5  76181   1
 113   50076182    0.000000   30.000000   6   5  76182   0
 114   50076183    0.000000   23.000000   6   5  76183   0
 115   52076183    0.000000   23.000000   6   5  76183   2
 116   50076184    0.000000   14.500000   6   5  76184   0
 117   50076185    0.000000    8.000000   6   5  76185   0
 118   50076186    0.000000    1.000000   6   5  76186   0
 
   p   ZAP IP   NR    Tp [MeV]
   1     1  1    1    8.000000
   2     0  2    1    1.000000
   3  1001  9    1    8.500000
   4  1002 31    1   14.000000
   5  1003 32    1   15.000000
   6  2003 33    1   18.500000
   7  2004 34    1    3.500000
--------------------------------------------------------------------------------
 
