 
--------------------------------------------------------------------------------
 76-Os-190   T= 0.00 K from IAEA/PD-2019       (ACEMAKER)
 ZAID= 76190.38u  MAT=7643  ZA= 76190
 AWR= 188.326600  STA=  0  ELIS=   0.000 MeV  LIS=  0  LISO=  0
--------------------------------------------------------------------------------
 NTOTR= 120 NTRAN=   1 NPROD= 119 NE=      88 EMAX= 200.000 MeV
   i     MT/MTD     Q [MeV]     T [MeV] LMF  MT    ZAP LFS
   1          5    0.000000    1.000000   3   5
   2   50070164    0.000000  130.000000   6   5  70164   0
   3   50070165    0.000000  130.000000   6   5  70165   0
   4   50071165    0.000000  120.000000   6   5  71165   0
   5   50071166    0.000000  110.000000   6   5  71166   0
   6   51071166    0.000000  110.000000   6   5  71166   1
   7   52071166    0.000000  110.000000   6   5  71166   2
   8   50071167    0.000000  110.000000   6   5  71167   0
   9   51071167    0.000000  110.000000   6   5  71167   1
  10   50071168    0.000000  110.000000   6   5  71168   0
  11   51071168    0.000000  110.000000   6   5  71168   1
  12   50071169    0.000000  110.000000   6   5  71169   0
  13   51071169    0.000000  110.000000   6   5  71169   1
  14   50072166    0.000000  120.000000   6   5  72166   0
  15   50072167    0.000000  110.000000   6   5  72167   0
  16   50072168    0.000000  110.000000   6   5  72168   0
  17   50072169    0.000000  110.000000   6   5  72169   0
  18   50072170    0.000000  110.000000   6   5  72170   0
  19   50072171    0.000000  110.000000   6   5  72171   0
  20   51072171    0.000000  110.000000   6   5  72171   1
  21   50072172    0.000000  110.000000   6   5  72172   0
  22   50072173    0.000000  130.000000   6   5  72173   0
  23   50073167    0.000000  130.000000   6   5  73167   0
  24   50073168    0.000000  120.000000   6   5  73168   0
  25   50073169    0.000000  110.000000   6   5  73169   0
  26   50073170    0.000000  110.000000   6   5  73170   0
  27   50073171    0.000000  100.000000   6   5  73171   0
  28   50073172    0.000000   95.000000   6   5  73172   0
  29   50073173    0.000000   90.000000   6   5  73173   0
  30   50073174    0.000000   85.000000   6   5  73174   0
  31   50073175    0.000000   80.000000   6   5  73175   0
  32   50073176    0.000000   80.000000   6   5  73176   0
  33   50073177    0.000000   76.000000   6   5  73177   0
  34   50073178    0.000000   74.000000   6   5  73178   0
  35   51073178    0.000000   74.000000   6   5  73178   1
  36   50073179    0.000000   72.000000   6   5  73179   0
  37   50073180    0.000000   70.000000   6   5  73180   0
  38   52073180    0.000000   70.000000   6   5  73180   2
  39   50073181    0.000000   68.000000   6   5  73181   0
  40   50073182    0.000000   68.000000   6   5  73182   0
  41   79073182    0.000000   68.000000   6   5  73182  29
  42   50073183    0.000000   68.000000   6   5  73183   0
  43   50073184    0.000000  100.000000   6   5  73184   0
  44   50073185    0.000000  100.000000   6   5  73185   0
  45   50073186    0.000000  100.000000   6   5  73186   0
  46   50074168    0.000000  140.000000   6   5  74168   0
  47   50074169    0.000000  130.000000   6   5  74169   0
  48   50074170    0.000000  120.000000   6   5  74170   0
  49   50074171    0.000000  110.000000   6   5  74171   0
  50   50074172    0.000000  100.000000   6   5  74172   0
  51   50074173    0.000000   95.000000   6   5  74173   0
  52   50074174    0.000000   85.000000   6   5  74174   0
  53   50074175    0.000000   80.000000   6   5  74175   0
  54   50074176    0.000000   70.000000   6   5  74176   0
  55   50074177    0.000000   64.000000   6   5  74177   0
  56   50074178    0.000000   58.000000   6   5  74178   0
  57   50074179    0.000000   56.000000   6   5  74179   0
  58   52074179    0.000000   56.000000   6   5  74179   2
  59   50074180    0.000000   52.000000   6   5  74180   0
  60   50074181    0.000000   46.000000   6   5  74181   0
  61   50074182    0.000000   40.000000   6   5  74182   0
  62   50074183    0.000000   36.000000   6   5  74183   0
  63   57074183    0.000000   36.000000   6   5  74183   7
  64   50074184    0.000000   30.000000   6   5  74184   0
  65   50074185    0.000000   29.000000   6   5  74185   0
  66   56074185    0.000000   29.000000   6   5  74185   6
  67   50074186    0.000000    1.000000   6   5  74186   0
  68   50074187    0.000000   46.000000   6   5  74187   0
  69   50074188    0.000000   44.000000   6   5  74188   0
  70   50075169    0.000000  160.000000   6   5  75169   0
  71   52075169    0.000000  160.000000   6   5  75169   2
  72   50075170    0.000000  150.000000   6   5  75170   0
  73   50075171    0.000000  140.000000   6   5  75171   0
  74   50075172    0.000000  130.000000   6   5  75172   0
  75   51075172    0.000000  130.000000   6   5  75172   1
  76   50075173    0.000000  120.000000   6   5  75173   0
  77   50075174    0.000000  110.000000   6   5  75174   0
  78   50075175    0.000000  100.000000   6   5  75175   0
  79   50075176    0.000000   95.000000   6   5  75176   0
  80   50075177    0.000000   85.000000   6   5  75177   0
  81   50075178    0.000000   80.000000   6   5  75178   0
  82   50075179    0.000000   74.000000   6   5  75179   0
  83   50075180    0.000000   68.000000   6   5  75180   0
  84   50075181    0.000000   62.000000   6   5  75181   0
  85   50075182    0.000000   56.000000   6   5  75182   0
  86   52075182    0.000000   56.000000   6   5  75182   2
  87   50075183    0.000000   50.000000   6   5  75183   0
  88   50075184    0.000000   46.000000   6   5  75184   0
  89   55075184    0.000000   46.000000   6   5  75184   5
  90   50075185    0.000000   38.000000   6   5  75185   0
  91   50075186    0.000000   34.000000   6   5  75186   0
  92   54075186    0.000000   34.000000   6   5  75186   4
  93   50075187    0.000000   28.000000   6   5  75187   0
  94   50075188    0.000000   21.000000   6   5  75188   0
  95   57075188    0.000000   21.000000   6   5  75188   7
  96   50075189    0.000000   14.500000   6   5  75189   0
  97   50076170    0.000000  170.000000   6   5  76170   0
  98   50076171    0.000000  160.000000   6   5  76171   0
  99   50076172    0.000000  140.000000   6   5  76172   0
 100   50076173    0.000000  140.000000   6   5  76173   0
 101   50076174    0.000000  120.000000   6   5  76174   0
 102   50076175    0.000000  120.000000   6   5  76175   0
 103   50076176    0.000000  100.000000   6   5  76176   0
 104   50076177    0.000000  100.000000   6   5  76177   0
 105   50076178    0.000000   90.000000   6   5  76178   0
 106   50076179    0.000000   80.000000   6   5  76179   0
 107   50076180    0.000000   74.000000   6   5  76180   0
 108   50076181    0.000000   66.000000   6   5  76181   0
 109   51076181    0.000000   66.000000   6   5  76181   1
 110   50076182    0.000000   58.000000   6   5  76182   0
 111   50076183    0.000000   50.000000   6   5  76183   0
 112   52076183    0.000000   50.000000   6   5  76183   2
 113   50076184    0.000000   42.000000   6   5  76184   0
 114   50076185    0.000000   36.000000   6   5  76185   0
 115   50076186    0.000000   28.000000   6   5  76186   0
 116   50076187    0.000000   21.000000   6   5  76187   0
 117   50076188    0.000000   13.500000   6   5  76188   0
 118   50076189    0.000000    7.500000   6   5  76189   0
 119   51076189    0.000000    7.500000   6   5  76189   1
 120   50076190    0.000000    1.000000   6   5  76190   0
 
   p   ZAP IP   NR    Tp [MeV]
   1     1  1    1    7.500000
   2     0  2    1    1.000000
   3  1001  9    1   10.000000
   4  1002 31    1   15.000000
   5  1003 32    1   15.500000
   6  2003 33    1   20.000000
   7  2004 34    1    4.500000
--------------------------------------------------------------------------------
 
