 
--------------------------------------------------------------------------------
 78-Pt-194   T= 0.00 K from IAEA/PD-2019       (ACEMAKER)
 ZAID= 78194.38u  MAT=7837  ZA= 78194
 AWR= 192.296500  STA=  0  ELIS=   0.000 MeV  LIS=  0  LISO=  0
--------------------------------------------------------------------------------
 NTOTR= 283 NTRAN=   2 NPROD= 281 NE=     132 EMAX= 200.000 MeV
   i     MT/MTD     Q [MeV]     T [MeV] LMF  MT    ZAP LFS
   1          5    0.000000    1.000000   3   5
   2         18  136.998000   20.000000   3  18
   3   50063161    0.000000  170.000000   6   5  63161   0
   4   50063162    0.000000  170.000000   6   5  63162   0
   5   50063163    0.000000  170.000000   6   5  63163   0
   6   50063164    0.000000  170.000000   6   5  63164   0
   7   50063165    0.000000  170.000000   6   5  63165   0
   8   50063166    0.000000  190.000000   6   5  63166   0
   9   50063167    0.000000  190.000000   6   5  63167   0
  10   50064162    0.000000  140.000000   6   5  64162   0
  11   50064163    0.000000  140.000000   6   5  64163   0
  12   50064164    0.000000  140.000000   6   5  64164   0
  13   50064165    0.000000  140.000000   6   5  64165   0
  14   50064166    0.000000  140.000000   6   5  64166   0
  15   50064167    0.000000  160.000000   6   5  64167   0
  16   50064168    0.000000  160.000000   6   5  64168   0
  17   50064169    0.000000  190.000000   6   5  64169   0
  18   50065163    0.000000  140.000000   6   5  65163   0
  19   50065164    0.000000  140.000000   6   5  65164   0
  20   50065165    0.000000  140.000000   6   5  65165   0
  21   50065166    0.000000  130.000000   6   5  65166   0
  22   50065167    0.000000  130.000000   6   5  65167   0
  23   50065168    0.000000  130.000000   6   5  65168   0
  24   50065169    0.000000  130.000000   6   5  65169   0
  25   50065170    0.000000  160.000000   6   5  65170   0
  26   50065171    0.000000  160.000000   6   5  65171   0
  27   50066164    0.000000  130.000000   6   5  66164   0
  28   50066165    0.000000  120.000000   6   5  66165   0
  29   51066165    0.000000  120.000000   6   5  66165   1
  30   50066166    0.000000  120.000000   6   5  66166   0
  31   50066167    0.000000  110.000000   6   5  66167   0
  32   50066168    0.000000  110.000000   6   5  66168   0
  33   50066169    0.000000  110.000000   6   5  66169   0
  34   50066170    0.000000  110.000000   6   5  66170   0
  35   50066171    0.000000  130.000000   6   5  66171   0
  36   50066172    0.000000  130.000000   6   5  66172   0
  37   50066173    0.000000  160.000000   6   5  66173   0
  38   50067165    0.000000  130.000000   6   5  67165   0
  39   50067166    0.000000  120.000000   6   5  67166   0
  40   51067166    0.000000  120.000000   6   5  67166   1
  41   50067167    0.000000  120.000000   6   5  67167   0
  42   50067168    0.000000  110.000000   6   5  67168   0
  43   51067168    0.000000  110.000000   6   5  67168   1
  44   50067169    0.000000  110.000000   6   5  67169   0
  45   50067170    0.000000  110.000000   6   5  67170   0
  46   51067170    0.000000  110.000000   6   5  67170   1
  47   50067171    0.000000  110.000000   6   5  67171   0
  48   50067172    0.000000  110.000000   6   5  67172   0
  49   50067173    0.000000  110.000000   6   5  67173   0
  50   50067174    0.000000  130.000000   6   5  67174   0
  51   50067175    0.000000  130.000000   6   5  67175   0
  52   50068166    0.000000  130.000000   6   5  68166   0
  53   50068167    0.000000  120.000000   6   5  68167   0
  54   51068167    0.000000  120.000000   6   5  68167   1
  55   50068168    0.000000  110.000000   6   5  68168   0
  56   50068169    0.000000  100.000000   6   5  68169   0
  57   50068170    0.000000   95.000000   6   5  68170   0
  58   50068171    0.000000   85.000000   6   5  68171   0
  59   50068172    0.000000   80.000000   6   5  68172   0
  60   50068173    0.000000   80.000000   6   5  68173   0
  61   50068174    0.000000   80.000000   6   5  68174   0
  62   50068175    0.000000   85.000000   6   5  68175   0
  63   50068176    0.000000   95.000000   6   5  68176   0
  64   50068177    0.000000  120.000000   6   5  68177   0
  65   50069167    0.000000  130.000000   6   5  69167   0
  66   50069168    0.000000  120.000000   6   5  69168   0
  67   50069169    0.000000  110.000000   6   5  69169   0
  68   50069170    0.000000  100.000000   6   5  69170   0
  69   50069171    0.000000   95.000000   6   5  69171   0
  70   50069172    0.000000   85.000000   6   5  69172   0
  71   50069173    0.000000   80.000000   6   5  69173   0
  72   50069174    0.000000   80.000000   6   5  69174   0
  73   50069175    0.000000   78.000000   6   5  69175   0
  74   50069176    0.000000   74.000000   6   5  69176   0
  75   50069177    0.000000   74.000000   6   5  69177   0
  76   50069178    0.000000   80.000000   6   5  69178   0
  77   50069179    0.000000   95.000000   6   5  69179   0
  78   50070168    0.000000  130.000000   6   5  70168   0
  79   50070169    0.000000  120.000000   6   5  70169   0
  80   51070169    0.000000  120.000000   6   5  70169   1
  81   50070170    0.000000  110.000000   6   5  70170   0
  82   50070171    0.000000  100.000000   6   5  70171   0
  83   50070172    0.000000   90.000000   6   5  70172   0
  84   50070173    0.000000   80.000000   6   5  70173   0
  85   50070174    0.000000   72.000000   6   5  70174   0
  86   50070175    0.000000   64.000000   6   5  70175   0
  87   50070176    0.000000   58.000000   6   5  70176   0
  88   51070176    0.000000   58.000000   6   5  70176   1
  89   50070177    0.000000   54.000000   6   5  70177   0
  90   51070177    0.000000   54.000000   6   5  70177   1
  91   50070178    0.000000   52.000000   6   5  70178   0
  92   50070179    0.000000   54.000000   6   5  70179   0
  93   50070180    0.000000   68.000000   6   5  70180   0
  94   50070181    0.000000   78.000000   6   5  70181   0
  95   50071169    0.000000  130.000000   6   5  71169   0
  96   51071169    0.000000  130.000000   6   5  71169   1
  97   50071170    0.000000  120.000000   6   5  71170   0
  98   51071170    0.000000  120.000000   6   5  71170   1
  99   50071171    0.000000  110.000000   6   5  71171   0
 100   51071171    0.000000  110.000000   6   5  71171   1
 101   50071172    0.000000  100.000000   6   5  71172   0
 102   51071172    0.000000  100.000000   6   5  71172   1
 103   50071173    0.000000   90.000000   6   5  71173   0
 104   50071174    0.000000   80.000000   6   5  71174   0
 105   51071174    0.000000   80.000000   6   5  71174   1
 106   50071175    0.000000   72.000000   6   5  71175   0
 107   50071176    0.000000   66.000000   6   5  71176   0
 108   51071176    0.000000   66.000000   6   5  71176   1
 109   50071177    0.000000   58.000000   6   5  71177   0
 110   51071177    0.000000   60.000000   6   5  71177   1
 111   50071178    0.000000   54.000000   6   5  71178   0
 112   51071178    0.000000   54.000000   6   5  71178   1
 113   50071179    0.000000   52.000000   6   5  71179   0
 114   50071180    0.000000   52.000000   6   5  71180   0
 115   50071181    0.000000   52.000000   6   5  71181   0
 116   50071182    0.000000   56.000000   6   5  71182   0
 117   50071183    0.000000   68.000000   6   5  71183   0
 118   50071184    0.000000   80.000000   6   5  71184   0
 119   50071185    0.000000  100.000000   6   5  71185   0
 120   50072170    0.000000  140.000000   6   5  72170   0
 121   50072171    0.000000  120.000000   6   5  72171   0
 122   51072171    0.000000  120.000000   6   5  72171   1
 123   50072172    0.000000  110.000000   6   5  72172   0
 124   50072173    0.000000  100.000000   6   5  72173   0
 125   50072174    0.000000   90.000000   6   5  72174   0
 126   50072175    0.000000   80.000000   6   5  72175   0
 127   50072176    0.000000   72.000000   6   5  72176   0
 128   50072177    0.000000   62.000000   6   5  72177   0
 129   50072178    0.000000   54.000000   6   5  72178   0
 130   51072178    0.000000   54.000000   6   5  72178   1
 131   50072179    0.000000   46.000000   6   5  72179   0
 132   51072179    0.000000   46.000000   6   5  72179   1
 133   50072180    0.000000   38.000000   6   5  72180   0
 134   51072180    0.000000   38.000000   6   5  72180   1
 135   50072181    0.000000   32.000000   6   5  72181   0
 136   50072182    0.000000   25.000000   6   5  72182   0
 137   51072182    0.000000   25.000000   6   5  72182   1
 138   50072183    0.000000   38.000000   6   5  72183   0
 139   50072184    0.000000   48.000000   6   5  72184   0
 140   50072185    0.000000   56.000000   6   5  72185   0
 141   50072186    0.000000   70.000000   6   5  72186   0
 142   50072187    0.000000   80.000000   6   5  72187   0
 143   50072188    0.000000  140.000000   6   5  72188   0
 144   50073171    0.000000  140.000000   6   5  73171   0
 145   50073172    0.000000  120.000000   6   5  73172   0
 146   50073173    0.000000  110.000000   6   5  73173   0
 147   50073174    0.000000  110.000000   6   5  73174   0
 148   50073175    0.000000   95.000000   6   5  73175   0
 149   50073176    0.000000   85.000000   6   5  73176   0
 150   50073177    0.000000   76.000000   6   5  73177   0
 151   50073178    0.000000   68.000000   6   5  73178   0
 152   51073178    0.000000   68.000000   6   5  73178   1
 153   50073179    0.000000   60.000000   6   5  73179   0
 154   50073180    0.000000   52.000000   6   5  73180   0
 155   51073180    0.000000   52.000000   6   5  73180   1
 156   50073181    0.000000   44.000000   6   5  73181   0
 157   50073182    0.000000   36.000000   6   5  73182   0
 158   51073182    0.000000   36.000000   6   5  73182   1
 159   52073182    0.000000   38.000000   6   5  73182   2
 160   50073183    0.000000   30.000000   6   5  73183   0
 161   50073184    0.000000   29.000000   6   5  73184   0
 162   50073185    0.000000   25.000000   6   5  73185   0
 163   50073186    0.000000   40.000000   6   5  73186   0
 164   50073187    0.000000   48.000000   6   5  73187   0
 165   50073188    0.000000   58.000000   6   5  73188   0
 166   50073189    0.000000   80.000000   6   5  73189   0
 167   50074172    0.000000  140.000000   6   5  74172   0
 168   50074173    0.000000  130.000000   6   5  74173   0
 169   50074174    0.000000  120.000000   6   5  74174   0
 170   50074175    0.000000  110.000000   6   5  74175   0
 171   50074176    0.000000   95.000000   6   5  74176   0
 172   50074177    0.000000   85.000000   6   5  74177   0
 173   50074178    0.000000   76.000000   6   5  74178   0
 174   50074179    0.000000   66.000000   6   5  74179   0
 175   51074179    0.000000   66.000000   6   5  74179   1
 176   50074180    0.000000   56.000000   6   5  74180   0
 177   50074181    0.000000   48.000000   6   5  74181   0
 178   50074182    0.000000   40.000000   6   5  74182   0
 179   50074183    0.000000   32.000000   6   5  74183   0
 180   51074183    0.000000   32.000000   6   5  74183   1
 181   50074184    0.000000   23.000000   6   5  74184   0
 182   50074185    0.000000   15.000000   6   5  74185   0
 183   51074185    0.000000   15.500000   6   5  74185   1
 184   50074186    0.000000    8.000000   6   5  74186   0
 185   50074187    0.000000   23.000000   6   5  74187   0
 186   50074188    0.000000   25.000000   6   5  74188   0
 187   50074189    0.000000   40.000000   6   5  74189   0
 188   50074190    0.000000   50.000000   6   5  74190   0
 189   50075173    0.000000  150.000000   6   5  75173   0
 190   50075174    0.000000  140.000000   6   5  75174   0
 191   50075175    0.000000  130.000000   6   5  75175   0
 192   50075176    0.000000  120.000000   6   5  75176   0
 193   50075177    0.000000  110.000000   6   5  75177   0
 194   50075178    0.000000   95.000000   6   5  75178   0
 195   50075179    0.000000   85.000000   6   5  75179   0
 196   50075180    0.000000   76.000000   6   5  75180   0
 197   50075181    0.000000   66.000000   6   5  75181   0
 198   50075182    0.000000   58.000000   6   5  75182   0
 199   51075182    0.000000   58.000000   6   5  75182   1
 200   50075183    0.000000   48.000000   6   5  75183   0
 201   50075184    0.000000   40.000000   6   5  75184   0
 202   51075184    0.000000   42.000000   6   5  75184   1
 203   50075185    0.000000   32.000000   6   5  75185   0
 204   50075186    0.000000   26.000000   6   5  75186   0
 205   51075186    0.000000   26.000000   6   5  75186   1
 206   50075187    0.000000   18.500000   6   5  75187   0
 207   50075188    0.000000   18.000000   6   5  75188   0
 208   51075188    0.000000   18.000000   6   5  75188   1
 209   50075189    0.000000   12.500000   6   5  75189   0
 210   50075190    0.000000   27.000000   6   5  75190   0
 211   50075191    0.000000   28.000000   6   5  75191   0
 212   50076174    0.000000  160.000000   6   5  76174   0
 213   50076175    0.000000  140.000000   6   5  76175   0
 214   50076176    0.000000  130.000000   6   5  76176   0
 215   50076177    0.000000  120.000000   6   5  76177   0
 216   50076178    0.000000  110.000000   6   5  76178   0
 217   50076179    0.000000   95.000000   6   5  76179   0
 218   50076180    0.000000   85.000000   6   5  76180   0
 219   50076181    0.000000   76.000000   6   5  76181   0
 220   51076181    0.000000   76.000000   6   5  76181   1
 221   50076182    0.000000   66.000000   6   5  76182   0
 222   50076183    0.000000   56.000000   6   5  76183   0
 223   51076183    0.000000   56.000000   6   5  76183   1
 224   50076184    0.000000   48.000000   6   5  76184   0
 225   50076185    0.000000   40.000000   6   5  76185   0
 226   50076186    0.000000   32.000000   6   5  76186   0
 227   50076187    0.000000   23.000000   6   5  76187   0
 228   50076188    0.000000   15.000000   6   5  76188   0
 229   50076189    0.000000    9.000000   6   5  76189   0
 230   51076189    0.000000    9.000000   6   5  76189   1
 231   50076190    0.000000    1.000000   6   5  76190   0
 232   51076190    0.000000    6.500000   6   5  76190   1
 233   50076191    0.000000   16.000000   6   5  76191   0
 234   51076191    0.000000   16.000000   6   5  76191   1
 235   50076192    0.000000   15.500000   6   5  76192   0
 236   50077175    0.000000  170.000000   6   5  77175   0
 237   50077176    0.000000  160.000000   6   5  77176   0
 238   50077177    0.000000  150.000000   6   5  77177   0
 239   50077178    0.000000  140.000000   6   5  77178   0
 240   50077179    0.000000  120.000000   6   5  77179   0
 241   50077180    0.000000  110.000000   6   5  77180   0
 242   50077181    0.000000  100.000000   6   5  77181   0
 243   50077182    0.000000   90.000000   6   5  77182   0
 244   50077183    0.000000   80.000000   6   5  77183   0
 245   50077184    0.000000   72.000000   6   5  77184   0
 246   50077185    0.000000   62.000000   6   5  77185   0
 247   50077186    0.000000   54.000000   6   5  77186   0
 248   51077186    0.000000   54.000000   6   5  77186   1
 249   50077187    0.000000   46.000000   6   5  77187   0
 250   50077188    0.000000   38.000000   6   5  77188   0
 251   50077189    0.000000   29.000000   6   5  77189   0
 252   50077190    0.000000   22.000000   6   5  77190   0
 253   51077190    0.000000   22.000000   6   5  77190   1
 254   52077190    0.000000   23.000000   6   5  77190   2
 255   50077191    0.000000   14.000000   6   5  77191   0
 256   51077191    0.000000   14.500000   6   5  77191   1
 257   50077192    0.000000   14.000000   6   5  77192   0
 258   51077192    0.000000   14.000000   6   5  77192   1
 259   52077192    0.000000   14.000000   6   5  77192   2
 260   50077193    0.000000    8.000000   6   5  77193   0
 261   51077193    0.000000    8.000000   6   5  77193   1
 262   50078176    0.000000  180.000000   6   5  78176   0
 263   50078177    0.000000  160.000000   6   5  78177   0
 264   50078178    0.000000  150.000000   6   5  78178   0
 265   50078179    0.000000  140.000000   6   5  78179   0
 266   50078180    0.000000  130.000000   6   5  78180   0
 267   50078181    0.000000  120.000000   6   5  78181   0
 268   50078182    0.000000  110.000000   6   5  78182   0
 269   50078183    0.000000   95.000000   6   5  78183   0
 270   51078183    0.000000   95.000000   6   5  78183   1
 271   50078184    0.000000   85.000000   6   5  78184   0
 272   50078185    0.000000   76.000000   6   5  78185   0
 273   51078185    0.000000   76.000000   6   5  78185   1
 274   50078186    0.000000   66.000000   6   5  78186   0
 275   50078187    0.000000   58.000000   6   5  78187   0
 276   50078188    0.000000   48.000000   6   5  78188   0
 277   50078189    0.000000   40.000000   6   5  78189   0
 278   50078190    0.000000   32.000000   6   5  78190   0
 279   50078191    0.000000   24.000000   6   5  78191   0
 280   50078192    0.000000   15.000000   6   5  78192   0
 281   50078193    0.000000    8.500000   6   5  78193   0
 282   51078193    0.000000    9.000000   6   5  78193   1
 283   50078194    0.000000    1.000000   6   5  78194   0
 
   p   ZAP IP   NR    Tp [MeV]
   1     1  1    2    8.000000
   2     0  2    1    1.000000
   3  1001  9    1    7.512806
   4  1002 31    1   13.500000
   5  1003 32    1   14.000000
   6  2003 33    1   16.000000
   7  2004 34    1    1.000000
--------------------------------------------------------------------------------
 
