 
--------------------------------------------------------------------------------
 79-Au-197   T= 0.00 K from IAEA/PD-2019       (ACEMAKER)
 ZAID= 79197.38u  MAT=7925  ZA= 79197
 AWR= 195.274500  STA=  0  ELIS=   0.000 MeV  LIS=  0  LISO=  0
--------------------------------------------------------------------------------
 NTOTR= 284 NTRAN=   2 NPROD= 282 NE=     129 EMAX= 200.000 MeV
   i     MT/MTD     Q [MeV]     T [MeV] LMF  MT    ZAP LFS
   1          5    0.000000    1.000000   3   5
   2         18  141.144000   14.500000   3  18
   3   50064164    0.000000  160.000000   6   5  64164   0
   4   50064165    0.000000  160.000000   6   5  64165   0
   5   50064166    0.000000  160.000000   6   5  64166   0
   6   50064167    0.000000  160.000000   6   5  64167   0
   7   50064168    0.000000  160.000000   6   5  64168   0
   8   50064169    0.000000  190.000000   6   5  64169   0
   9   50065165    0.000000  140.000000   6   5  65165   0
  10   50065166    0.000000  140.000000   6   5  65166   0
  11   50065167    0.000000  140.000000   6   5  65167   0
  12   50065168    0.000000  140.000000   6   5  65168   0
  13   50065169    0.000000  140.000000   6   5  65169   0
  14   50065170    0.000000  160.000000   6   5  65170   0
  15   50065171    0.000000  160.000000   6   5  65171   0
  16   50066166    0.000000  140.000000   6   5  66166   0
  17   50066167    0.000000  140.000000   6   5  66167   0
  18   50066168    0.000000  140.000000   6   5  66168   0
  19   50066169    0.000000  130.000000   6   5  66169   0
  20   50066170    0.000000  130.000000   6   5  66170   0
  21   50066171    0.000000  130.000000   6   5  66171   0
  22   50066172    0.000000  130.000000   6   5  66172   0
  23   50066173    0.000000  150.000000   6   5  66173   0
  24   50067167    0.000000  130.000000   6   5  67167   0
  25   50067168    0.000000  120.000000   6   5  67168   0
  26   51067168    0.000000  120.000000   6   5  67168   1
  27   50067169    0.000000  120.000000   6   5  67169   0
  28   50067170    0.000000  110.000000   6   5  67170   0
  29   51067170    0.000000  110.000000   6   5  67170   1
  30   50067171    0.000000  110.000000   6   5  67171   0
  31   50067172    0.000000  110.000000   6   5  67172   0
  32   50067173    0.000000  110.000000   6   5  67173   0
  33   50067174    0.000000  130.000000   6   5  67174   0
  34   50067175    0.000000  130.000000   6   5  67175   0
  35   50068168    0.000000  130.000000   6   5  68168   0
  36   50068169    0.000000  120.000000   6   5  68169   0
  37   50068170    0.000000  120.000000   6   5  68170   0
  38   50068171    0.000000  110.000000   6   5  68171   0
  39   50068172    0.000000  110.000000   6   5  68172   0
  40   50068173    0.000000  110.000000   6   5  68173   0
  41   50068174    0.000000  100.000000   6   5  68174   0
  42   50068175    0.000000  100.000000   6   5  68175   0
  43   50068176    0.000000  100.000000   6   5  68176   0
  44   50068177    0.000000  120.000000   6   5  68177   0
  45   50069169    0.000000  130.000000   6   5  69169   0
  46   50069170    0.000000  120.000000   6   5  69170   0
  47   50069171    0.000000  110.000000   6   5  69171   0
  48   50069172    0.000000  100.000000   6   5  69172   0
  49   50069173    0.000000   95.000000   6   5  69173   0
  50   50069174    0.000000   85.000000   6   5  69174   0
  51   50069175    0.000000   80.000000   6   5  69175   0
  52   50069176    0.000000   78.000000   6   5  69176   0
  53   50069177    0.000000   78.000000   6   5  69177   0
  54   50069178    0.000000   85.000000   6   5  69178   0
  55   50069179    0.000000   95.000000   6   5  69179   0
  56   50070170    0.000000  130.000000   6   5  70170   0
  57   50070171    0.000000  120.000000   6   5  70171   0
  58   50070172    0.000000  110.000000   6   5  70172   0
  59   50070173    0.000000  100.000000   6   5  70173   0
  60   50070174    0.000000   95.000000   6   5  70174   0
  61   50070175    0.000000   85.000000   6   5  70175   0
  62   50070176    0.000000   80.000000   6   5  70176   0
  63   51070176    0.000000   80.000000   6   5  70176   1
  64   50070177    0.000000   78.000000   6   5  70177   0
  65   51070177    0.000000   78.000000   6   5  70177   1
  66   50070178    0.000000   78.000000   6   5  70178   0
  67   50070179    0.000000   76.000000   6   5  70179   0
  68   50070180    0.000000   76.000000   6   5  70180   0
  69   50070181    0.000000   80.000000   6   5  70181   0
  70   50071171    0.000000  130.000000   6   5  71171   0
  71   51071171    0.000000  130.000000   6   5  71171   1
  72   50071172    0.000000  120.000000   6   5  71172   0
  73   51071172    0.000000  120.000000   6   5  71172   1
  74   50071173    0.000000  110.000000   6   5  71173   0
  75   50071174    0.000000  100.000000   6   5  71174   0
  76   51071174    0.000000  100.000000   6   5  71174   1
  77   50071175    0.000000   90.000000   6   5  71175   0
  78   50071176    0.000000   80.000000   6   5  71176   0
  79   51071176    0.000000   80.000000   6   5  71176   1
  80   50071177    0.000000   72.000000   6   5  71177   0
  81   51071177    0.000000   72.000000   6   5  71177   1
  82   50071178    0.000000   64.000000   6   5  71178   0
  83   51071178    0.000000   64.000000   6   5  71178   1
  84   50071179    0.000000   58.000000   6   5  71179   0
  85   50071180    0.000000   54.000000   6   5  71180   0
  86   50071181    0.000000   54.000000   6   5  71181   0
  87   50071182    0.000000   56.000000   6   5  71182   0
  88   50071183    0.000000   68.000000   6   5  71183   0
  89   50071184    0.000000   80.000000   6   5  71184   0
  90   50071185    0.000000   95.000000   6   5  71185   0
  91   50072172    0.000000  130.000000   6   5  72172   0
  92   50072173    0.000000  120.000000   6   5  72173   0
  93   50072174    0.000000  110.000000   6   5  72174   0
  94   50072175    0.000000  100.000000   6   5  72175   0
  95   50072176    0.000000   90.000000   6   5  72176   0
  96   50072177    0.000000   80.000000   6   5  72177   0
  97   50072178    0.000000   72.000000   6   5  72178   0
  98   51072178    0.000000   74.000000   6   5  72178   1
  99   50072179    0.000000   64.000000   6   5  72179   0
 100   51072179    0.000000   64.000000   6   5  72179   1
 101   50072180    0.000000   58.000000   6   5  72180   0
 102   51072180    0.000000   58.000000   6   5  72180   1
 103   50072181    0.000000   54.000000   6   5  72181   0
 104   50072182    0.000000   54.000000   6   5  72182   0
 105   51072182    0.000000   54.000000   6   5  72182   1
 106   50072183    0.000000   52.000000   6   5  72183   0
 107   50072184    0.000000   50.000000   6   5  72184   0
 108   50072185    0.000000   56.000000   6   5  72185   0
 109   50072186    0.000000   70.000000   6   5  72186   0
 110   50072187    0.000000   78.000000   6   5  72187   0
 111   50072188    0.000000   95.000000   6   5  72188   0
 112   50072189    0.000000  130.000000   6   5  72189   0
 113   50073173    0.000000  140.000000   6   5  73173   0
 114   50073174    0.000000  130.000000   6   5  73174   0
 115   50073175    0.000000  110.000000   6   5  73175   0
 116   50073176    0.000000  100.000000   6   5  73176   0
 117   50073177    0.000000   90.000000   6   5  73177   0
 118   50073178    0.000000   80.000000   6   5  73178   0
 119   51073178    0.000000   80.000000   6   5  73178   1
 120   50073179    0.000000   70.000000   6   5  73179   0
 121   50073180    0.000000   62.000000   6   5  73180   0
 122   51073180    0.000000   62.000000   6   5  73180   1
 123   50073181    0.000000   54.000000   6   5  73181   0
 124   50073182    0.000000   46.000000   6   5  73182   0
 125   51073182    0.000000   46.000000   6   5  73182   1
 126   52073182    0.000000   46.000000   6   5  73182   2
 127   50073183    0.000000   38.000000   6   5  73183   0
 128   50073184    0.000000   32.000000   6   5  73184   0
 129   50073185    0.000000   28.000000   6   5  73185   0
 130   50073186    0.000000   40.000000   6   5  73186   0
 131   50073187    0.000000   48.000000   6   5  73187   0
 132   50073188    0.000000   58.000000   6   5  73188   0
 133   50073189    0.000000   70.000000   6   5  73189   0
 134   50073190    0.000000   80.000000   6   5  73190   0
 135   50073191    0.000000  130.000000   6   5  73191   0
 136   50074174    0.000000  140.000000   6   5  74174   0
 137   50074175    0.000000  130.000000   6   5  74175   0
 138   50074176    0.000000  110.000000   6   5  74176   0
 139   50074177    0.000000  100.000000   6   5  74177   0
 140   50074178    0.000000   90.000000   6   5  74178   0
 141   50074179    0.000000   85.000000   6   5  74179   0
 142   51074179    0.000000   85.000000   6   5  74179   1
 143   50074180    0.000000   76.000000   6   5  74180   0
 144   50074181    0.000000   68.000000   6   5  74181   0
 145   50074182    0.000000   58.000000   6   5  74182   0
 146   50074183    0.000000   50.000000   6   5  74183   0
 147   51074183    0.000000   52.000000   6   5  74183   1
 148   50074184    0.000000   42.000000   6   5  74184   0
 149   50074185    0.000000   36.000000   6   5  74185   0
 150   51074185    0.000000   36.000000   6   5  74185   1
 151   50074186    0.000000   29.000000   6   5  74186   0
 152   50074187    0.000000   28.000000   6   5  74187   0
 153   50074188    0.000000   24.000000   6   5  74188   0
 154   50074189    0.000000   38.000000   6   5  74189   0
 155   50074190    0.000000   46.000000   6   5  74190   0
 156   50074191    0.000000   56.000000   6   5  74191   0
 157   50074192    0.000000   80.000000   6   5  74192   0
 158   50075175    0.000000  150.000000   6   5  75175   0
 159   50075176    0.000000  130.000000   6   5  75176   0
 160   50075177    0.000000  120.000000   6   5  75177   0
 161   50075178    0.000000  110.000000   6   5  75178   0
 162   50075179    0.000000  100.000000   6   5  75179   0
 163   50075180    0.000000   90.000000   6   5  75180   0
 164   50075181    0.000000   76.000000   6   5  75181   0
 165   50075182    0.000000   66.000000   6   5  75182   0
 166   51075182    0.000000   66.000000   6   5  75182   1
 167   50075183    0.000000   58.000000   6   5  75183   0
 168   50075184    0.000000   48.000000   6   5  75184   0
 169   51075184    0.000000   48.000000   6   5  75184   1
 170   50075185    0.000000   40.000000   6   5  75185   0
 171   50075186    0.000000   32.000000   6   5  75186   0
 172   51075186    0.000000   32.000000   6   5  75186   1
 173   50075187    0.000000   23.000000   6   5  75187   0
 174   50075188    0.000000   16.500000   6   5  75188   0
 175   51075188    0.000000   17.000000   6   5  75188   1
 176   50075189    0.000000    9.000000   6   5  75189   0
 177   50075190    0.000000   24.000000   6   5  75190   0
 178   50075191    0.000000   25.000000   6   5  75191   0
 179   50075192    0.000000   40.000000   6   5  75192   0
 180   50075193    0.000000   46.000000   6   5  75193   0
 181   50076176    0.000000  150.000000   6   5  76176   0
 182   50076177    0.000000  140.000000   6   5  76177   0
 183   50076178    0.000000  120.000000   6   5  76178   0
 184   50076179    0.000000  120.000000   6   5  76179   0
 185   50076180    0.000000  100.000000   6   5  76180   0
 186   50076181    0.000000   95.000000   6   5  76181   0
 187   51076181    0.000000   95.000000   6   5  76181   1
 188   50076182    0.000000   85.000000   6   5  76182   0
 189   50076183    0.000000   74.000000   6   5  76183   0
 190   51076183    0.000000   74.000000   6   5  76183   1
 191   50076184    0.000000   64.000000   6   5  76184   0
 192   50076185    0.000000   56.000000   6   5  76185   0
 193   50076186    0.000000   48.000000   6   5  76186   0
 194   50076187    0.000000   40.000000   6   5  76187   0
 195   50076188    0.000000   32.000000   6   5  76188   0
 196   50076189    0.000000   25.000000   6   5  76189   0
 197   51076189    0.000000   25.000000   6   5  76189   1
 198   50076190    0.000000   17.500000   6   5  76190   0
 199   51076190    0.000000   19.500000   6   5  76190   1
 200   50076191    0.000000   17.000000   6   5  76191   0
 201   51076191    0.000000   17.000000   6   5  76191   1
 202   50076192    0.000000   11.000000   6   5  76192   0
 203   50076193    0.000000   26.000000   6   5  76193   0
 204   50076194    0.000000   26.000000   6   5  76194   0
 205   50077177    0.000000  160.000000   6   5  77177   0
 206   50077178    0.000000  150.000000   6   5  77178   0
 207   50077179    0.000000  130.000000   6   5  77179   0
 208   50077180    0.000000  120.000000   6   5  77180   0
 209   50077181    0.000000  110.000000   6   5  77181   0
 210   50077182    0.000000  100.000000   6   5  77182   0
 211   50077183    0.000000   90.000000   6   5  77183   0
 212   50077184    0.000000   76.000000   6   5  77184   0
 213   50077185    0.000000   66.000000   6   5  77185   0
 214   50077186    0.000000   58.000000   6   5  77186   0
 215   51077186    0.000000   58.000000   6   5  77186   1
 216   50077187    0.000000   48.000000   6   5  77187   0
 217   50077188    0.000000   40.000000   6   5  77188   0
 218   50077189    0.000000   32.000000   6   5  77189   0
 219   50077190    0.000000   24.000000   6   5  77190   0
 220   51077190    0.000000   24.000000   6   5  77190   1
 221   52077190    0.000000   25.000000   6   5  77190   2
 222   50077191    0.000000   16.000000   6   5  77191   0
 223   51077191    0.000000   16.500000   6   5  77191   1
 224   50077192    0.000000    9.500000   6   5  77192   0
 225   51077192    0.000000    9.500000   6   5  77192   1
 226   52077192    0.000000   10.000000   6   5  77192   2
 227   50077193    0.000000    1.500000   6   5  77193   0
 228   51077193    0.000000    2.000000   6   5  77193   1
 229   50077194    0.000000   16.000000   6   5  77194   0
 230   51077194    0.000000   16.500000   6   5  77194   1
 231   50077195    0.000000   16.500000   6   5  77195   0
 232   51077195    0.000000   16.500000   6   5  77195   1
 233   50078178    0.000000  170.000000   6   5  78178   0
 234   50078179    0.000000  160.000000   6   5  78179   0
 235   50078180    0.000000  140.000000   6   5  78180   0
 236   50078181    0.000000  130.000000   6   5  78181   0
 237   50078182    0.000000  120.000000   6   5  78182   0
 238   50078183    0.000000  110.000000   6   5  78183   0
 239   51078183    0.000000  110.000000   6   5  78183   1
 240   50078184    0.000000  100.000000   6   5  78184   0
 241   50078185    0.000000   90.000000   6   5  78185   0
 242   51078185    0.000000   90.000000   6   5  78185   1
 243   50078186    0.000000   78.000000   6   5  78186   0
 244   50078187    0.000000   70.000000   6   5  78187   0
 245   50078188    0.000000   60.000000   6   5  78188   0
 246   50078189    0.000000   54.000000   6   5  78189   0
 247   50078190    0.000000   44.000000   6   5  78190   0
 248   50078191    0.000000   36.000000   6   5  78191   0
 249   50078192    0.000000   27.000000   6   5  78192   0
 250   50078193    0.000000   21.000000   6   5  78193   0
 251   51078193    0.000000   21.000000   6   5  78193   1
 252   50078194    0.000000   12.500000   6   5  78194   0
 253   50078195    0.000000   12.000000   6   5  78195   0
 254   51078195    0.000000   12.500000   6   5  78195   1
 255   50078196    0.000000    6.500000   6   5  78196   0
 256   50079179    0.000000  180.000000   6   5  79179   0
 257   50079180    0.000000  170.000000   6   5  79180   0
 258   50079181    0.000000  150.000000   6   5  79181   0
 259   50079182    0.000000  140.000000   6   5  79182   0
 260   50079183    0.000000  130.000000   6   5  79183   0
 261   50079184    0.000000  120.000000   6   5  79184   0
 262   51079184    0.000000  120.000000   6   5  79184   1
 263   50079185    0.000000  110.000000   6   5  79185   0
 264   51079185    0.000000  110.000000   6   5  79185   1
 265   50079186    0.000000   95.000000   6   5  79186   0
 266   50079187    0.000000   85.000000   6   5  79187   0
 267   51079187    0.000000   85.000000   6   5  79187   1
 268   50079188    0.000000   76.000000   6   5  79188   0
 269   50079189    0.000000   66.000000   6   5  79189   0
 270   51079189    0.000000   66.000000   6   5  79189   1
 271   50079190    0.000000   58.000000   6   5  79190   0
 272   51079190    0.000000   58.000000   6   5  79190   1
 273   50079191    0.000000   48.000000   6   5  79191   0
 274   51079191    0.000000   48.000000   6   5  79191   1
 275   50079192    0.000000   40.000000   6   5  79192   0
 276   51079192    0.000000   42.000000   6   5  79192   1
 277   50079193    0.000000   32.000000   6   5  79193   0
 278   50079194    0.000000   24.000000   6   5  79194   0
 279   50079195    0.000000   15.000000   6   5  79195   0
 280   51079195    0.000000   15.500000   6   5  79195   1
 281   50079196    0.000000    8.500000   6   5  79196   0
 282   51079196    0.000000    8.500000   6   5  79196   1
 283   50079197    0.000000    1.000000   6   5  79197   0
 284   51079197    0.000000    1.500000   6   5  79197   1
 
   p   ZAP IP   NR    Tp [MeV]
   1     1  1    2    8.000000
   2     0  2    1    1.000000
   3  1001  9    1    6.000000
   4  1002 31    1   12.000000
   5  1003 32    1   12.000000
   6  2003 33    1   16.000000
   7  2004 34    1    1.500000
--------------------------------------------------------------------------------
 
