 
--------------------------------------------------------------------------------
  8-O - 17   T= 0.00 K from IAEA/PD-2019       (ACEMAKER)
 ZAID=  8017.38u  MAT= 828  ZA=  8017
 AWR=  16.853100  STA=  0  ELIS=   0.000 MeV  LIS=  0  LISO=  0
--------------------------------------------------------------------------------
 NTOTR=  14 NTRAN=   1 NPROD=  13 NE=      92 EMAX= 140.000 MeV
   i     MT/MTD     Q [MeV]     T [MeV] LMF  MT    ZAP LFS
   1          5    0.000000    4.500000   3   5
   2   50006011    0.000000   39.000000   6   5   6011   0
   3   50006012    0.000000   15.500000   6   5   6012   0
   4   50006013    0.000000    6.359000   6   5   6013   0
   5   50006015    0.000000   25.260300   6   5   6015   0
   6   50007012    0.000000   49.239900   6   5   7012   0
   7   50007013    0.000000   29.175900   6   5   7013   0
   8   50007014    0.000000   19.000000   6   5   7014   0
   9   50007015    0.000000   14.500000   6   5   7015   0
  10   50007016    0.000000   14.000000   6   5   7016   0
  11   50008013    0.000000   56.207600   6   5   8013   0
  12   50008014    0.000000   33.029800   6   5   8014   0
  13   50008015    0.000000   19.807200   6   5   8015   0
  14   50008016    0.000000    4.500000   6   5   8016   0
 
   p   ZAP IP   NR    Tp [MeV]
   1     1  1    1    4.500000
   2     0  2    1    4.500000
   3  1001  9    1   14.000000
   4  1002 31    1   14.500000
   5  1003 32    1   19.000000
   6  2004 34    1    6.359000
--------------------------------------------------------------------------------
 
