 
--------------------------------------------------------------------------------
  8-O - 18   T= 0.00 K from IAEA/PD-2019       (ACEMAKER)
 ZAID=  8018.38u  MAT= 831  ZA=  8018
 AWR=  17.844540  STA=  0  ELIS=   0.000 MeV  LIS=  0  LISO=  0
--------------------------------------------------------------------------------
 NTOTR=  12 NTRAN=   1 NPROD=  11 NE=      98 EMAX= 140.000 MeV
   i     MT/MTD     Q [MeV]     T [MeV] LMF  MT    ZAP LFS
   1          5    0.000000    6.230000   3   5
   2   50006012    0.000000   23.700000   6   5   6012   0
   3   50006013    0.000000   15.000000   6   5   6013   0
   4   50006014    0.000000    6.230000   6   5   6014   0
   5   50007013    0.000000   37.220400   6   5   7013   0
   6   50007014    0.000000   27.000000   6   5   7014   0
   7   50007015    0.000000   16.000000   6   5   7015   0
   8   50007016    0.000000   20.000000   6   5   7016   0
   9   50007017    0.000000   15.942200   6   5   7017   0
  10   50008015    0.000000   27.851700   6   5   8015   0
  11   50008016    0.000000   12.187900   6   5   8016   0
  12   50008017    0.000000    8.044500   6   5   8017   0
 
   p   ZAP IP   NR    Tp [MeV]
   1     1  1    1    8.044500
   2     0  2    1    6.230000
   3  1001  9    1   15.942200
   4  1002 31    1   20.000000
   5  1003 32    1   16.000000
   6  2004 34    1    6.230000
--------------------------------------------------------------------------------
 
