 
--------------------------------------------------------------------------------
 82-Pb-207   T= 0.00 K from IAEA/PD-2019       (ACEMAKER)
 ZAID= 82207.38u  MAT=8234  ZA= 82207
 AWR= 205.197900  STA=  0  ELIS=   0.000 MeV  LIS=  0  LISO=  0
--------------------------------------------------------------------------------
 NTOTR= 283 NTRAN=   2 NPROD= 281 NE=     139 EMAX= 200.000 MeV
   i     MT/MTD     Q [MeV]     T [MeV] LMF  MT    ZAP LFS
   1          5    0.000000    1.000000   3   5
   2         18  154.964000   18.500000   3  18
   3   50067174    0.000000  180.000000   6   5  67174   0
   4   50067175    0.000000  180.000000   6   5  67175   0
   5   50068175    0.000000  150.000000   6   5  68175   0
   6   50068176    0.000000  150.000000   6   5  68176   0
   7   50068177    0.000000  150.000000   6   5  68177   0
   8   50069176    0.000000  150.000000   6   5  69176   0
   9   50069177    0.000000  150.000000   6   5  69177   0
  10   50069178    0.000000  150.000000   6   5  69178   0
  11   50069179    0.000000  150.000000   6   5  69179   0
  12   50070177    0.000000  140.000000   6   5  70177   0
  13   51070177    0.000000  140.000000   6   5  70177   1
  14   50070178    0.000000  130.000000   6   5  70178   0
  15   50070179    0.000000  130.000000   6   5  70179   0
  16   50070180    0.000000  120.000000   6   5  70180   0
  17   50070181    0.000000  120.000000   6   5  70181   0
  18   50071178    0.000000  140.000000   6   5  71178   0
  19   51071178    0.000000  140.000000   6   5  71178   1
  20   50071179    0.000000  130.000000   6   5  71179   0
  21   50071180    0.000000  130.000000   6   5  71180   0
  22   50071181    0.000000  120.000000   6   5  71181   0
  23   50071182    0.000000  120.000000   6   5  71182   0
  24   50071183    0.000000  120.000000   6   5  71183   0
  25   50071184    0.000000  120.000000   6   5  71184   0
  26   50071185    0.000000  120.000000   6   5  71185   0
  27   50072179    0.000000  130.000000   6   5  72179   0
  28   51072179    0.000000  130.000000   6   5  72179   1
  29   50072180    0.000000  130.000000   6   5  72180   0
  30   51072180    0.000000  130.000000   6   5  72180   1
  31   50072181    0.000000  120.000000   6   5  72181   0
  32   50072182    0.000000  110.000000   6   5  72182   0
  33   51072182    0.000000  110.000000   6   5  72182   1
  34   50072183    0.000000  100.000000   6   5  72183   0
  35   50072184    0.000000   95.000000   6   5  72184   0
  36   50072185    0.000000   90.000000   6   5  72185   0
  37   50072186    0.000000   85.000000   6   5  72186   0
  38   50072187    0.000000   85.000000   6   5  72187   0
  39   50072188    0.000000   85.000000   6   5  72188   0
  40   50072189    0.000000  110.000000   6   5  72189   0
  41   50073180    0.000000  130.000000   6   5  73180   0
  42   51073180    0.000000  130.000000   6   5  73180   1
  43   50073181    0.000000  130.000000   6   5  73181   0
  44   50073182    0.000000  120.000000   6   5  73182   0
  45   51073182    0.000000  120.000000   6   5  73182   1
  46   52073182    0.000000  120.000000   6   5  73182   2
  47   50073183    0.000000  110.000000   6   5  73183   0
  48   50073184    0.000000  100.000000   6   5  73184   0
  49   50073185    0.000000   95.000000   6   5  73185   0
  50   50073186    0.000000   90.000000   6   5  73186   0
  51   50073187    0.000000   85.000000   6   5  73187   0
  52   50073188    0.000000   85.000000   6   5  73188   0
  53   50073189    0.000000   85.000000   6   5  73189   0
  54   50073190    0.000000   85.000000   6   5  73190   0
  55   50073191    0.000000   85.000000   6   5  73191   0
  56   50073192    0.000000  110.000000   6   5  73192   0
  57   50074181    0.000000  130.000000   6   5  74181   0
  58   50074182    0.000000  120.000000   6   5  74182   0
  59   50074183    0.000000  120.000000   6   5  74183   0
  60   51074183    0.000000  120.000000   6   5  74183   1
  61   50074184    0.000000  110.000000   6   5  74184   0
  62   50074185    0.000000   95.000000   6   5  74185   0
  63   51074185    0.000000   95.000000   6   5  74185   1
  64   50074186    0.000000   85.000000   6   5  74186   0
  65   50074187    0.000000   78.000000   6   5  74187   0
  66   50074188    0.000000   70.000000   6   5  74188   0
  67   50074189    0.000000   64.000000   6   5  74189   0
  68   50074190    0.000000   58.000000   6   5  74190   0
  69   50074191    0.000000   58.000000   6   5  74191   0
  70   50074192    0.000000   60.000000   6   5  74192   0
  71   50074193    0.000000   78.000000   6   5  74193   0
  72   50074194    0.000000   80.000000   6   5  74194   0
  73   50075182    0.000000  130.000000   6   5  75182   0
  74   51075182    0.000000  130.000000   6   5  75182   1
  75   50075183    0.000000  120.000000   6   5  75183   0
  76   50075184    0.000000  120.000000   6   5  75184   0
  77   51075184    0.000000  120.000000   6   5  75184   1
  78   50075185    0.000000  110.000000   6   5  75185   0
  79   50075186    0.000000   95.000000   6   5  75186   0
  80   51075186    0.000000   95.000000   6   5  75186   1
  81   50075187    0.000000   85.000000   6   5  75187   0
  82   50075188    0.000000   78.000000   6   5  75188   0
  83   51075188    0.000000   80.000000   6   5  75188   1
  84   50075189    0.000000   70.000000   6   5  75189   0
  85   50075190    0.000000   64.000000   6   5  75190   0
  86   50075191    0.000000   58.000000   6   5  75191   0
  87   50075192    0.000000   58.000000   6   5  75192   0
  88   50075193    0.000000   58.000000   6   5  75193   0
  89   50075194    0.000000   54.000000   6   5  75194   0
  90   50075195    0.000000   60.000000   6   5  75195   0
  91   50075196    0.000000   78.000000   6   5  75196   0
  92   50075197    0.000000   80.000000   6   5  75197   0
  93   50075198    0.000000  110.000000   6   5  75198   0
  94   50076183    0.000000  140.000000   6   5  76183   0
  95   51076183    0.000000  140.000000   6   5  76183   1
  96   50076184    0.000000  130.000000   6   5  76184   0
  97   50076185    0.000000  120.000000   6   5  76185   0
  98   50076186    0.000000  110.000000   6   5  76186   0
  99   50076187    0.000000   95.000000   6   5  76187   0
 100   50076188    0.000000   85.000000   6   5  76188   0
 101   50076189    0.000000   76.000000   6   5  76189   0
 102   51076189    0.000000   76.000000   6   5  76189   1
 103   50076190    0.000000   68.000000   6   5  76190   0
 104   51076190    0.000000   68.000000   6   5  76190   1
 105   50076191    0.000000   60.000000   6   5  76191   0
 106   51076191    0.000000   60.000000   6   5  76191   1
 107   50076192    0.000000   52.000000   6   5  76192   0
 108   50076193    0.000000   44.000000   6   5  76193   0
 109   50076194    0.000000   36.000000   6   5  76194   0
 110   50076195    0.000000   32.000000   6   5  76195   0
 111   50076196    0.000000   40.000000   6   5  76196   0
 112   50076197    0.000000   50.000000   6   5  76197   0
 113   50076198    0.000000   58.000000   6   5  76198   0
 114   50076199    0.000000   74.000000   6   5  76199   0
 115   50076200    0.000000   80.000000   6   5  76200   0
 116   50076201    0.000000  120.000000   6   5  76201   0
 117   50077184    0.000000  140.000000   6   5  77184   0
 118   50077185    0.000000  130.000000   6   5  77185   0
 119   50077186    0.000000  120.000000   6   5  77186   0
 120   51077186    0.000000  120.000000   6   5  77186   1
 121   50077187    0.000000  110.000000   6   5  77187   0
 122   50077188    0.000000   95.000000   6   5  77188   0
 123   50077189    0.000000   85.000000   6   5  77189   0
 124   50077190    0.000000   80.000000   6   5  77190   0
 125   51077190    0.000000   80.000000   6   5  77190   1
 126   52077190    0.000000   80.000000   6   5  77190   2
 127   50077191    0.000000   72.000000   6   5  77191   0
 128   51077191    0.000000   72.000000   6   5  77191   1
 129   50077192    0.000000   64.000000   6   5  77192   0
 130   51077192    0.000000   64.000000   6   5  77192   1
 131   52077192    0.000000   64.000000   6   5  77192   2
 132   50077193    0.000000   56.000000   6   5  77193   0
 133   51077193    0.000000   56.000000   6   5  77193   1
 134   50077194    0.000000   48.000000   6   5  77194   0
 135   51077194    0.000000   48.000000   6   5  77194   1
 136   50077195    0.000000   40.000000   6   5  77195   0
 137   51077195    0.000000   40.000000   6   5  77195   1
 138   50077196    0.000000   32.000000   6   5  77196   0
 139   50077197    0.000000   32.000000   6   5  77197   0
 140   51077197    0.000000   32.000000   6   5  77197   1
 141   50077198    0.000000   28.000000   6   5  77198   0
 142   50077199    0.000000   40.000000   6   5  77199   0
 143   50077200    0.000000   50.000000   6   5  77200   0
 144   50077201    0.000000   58.000000   6   5  77201   0
 145   50077202    0.000000   80.000000   6   5  77202   0
 146   50078185    0.000000  150.000000   6   5  78185   0
 147   51078185    0.000000  150.000000   6   5  78185   1
 148   50078186    0.000000  130.000000   6   5  78186   0
 149   50078187    0.000000  120.000000   6   5  78187   0
 150   50078188    0.000000  110.000000   6   5  78188   0
 151   50078189    0.000000  100.000000   6   5  78189   0
 152   50078190    0.000000   90.000000   6   5  78190   0
 153   50078191    0.000000   78.000000   6   5  78191   0
 154   50078192    0.000000   68.000000   6   5  78192   0
 155   50078193    0.000000   58.000000   6   5  78193   0
 156   51078193    0.000000   58.000000   6   5  78193   1
 157   50078194    0.000000   50.000000   6   5  78194   0
 158   50078195    0.000000   40.000000   6   5  78195   0
 159   51078195    0.000000   40.000000   6   5  78195   1
 160   50078196    0.000000   34.000000   6   5  78196   0
 161   50078197    0.000000   26.000000   6   5  78197   0
 162   51078197    0.000000   26.000000   6   5  78197   1
 163   50078198    0.000000   18.000000   6   5  78198   0
 164   50078199    0.000000   12.000000   6   5  78199   0
 165   51078199    0.000000   13.000000   6   5  78199   1
 166   50078200    0.000000   24.000000   6   5  78200   0
 167   50078201    0.000000   28.000000   6   5  78201   0
 168   50078202    0.000000   40.000000   6   5  78202   0
 169   50078203    0.000000   52.000000   6   5  78203   0
 170   50079186    0.000000  150.000000   6   5  79186   0
 171   50079187    0.000000  140.000000   6   5  79187   0
 172   51079187    0.000000  140.000000   6   5  79187   1
 173   50079188    0.000000  130.000000   6   5  79188   0
 174   50079189    0.000000  120.000000   6   5  79189   0
 175   51079189    0.000000  120.000000   6   5  79189   1
 176   50079190    0.000000  110.000000   6   5  79190   0
 177   51079190    0.000000  110.000000   6   5  79190   1
 178   50079191    0.000000   95.000000   6   5  79191   0
 179   51079191    0.000000   95.000000   6   5  79191   1
 180   50079192    0.000000   85.000000   6   5  79192   0
 181   51079192    0.000000   90.000000   6   5  79192   1
 182   50079193    0.000000   76.000000   6   5  79193   0
 183   51079193    0.000000   76.000000   6   5  79193   1
 184   50079194    0.000000   68.000000   6   5  79194   0
 185   51079194    0.000000   68.000000   6   5  79194   1
 186   52079194    0.000000   68.000000   6   5  79194   2
 187   50079195    0.000000   58.000000   6   5  79195   0
 188   51079195    0.000000   58.000000   6   5  79195   1
 189   50079196    0.000000   50.000000   6   5  79196   0
 190   51079196    0.000000   50.000000   6   5  79196   1
 191   50079197    0.000000   42.000000   6   5  79197   0
 192   51079197    0.000000   42.000000   6   5  79197   1
 193   50079198    0.000000   36.000000   6   5  79198   0
 194   50079199    0.000000   27.000000   6   5  79199   0
 195   50079200    0.000000   20.000000   6   5  79200   0
 196   50079201    0.000000   18.500000   6   5  79201   0
 197   50079202    0.000000   14.500000   6   5  79202   0
 198   50079203    0.000000   28.000000   6   5  79203   0
 199   50079204    0.000000   30.000000   6   5  79204   0
 200   50080187    0.000000  160.000000   6   5  80187   0
 201   51080187    0.000000  160.000000   6   5  80187   1
 202   50080188    0.000000  140.000000   6   5  80188   0
 203   50080189    0.000000  130.000000   6   5  80189   0
 204   51080189    0.000000  130.000000   6   5  80189   1
 205   50080190    0.000000  120.000000   6   5  80190   0
 206   50080191    0.000000  110.000000   6   5  80191   0
 207   51080191    0.000000  110.000000   6   5  80191   1
 208   50080192    0.000000   95.000000   6   5  80192   0
 209   50080193    0.000000   90.000000   6   5  80193   0
 210   51080193    0.000000   90.000000   6   5  80193   1
 211   50080194    0.000000   78.000000   6   5  80194   0
 212   50080195    0.000000   68.000000   6   5  80195   0
 213   51080195    0.000000   68.000000   6   5  80195   1
 214   50080196    0.000000   58.000000   6   5  80196   0
 215   50080197    0.000000   50.000000   6   5  80197   0
 216   51080197    0.000000   50.000000   6   5  80197   1
 217   50080198    0.000000   40.000000   6   5  80198   0
 218   50080199    0.000000   34.000000   6   5  80199   0
 219   51080199    0.000000   34.000000   6   5  80199   1
 220   50080200    0.000000   25.000000   6   5  80200   0
 221   50080201    0.000000   17.000000   6   5  80201   0
 222   50080202    0.000000   10.500000   6   5  80202   0
 223   50080203    0.000000    2.500000   6   5  80203   0
 224   50080204    0.000000   15.000000   6   5  80204   0
 225   50080205    0.000000   17.000000   6   5  80205   0
 226   50081188    0.000000  170.000000   6   5  81188   0
 227   51081188    0.000000  170.000000   6   5  81188   1
 228   50081189    0.000000  150.000000   6   5  81189   0
 229   51081189    0.000000  150.000000   6   5  81189   1
 230   50081190    0.000000  150.000000   6   5  81190   0
 231   50081191    0.000000  130.000000   6   5  81191   0
 232   51081191    0.000000  130.000000   6   5  81191   1
 233   50081192    0.000000  120.000000   6   5  81192   0
 234   51081192    0.000000  120.000000   6   5  81192   1
 235   50081193    0.000000  110.000000   6   5  81193   0
 236   51081193    0.000000  110.000000   6   5  81193   1
 237   50081194    0.000000  100.000000   6   5  81194   0
 238   51081194    0.000000  100.000000   6   5  81194   1
 239   50081195    0.000000   90.000000   6   5  81195   0
 240   51081195    0.000000   90.000000   6   5  81195   1
 241   50081196    0.000000   80.000000   6   5  81196   0
 242   50081197    0.000000   70.000000   6   5  81197   0
 243   51081197    0.000000   72.000000   6   5  81197   1
 244   50081198    0.000000   62.000000   6   5  81198   0
 245   51081198    0.000000   64.000000   6   5  81198   1
 246   50081199    0.000000   54.000000   6   5  81199   0
 247   50081200    0.000000   46.000000   6   5  81200   0
 248   50081201    0.000000   36.000000   6   5  81201   0
 249   50081202    0.000000   29.000000   6   5  81202   0
 250   50081203    0.000000   21.000000   6   5  81203   0
 251   50081204    0.000000   14.000000   6   5  81204   0
 252   50081205    0.000000   12.500000   6   5  81205   0
 253   50081206    0.000000    8.000000   6   5  81206   0
 254   50082189    0.000000  170.000000   6   5  82189   0
 255   51082189    0.000000  170.000000   6   5  82189   1
 256   50082190    0.000000  160.000000   6   5  82190   0
 257   50082191    0.000000  150.000000   6   5  82191   0
 258   51082191    0.000000  150.000000   6   5  82191   1
 259   50082192    0.000000  140.000000   6   5  82192   0
 260   50082193    0.000000  130.000000   6   5  82193   0
 261   51082193    0.000000  130.000000   6   5  82193   1
 262   50082194    0.000000  120.000000   6   5  82194   0
 263   50082195    0.000000  110.000000   6   5  82195   0
 264   51082195    0.000000  110.000000   6   5  82195   1
 265   50082196    0.000000   95.000000   6   5  82196   0
 266   50082197    0.000000   85.000000   6   5  82197   0
 267   51082197    0.000000   85.000000   6   5  82197   1
 268   50082198    0.000000   74.000000   6   5  82198   0
 269   50082199    0.000000   66.000000   6   5  82199   0
 270   51082199    0.000000   66.000000   6   5  82199   1
 271   50082200    0.000000   56.000000   6   5  82200   0
 272   50082201    0.000000   48.000000   6   5  82201   0
 273   51082201    0.000000   48.000000   6   5  82201   1
 274   50082202    0.000000   38.000000   6   5  82202   0
 275   51082202    0.000000   42.000000   6   5  82202   1
 276   50082203    0.000000   32.000000   6   5  82203   0
 277   51082203    0.000000   32.000000   6   5  82203   1
 278   50082204    0.000000   22.000000   6   5  82204   0
 279   51082204    0.000000   25.000000   6   5  82204   1
 280   50082205    0.000000   15.000000   6   5  82205   0
 281   50082206    0.000000    7.000000   6   5  82206   0
 282   50082207    0.000000    1.000000   6   5  82207   0
 283   51082207    0.000000    4.000000   6   5  82207   1
 
   p   ZAP IP   NR    Tp [MeV]
   1     1  1    2    6.737780
   2     0  2    1    1.000000
   3  1001  9    1    7.487651
   4  1002 31    1   12.500000
   5  1003 32    1   14.000000
   6  2003 33    1   15.000000
   7  2004 34    1    2.500000
--------------------------------------------------------------------------------
 
