 
--------------------------------------------------------------------------------
 82-Pb-206   T= 0.00 K from IAEA/PD-2019       (ACEMAKER)
 ZAID= 82206.38u  MAT=8231  ZA= 82206
 AWR= 204.205000  STA=  0  ELIS=   0.000 MeV  LIS=  0  LISO=  0
--------------------------------------------------------------------------------
 NTOTR= 296 NTRAN=   2 NPROD= 294 NE=     133 EMAX= 200.000 MeV
   i     MT/MTD     Q [MeV]     T [MeV] LMF  MT    ZAP LFS
   1          5    0.000000    1.000000   3   5
   2         18  153.582000   18.500000   3  18
   3   50067173    0.000000  180.000000   6   5  67173   0
   4   50067174    0.000000  180.000000   6   5  67174   0
   5   50067175    0.000000  180.000000   6   5  67175   0
   6   50068174    0.000000  150.000000   6   5  68174   0
   7   50068175    0.000000  150.000000   6   5  68175   0
   8   50068176    0.000000  150.000000   6   5  68176   0
   9   50068177    0.000000  150.000000   6   5  68177   0
  10   50069175    0.000000  150.000000   6   5  69175   0
  11   50069176    0.000000  150.000000   6   5  69176   0
  12   50069177    0.000000  150.000000   6   5  69177   0
  13   50069178    0.000000  150.000000   6   5  69178   0
  14   50069179    0.000000  150.000000   6   5  69179   0
  15   50070176    0.000000  140.000000   6   5  70176   0
  16   51070176    0.000000  140.000000   6   5  70176   1
  17   50070177    0.000000  130.000000   6   5  70177   0
  18   51070177    0.000000  130.000000   6   5  70177   1
  19   50070178    0.000000  130.000000   6   5  70178   0
  20   50070179    0.000000  120.000000   6   5  70179   0
  21   50070180    0.000000  120.000000   6   5  70180   0
  22   50070181    0.000000  120.000000   6   5  70181   0
  23   50071177    0.000000  140.000000   6   5  71177   0
  24   51071177    0.000000  140.000000   6   5  71177   1
  25   50071178    0.000000  130.000000   6   5  71178   0
  26   51071178    0.000000  130.000000   6   5  71178   1
  27   50071179    0.000000  130.000000   6   5  71179   0
  28   50071180    0.000000  120.000000   6   5  71180   0
  29   50071181    0.000000  120.000000   6   5  71181   0
  30   50071182    0.000000  120.000000   6   5  71182   0
  31   50071183    0.000000  120.000000   6   5  71183   0
  32   50071184    0.000000  120.000000   6   5  71184   0
  33   50071185    0.000000  120.000000   6   5  71185   0
  34   50072178    0.000000  130.000000   6   5  72178   0
  35   51072178    0.000000  130.000000   6   5  72178   1
  36   50072179    0.000000  130.000000   6   5  72179   0
  37   51072179    0.000000  130.000000   6   5  72179   1
  38   50072180    0.000000  120.000000   6   5  72180   0
  39   51072180    0.000000  120.000000   6   5  72180   1
  40   50072181    0.000000  110.000000   6   5  72181   0
  41   50072182    0.000000  100.000000   6   5  72182   0
  42   51072182    0.000000  100.000000   6   5  72182   1
  43   50072183    0.000000   95.000000   6   5  72183   0
  44   50072184    0.000000   90.000000   6   5  72184   0
  45   50072185    0.000000   90.000000   6   5  72185   0
  46   50072186    0.000000   90.000000   6   5  72186   0
  47   50072187    0.000000   95.000000   6   5  72187   0
  48   50072188    0.000000  110.000000   6   5  72188   0
  49   50072189    0.000000  130.000000   6   5  72189   0
  50   50073179    0.000000  130.000000   6   5  73179   0
  51   50073180    0.000000  130.000000   6   5  73180   0
  52   51073180    0.000000  130.000000   6   5  73180   1
  53   50073181    0.000000  120.000000   6   5  73181   0
  54   50073182    0.000000  110.000000   6   5  73182   0
  55   51073182    0.000000  110.000000   6   5  73182   1
  56   52073182    0.000000  110.000000   6   5  73182   2
  57   50073183    0.000000  100.000000   6   5  73183   0
  58   50073184    0.000000   95.000000   6   5  73184   0
  59   50073185    0.000000   90.000000   6   5  73185   0
  60   50073186    0.000000   90.000000   6   5  73186   0
  61   50073187    0.000000   85.000000   6   5  73187   0
  62   50073188    0.000000   85.000000   6   5  73188   0
  63   50073189    0.000000   85.000000   6   5  73189   0
  64   50073190    0.000000   90.000000   6   5  73190   0
  65   50073191    0.000000  110.000000   6   5  73191   0
  66   50073192    0.000000  140.000000   6   5  73192   0
  67   50074180    0.000000  130.000000   6   5  74180   0
  68   50074181    0.000000  130.000000   6   5  74181   0
  69   50074182    0.000000  120.000000   6   5  74182   0
  70   50074183    0.000000  110.000000   6   5  74183   0
  71   51074183    0.000000  110.000000   6   5  74183   1
  72   50074184    0.000000   95.000000   6   5  74184   0
  73   50074185    0.000000   85.000000   6   5  74185   0
  74   51074185    0.000000   85.000000   6   5  74185   1
  75   50074186    0.000000   78.000000   6   5  74186   0
  76   50074187    0.000000   72.000000   6   5  74187   0
  77   50074188    0.000000   66.000000   6   5  74188   0
  78   50074189    0.000000   60.000000   6   5  74189   0
  79   50074190    0.000000   58.000000   6   5  74190   0
  80   50074191    0.000000   62.000000   6   5  74191   0
  81   50074192    0.000000   74.000000   6   5  74192   0
  82   50074193    0.000000   85.000000   6   5  74193   0
  83   50074194    0.000000  100.000000   6   5  74194   0
  84   50075181    0.000000  130.000000   6   5  75181   0
  85   50075182    0.000000  130.000000   6   5  75182   0
  86   51075182    0.000000  130.000000   6   5  75182   1
  87   50075183    0.000000  120.000000   6   5  75183   0
  88   50075184    0.000000  110.000000   6   5  75184   0
  89   51075184    0.000000  110.000000   6   5  75184   1
  90   50075185    0.000000   95.000000   6   5  75185   0
  91   50075186    0.000000   85.000000   6   5  75186   0
  92   51075186    0.000000   85.000000   6   5  75186   1
  93   50075187    0.000000   78.000000   6   5  75187   0
  94   50075188    0.000000   72.000000   6   5  75188   0
  95   51075188    0.000000   72.000000   6   5  75188   1
  96   50075189    0.000000   66.000000   6   5  75189   0
  97   50075190    0.000000   60.000000   6   5  75190   0
  98   50075191    0.000000   58.000000   6   5  75191   0
  99   50075192    0.000000   58.000000   6   5  75192   0
 100   50075193    0.000000   56.000000   6   5  75193   0
 101   50075194    0.000000   62.000000   6   5  75194   0
 102   50075195    0.000000   74.000000   6   5  75195   0
 103   50075196    0.000000   85.000000   6   5  75196   0
 104   50075197    0.000000  110.000000   6   5  75197   0
 105   50075198    0.000000  150.000000   6   5  75198   0
 106   50076182    0.000000  140.000000   6   5  76182   0
 107   50076183    0.000000  130.000000   6   5  76183   0
 108   51076183    0.000000  130.000000   6   5  76183   1
 109   50076184    0.000000  120.000000   6   5  76184   0
 110   50076185    0.000000  110.000000   6   5  76185   0
 111   50076186    0.000000   95.000000   6   5  76186   0
 112   50076187    0.000000   85.000000   6   5  76187   0
 113   50076188    0.000000   76.000000   6   5  76188   0
 114   50076189    0.000000   68.000000   6   5  76189   0
 115   51076189    0.000000   68.000000   6   5  76189   1
 116   50076190    0.000000   60.000000   6   5  76190   0
 117   51076190    0.000000   60.000000   6   5  76190   1
 118   50076191    0.000000   52.000000   6   5  76191   0
 119   51076191    0.000000   52.000000   6   5  76191   1
 120   50076192    0.000000   44.000000   6   5  76192   0
 121   50076193    0.000000   36.000000   6   5  76193   0
 122   50076194    0.000000   30.000000   6   5  76194   0
 123   50076195    0.000000   42.000000   6   5  76195   0
 124   50076196    0.000000   50.000000   6   5  76196   0
 125   50076197    0.000000   60.000000   6   5  76197   0
 126   50076198    0.000000   72.000000   6   5  76198   0
 127   50076199    0.000000   85.000000   6   5  76199   0
 128   50076200    0.000000  150.000000   6   5  76200   0
 129   50077183    0.000000  140.000000   6   5  77183   0
 130   50077184    0.000000  130.000000   6   5  77184   0
 131   50077185    0.000000  120.000000   6   5  77185   0
 132   50077186    0.000000  110.000000   6   5  77186   0
 133   51077186    0.000000  110.000000   6   5  77186   1
 134   50077187    0.000000   95.000000   6   5  77187   0
 135   50077188    0.000000   90.000000   6   5  77188   0
 136   50077189    0.000000   80.000000   6   5  77189   0
 137   50077190    0.000000   72.000000   6   5  77190   0
 138   51077190    0.000000   72.000000   6   5  77190   1
 139   52077190    0.000000   74.000000   6   5  77190   2
 140   50077191    0.000000   64.000000   6   5  77191   0
 141   51077191    0.000000   64.000000   6   5  77191   1
 142   50077192    0.000000   56.000000   6   5  77192   0
 143   51077192    0.000000   56.000000   6   5  77192   1
 144   52077192    0.000000   56.000000   6   5  77192   2
 145   50077193    0.000000   48.000000   6   5  77193   0
 146   51077193    0.000000   48.000000   6   5  77193   1
 147   50077194    0.000000   40.000000   6   5  77194   0
 148   51077194    0.000000   40.000000   6   5  77194   1
 149   50077195    0.000000   32.000000   6   5  77195   0
 150   51077195    0.000000   34.000000   6   5  77195   1
 151   50077196    0.000000   30.000000   6   5  77196   0
 152   50077197    0.000000   29.000000   6   5  77197   0
 153   51077197    0.000000   29.000000   6   5  77197   1
 154   50077198    0.000000   42.000000   6   5  77198   0
 155   50077199    0.000000   46.000000   6   5  77199   0
 156   50077200    0.000000   60.000000   6   5  77200   0
 157   50077201    0.000000   85.000000   6   5  77201   0
 158   50078184    0.000000  150.000000   6   5  78184   0
 159   50078185    0.000000  140.000000   6   5  78185   0
 160   51078185    0.000000  140.000000   6   5  78185   1
 161   50078186    0.000000  120.000000   6   5  78186   0
 162   50078187    0.000000  110.000000   6   5  78187   0
 163   50078188    0.000000  100.000000   6   5  78188   0
 164   50078189    0.000000   90.000000   6   5  78189   0
 165   50078190    0.000000   78.000000   6   5  78190   0
 166   50078191    0.000000   68.000000   6   5  78191   0
 167   50078192    0.000000   60.000000   6   5  78192   0
 168   50078193    0.000000   50.000000   6   5  78193   0
 169   51078193    0.000000   50.000000   6   5  78193   1
 170   50078194    0.000000   42.000000   6   5  78194   0
 171   50078195    0.000000   32.000000   6   5  78195   0
 172   51078195    0.000000   32.000000   6   5  78195   1
 173   50078196    0.000000   25.000000   6   5  78196   0
 174   50078197    0.000000   18.500000   6   5  78197   0
 175   51078197    0.000000   19.500000   6   5  78197   1
 176   50078198    0.000000   10.500000   6   5  78198   0
 177   50078199    0.000000   25.000000   6   5  78199   0
 178   51078199    0.000000   25.000000   6   5  78199   1
 179   50078200    0.000000   27.000000   6   5  78200   0
 180   50078201    0.000000   42.000000   6   5  78201   0
 181   50078202    0.000000   46.000000   6   5  78202   0
 182   50079185    0.000000  150.000000   6   5  79185   0
 183   51079185    0.000000  150.000000   6   5  79185   1
 184   50079186    0.000000  140.000000   6   5  79186   0
 185   50079187    0.000000  130.000000   6   5  79187   0
 186   51079187    0.000000  130.000000   6   5  79187   1
 187   50079188    0.000000  120.000000   6   5  79188   0
 188   50079189    0.000000  110.000000   6   5  79189   0
 189   51079189    0.000000  110.000000   6   5  79189   1
 190   50079190    0.000000  100.000000   6   5  79190   0
 191   51079190    0.000000  100.000000   6   5  79190   1
 192   50079191    0.000000   85.000000   6   5  79191   0
 193   51079191    0.000000   85.000000   6   5  79191   1
 194   50079192    0.000000   78.000000   6   5  79192   0
 195   51079192    0.000000   78.000000   6   5  79192   1
 196   50079193    0.000000   68.000000   6   5  79193   0
 197   51079193    0.000000   68.000000   6   5  79193   1
 198   50079194    0.000000   60.000000   6   5  79194   0
 199   51079194    0.000000   60.000000   6   5  79194   1
 200   52079194    0.000000   62.000000   6   5  79194   2
 201   50079195    0.000000   50.000000   6   5  79195   0
 202   51079195    0.000000   52.000000   6   5  79195   1
 203   50079196    0.000000   44.000000   6   5  79196   0
 204   51079196    0.000000   44.000000   6   5  79196   1
 205   50079197    0.000000   34.000000   6   5  79197   0
 206   51079197    0.000000   36.000000   6   5  79197   1
 207   50079198    0.000000   28.000000   6   5  79198   0
 208   50079199    0.000000   20.000000   6   5  79199   0
 209   50079200    0.000000   19.000000   6   5  79200   0
 210   50079201    0.000000   13.500000   6   5  79201   0
 211   50079202    0.000000   28.000000   6   5  79202   0
 212   50079203    0.000000   29.000000   6   5  79203   0
 213   50080186    0.000000  160.000000   6   5  80186   0
 214   50080187    0.000000  150.000000   6   5  80187   0
 215   51080187    0.000000  150.000000   6   5  80187   1
 216   50080188    0.000000  130.000000   6   5  80188   0
 217   50080189    0.000000  120.000000   6   5  80189   0
 218   51080189    0.000000  120.000000   6   5  80189   1
 219   50080190    0.000000  110.000000   6   5  80190   0
 220   50080191    0.000000  100.000000   6   5  80191   0
 221   51080191    0.000000  100.000000   6   5  80191   1
 222   50080192    0.000000   90.000000   6   5  80192   0
 223   50080193    0.000000   78.000000   6   5  80193   0
 224   51080193    0.000000   78.000000   6   5  80193   1
 225   50080194    0.000000   68.000000   6   5  80194   0
 226   50080195    0.000000   60.000000   6   5  80195   0
 227   51080195    0.000000   60.000000   6   5  80195   1
 228   50080196    0.000000   50.000000   6   5  80196   0
 229   50080197    0.000000   42.000000   6   5  80197   0
 230   51080197    0.000000   42.000000   6   5  80197   1
 231   50080198    0.000000   32.000000   6   5  80198   0
 232   50080199    0.000000   25.000000   6   5  80199   0
 233   51080199    0.000000   25.000000   6   5  80199   1
 234   50080200    0.000000   18.000000   6   5  80200   0
 235   50080201    0.000000   10.000000   6   5  80201   0
 236   50080202    0.000000    1.500000   6   5  80202   0
 237   50080203    0.000000   16.000000   6   5  80203   0
 238   50080204    0.000000   16.000000   6   5  80204   0
 239   50081187    0.000000  170.000000   6   5  81187   0
 240   51081187    0.000000  170.000000   6   5  81187   1
 241   50081188    0.000000  160.000000   6   5  81188   0
 242   51081188    0.000000  160.000000   6   5  81188   1
 243   50081189    0.000000  150.000000   6   5  81189   0
 244   51081189    0.000000  150.000000   6   5  81189   1
 245   50081190    0.000000  140.000000   6   5  81190   0
 246   50081191    0.000000  120.000000   6   5  81191   0
 247   51081191    0.000000  120.000000   6   5  81191   1
 248   50081192    0.000000  120.000000   6   5  81192   0
 249   51081192    0.000000  120.000000   6   5  81192   1
 250   50081193    0.000000  100.000000   6   5  81193   0
 251   51081193    0.000000  100.000000   6   5  81193   1
 252   50081194    0.000000   95.000000   6   5  81194   0
 253   51081194    0.000000   95.000000   6   5  81194   1
 254   50081195    0.000000   80.000000   6   5  81195   0
 255   51081195    0.000000   85.000000   6   5  81195   1
 256   50081196    0.000000   72.000000   6   5  81196   0
 257   50081197    0.000000   64.000000   6   5  81197   0
 258   51081197    0.000000   64.000000   6   5  81197   1
 259   50081198    0.000000   56.000000   6   5  81198   0
 260   51081198    0.000000   56.000000   6   5  81198   1
 261   50081199    0.000000   46.000000   6   5  81199   0
 262   50081200    0.000000   38.000000   6   5  81200   0
 263   50081201    0.000000   29.000000   6   5  81201   0
 264   50081202    0.000000   22.000000   6   5  81202   0
 265   50081203    0.000000   14.000000   6   5  81203   0
 266   50081204    0.000000   13.500000   6   5  81204   0
 267   50081205    0.000000    8.000000   6   5  81205   0
 268   50082188    0.000000  180.000000   6   5  82188   0
 269   50082189    0.000000  170.000000   6   5  82189   0
 270   51082189    0.000000  170.000000   6   5  82189   1
 271   50082190    0.000000  150.000000   6   5  82190   0
 272   50082191    0.000000  140.000000   6   5  82191   0
 273   51082191    0.000000  140.000000   6   5  82191   1
 274   50082192    0.000000  130.000000   6   5  82192   0
 275   50082193    0.000000  120.000000   6   5  82193   0
 276   51082193    0.000000  120.000000   6   5  82193   1
 277   50082194    0.000000  110.000000   6   5  82194   0
 278   50082195    0.000000   95.000000   6   5  82195   0
 279   51082195    0.000000   95.000000   6   5  82195   1
 280   50082196    0.000000   85.000000   6   5  82196   0
 281   50082197    0.000000   76.000000   6   5  82197   0
 282   51082197    0.000000   78.000000   6   5  82197   1
 283   50082198    0.000000   66.000000   6   5  82198   0
 284   50082199    0.000000   58.000000   6   5  82199   0
 285   51082199    0.000000   58.000000   6   5  82199   1
 286   50082200    0.000000   48.000000   6   5  82200   0
 287   50082201    0.000000   40.000000   6   5  82201   0
 288   51082201    0.000000   42.000000   6   5  82201   1
 289   50082202    0.000000   32.000000   6   5  82202   0
 290   51082202    0.000000   34.000000   6   5  82202   1
 291   50082203    0.000000   24.000000   6   5  82203   0
 292   51082203    0.000000   25.000000   6   5  82203   1
 293   50082204    0.000000   15.000000   6   5  82204   0
 294   51082204    0.000000   17.500000   6   5  82204   1
 295   50082205    0.000000    8.500000   6   5  82205   0
 296   50082206    0.000000    1.000000   6   5  82206   0
 
   p   ZAP IP   NR    Tp [MeV]
   1     1  1    2    8.086662
   2     0  2    1    1.000000
   3  1001  9    1    7.500000
   4  1002 31    1   13.000000
   5  1003 32    1   14.000000
   6  2003 33    1   16.000000
   7  2004 34    1    1.500000
--------------------------------------------------------------------------------
 
