 
--------------------------------------------------------------------------------
 82-Pb-208   T= 0.00 K from IAEA/PD-2019       (ACEMAKER)
 ZAID= 82208.38u  MAT=8237  ZA= 82208
 AWR= 206.190000  STA=  0  ELIS=   0.000 MeV  LIS=  0  LISO=  0
--------------------------------------------------------------------------------
 NTOTR= 264 NTRAN=   2 NPROD= 262 NE=     139 EMAX= 200.000 MeV
   i     MT/MTD     Q [MeV]     T [MeV] LMF  MT    ZAP LFS
   1          5    0.000000    1.000000   3   5
   2         18  156.346000   18.500000   3  18
   3   50068176    0.000000  180.000000   6   5  68176   0
   4   50068177    0.000000  180.000000   6   5  68177   0
   5   50069177    0.000000  170.000000   6   5  69177   0
   6   50069178    0.000000  160.000000   6   5  69178   0
   7   50069179    0.000000  160.000000   6   5  69179   0
   8   50070178    0.000000  150.000000   6   5  70178   0
   9   50070179    0.000000  140.000000   6   5  70179   0
  10   50070180    0.000000  140.000000   6   5  70180   0
  11   50070181    0.000000  140.000000   6   5  70181   0
  12   50071179    0.000000  150.000000   6   5  71179   0
  13   50071180    0.000000  140.000000   6   5  71180   0
  14   50071181    0.000000  140.000000   6   5  71181   0
  15   50071182    0.000000  130.000000   6   5  71182   0
  16   50071183    0.000000  130.000000   6   5  71183   0
  17   50071184    0.000000  130.000000   6   5  71184   0
  18   50071185    0.000000  130.000000   6   5  71185   0
  19   50072180    0.000000  140.000000   6   5  72180   0
  20   51072180    0.000000  140.000000   6   5  72180   1
  21   50072181    0.000000  130.000000   6   5  72181   0
  22   50072182    0.000000  120.000000   6   5  72182   0
  23   51072182    0.000000  120.000000   6   5  72182   1
  24   50072183    0.000000  120.000000   6   5  72183   0
  25   50072184    0.000000  110.000000   6   5  72184   0
  26   50072185    0.000000  110.000000   6   5  72185   0
  27   50072186    0.000000  100.000000   6   5  72186   0
  28   50072187    0.000000  100.000000   6   5  72187   0
  29   50072188    0.000000  100.000000   6   5  72188   0
  30   50072189    0.000000  110.000000   6   5  72189   0
  31   50073181    0.000000  140.000000   6   5  73181   0
  32   50073182    0.000000  130.000000   6   5  73182   0
  33   51073182    0.000000  130.000000   6   5  73182   1
  34   52073182    0.000000  130.000000   6   5  73182   2
  35   50073183    0.000000  120.000000   6   5  73183   0
  36   50073184    0.000000  120.000000   6   5  73184   0
  37   50073185    0.000000  110.000000   6   5  73185   0
  38   50073186    0.000000  110.000000   6   5  73186   0
  39   50073187    0.000000  100.000000   6   5  73187   0
  40   50073188    0.000000   95.000000   6   5  73188   0
  41   50073189    0.000000   90.000000   6   5  73189   0
  42   50073190    0.000000   90.000000   6   5  73190   0
  43   50073191    0.000000   90.000000   6   5  73191   0
  44   50073192    0.000000  100.000000   6   5  73192   0
  45   50074182    0.000000  140.000000   6   5  74182   0
  46   50074183    0.000000  130.000000   6   5  74183   0
  47   51074183    0.000000  130.000000   6   5  74183   1
  48   50074184    0.000000  120.000000   6   5  74184   0
  49   50074185    0.000000  110.000000   6   5  74185   0
  50   51074185    0.000000  110.000000   6   5  74185   1
  51   50074186    0.000000  100.000000   6   5  74186   0
  52   50074187    0.000000   90.000000   6   5  74187   0
  53   50074188    0.000000   85.000000   6   5  74188   0
  54   50074189    0.000000   76.000000   6   5  74189   0
  55   50074190    0.000000   68.000000   6   5  74190   0
  56   50074191    0.000000   66.000000   6   5  74191   0
  57   50074192    0.000000   64.000000   6   5  74192   0
  58   50074193    0.000000   68.000000   6   5  74193   0
  59   50074194    0.000000   80.000000   6   5  74194   0
  60   50075183    0.000000  140.000000   6   5  75183   0
  61   50075184    0.000000  130.000000   6   5  75184   0
  62   51075184    0.000000  130.000000   6   5  75184   1
  63   50075185    0.000000  120.000000   6   5  75185   0
  64   50075186    0.000000  110.000000   6   5  75186   0
  65   51075186    0.000000  110.000000   6   5  75186   1
  66   50075187    0.000000  100.000000   6   5  75187   0
  67   50075188    0.000000   90.000000   6   5  75188   0
  68   51075188    0.000000   90.000000   6   5  75188   1
  69   50075189    0.000000   85.000000   6   5  75189   0
  70   50075190    0.000000   76.000000   6   5  75190   0
  71   50075191    0.000000   68.000000   6   5  75191   0
  72   50075192    0.000000   66.000000   6   5  75192   0
  73   50075193    0.000000   64.000000   6   5  75193   0
  74   50075194    0.000000   60.000000   6   5  75194   0
  75   50075195    0.000000   58.000000   6   5  75195   0
  76   50075196    0.000000   66.000000   6   5  75196   0
  77   50075197    0.000000   78.000000   6   5  75197   0
  78   50075198    0.000000   90.000000   6   5  75198   0
  79   50076184    0.000000  140.000000   6   5  76184   0
  80   50076185    0.000000  130.000000   6   5  76185   0
  81   50076186    0.000000  120.000000   6   5  76186   0
  82   50076187    0.000000  110.000000   6   5  76187   0
  83   50076188    0.000000  100.000000   6   5  76188   0
  84   50076189    0.000000   90.000000   6   5  76189   0
  85   51076189    0.000000   90.000000   6   5  76189   1
  86   50076190    0.000000   78.000000   6   5  76190   0
  87   51076190    0.000000   78.000000   6   5  76190   1
  88   50076191    0.000000   70.000000   6   5  76191   0
  89   51076191    0.000000   70.000000   6   5  76191   1
  90   50076192    0.000000   62.000000   6   5  76192   0
  91   50076193    0.000000   54.000000   6   5  76193   0
  92   50076194    0.000000   46.000000   6   5  76194   0
  93   50076195    0.000000   40.000000   6   5  76195   0
  94   50076196    0.000000   34.000000   6   5  76196   0
  95   50076197    0.000000   46.000000   6   5  76197   0
  96   50076198    0.000000   52.000000   6   5  76198   0
  97   50076199    0.000000   64.000000   6   5  76199   0
  98   50076200    0.000000   76.000000   6   5  76200   0
  99   50076201    0.000000   95.000000   6   5  76201   0
 100   50076202    0.000000  180.000000   6   5  76202   0
 101   50077185    0.000000  140.000000   6   5  77185   0
 102   50077186    0.000000  130.000000   6   5  77186   0
 103   51077186    0.000000  130.000000   6   5  77186   1
 104   50077187    0.000000  120.000000   6   5  77187   0
 105   50077188    0.000000  110.000000   6   5  77188   0
 106   50077189    0.000000  100.000000   6   5  77189   0
 107   50077190    0.000000   90.000000   6   5  77190   0
 108   51077190    0.000000   90.000000   6   5  77190   1
 109   52077190    0.000000   90.000000   6   5  77190   2
 110   50077191    0.000000   80.000000   6   5  77191   0
 111   51077191    0.000000   80.000000   6   5  77191   1
 112   50077192    0.000000   74.000000   6   5  77192   0
 113   51077192    0.000000   74.000000   6   5  77192   1
 114   52077192    0.000000   74.000000   6   5  77192   2
 115   50077193    0.000000   64.000000   6   5  77193   0
 116   51077193    0.000000   64.000000   6   5  77193   1
 117   50077194    0.000000   56.000000   6   5  77194   0
 118   51077194    0.000000   56.000000   6   5  77194   1
 119   50077195    0.000000   50.000000   6   5  77195   0
 120   51077195    0.000000   50.000000   6   5  77195   1
 121   50077196    0.000000   40.000000   6   5  77196   0
 122   50077197    0.000000   34.000000   6   5  77197   0
 123   51077197    0.000000   36.000000   6   5  77197   1
 124   50077198    0.000000   34.000000   6   5  77198   0
 125   50077199    0.000000   28.000000   6   5  77199   0
 126   50077200    0.000000   44.000000   6   5  77200   0
 127   50077201    0.000000   52.000000   6   5  77201   0
 128   50077202    0.000000   64.000000   6   5  77202   0
 129   50077203    0.000000   95.000000   6   5  77203   0
 130   50078186    0.000000  150.000000   6   5  78186   0
 131   50078187    0.000000  130.000000   6   5  78187   0
 132   50078188    0.000000  120.000000   6   5  78188   0
 133   50078189    0.000000  110.000000   6   5  78189   0
 134   50078190    0.000000  100.000000   6   5  78190   0
 135   50078191    0.000000   90.000000   6   5  78191   0
 136   50078192    0.000000   78.000000   6   5  78192   0
 137   50078193    0.000000   68.000000   6   5  78193   0
 138   51078193    0.000000   68.000000   6   5  78193   1
 139   50078194    0.000000   60.000000   6   5  78194   0
 140   50078195    0.000000   50.000000   6   5  78195   0
 141   51078195    0.000000   50.000000   6   5  78195   1
 142   50078196    0.000000   42.000000   6   5  78196   0
 143   50078197    0.000000   36.000000   6   5  78197   0
 144   51078197    0.000000   36.000000   6   5  78197   1
 145   50078198    0.000000   26.000000   6   5  78198   0
 146   50078199    0.000000   19.500000   6   5  78199   0
 147   51078199    0.000000   20.000000   6   5  78199   1
 148   50078200    0.000000   12.000000   6   5  78200   0
 149   50078201    0.000000   27.000000   6   5  78201   0
 150   50078202    0.000000   28.000000   6   5  78202   0
 151   50078203    0.000000   44.000000   6   5  78203   0
 152   50078204    0.000000   52.000000   6   5  78204   0
 153   50079187    0.000000  150.000000   6   5  79187   0
 154   51079187    0.000000  150.000000   6   5  79187   1
 155   50079188    0.000000  140.000000   6   5  79188   0
 156   50079189    0.000000  130.000000   6   5  79189   0
 157   51079189    0.000000  130.000000   6   5  79189   1
 158   50079190    0.000000  120.000000   6   5  79190   0
 159   51079190    0.000000  120.000000   6   5  79190   1
 160   50079191    0.000000  110.000000   6   5  79191   0
 161   51079191    0.000000  110.000000   6   5  79191   1
 162   50079192    0.000000   95.000000   6   5  79192   0
 163   51079192    0.000000   95.000000   6   5  79192   1
 164   50079193    0.000000   85.000000   6   5  79193   0
 165   51079193    0.000000   85.000000   6   5  79193   1
 166   50079194    0.000000   76.000000   6   5  79194   0
 167   51079194    0.000000   76.000000   6   5  79194   1
 168   52079194    0.000000   78.000000   6   5  79194   2
 169   50079195    0.000000   68.000000   6   5  79195   0
 170   51079195    0.000000   68.000000   6   5  79195   1
 171   50079196    0.000000   60.000000   6   5  79196   0
 172   51079196    0.000000   60.000000   6   5  79196   1
 173   50079197    0.000000   50.000000   6   5  79197   0
 174   51079197    0.000000   52.000000   6   5  79197   1
 175   50079198    0.000000   44.000000   6   5  79198   0
 176   50079199    0.000000   34.000000   6   5  79199   0
 177   50079200    0.000000   28.000000   6   5  79200   0
 178   50079201    0.000000   21.000000   6   5  79201   0
 179   50079202    0.000000   20.000000   6   5  79202   0
 180   50079203    0.000000   14.500000   6   5  79203   0
 181   50079204    0.000000   30.000000   6   5  79204   0
 182   50079205    0.000000   30.000000   6   5  79205   0
 183   50080188    0.000000  160.000000   6   5  80188   0
 184   50080189    0.000000  140.000000   6   5  80189   0
 185   51080189    0.000000  140.000000   6   5  80189   1
 186   50080190    0.000000  130.000000   6   5  80190   0
 187   50080191    0.000000  120.000000   6   5  80191   0
 188   51080191    0.000000  120.000000   6   5  80191   1
 189   50080192    0.000000  110.000000   6   5  80192   0
 190   50080193    0.000000   95.000000   6   5  80193   0
 191   51080193    0.000000   95.000000   6   5  80193   1
 192   50080194    0.000000   85.000000   6   5  80194   0
 193   50080195    0.000000   76.000000   6   5  80195   0
 194   51080195    0.000000   76.000000   6   5  80195   1
 195   50080196    0.000000   66.000000   6   5  80196   0
 196   50080197    0.000000   58.000000   6   5  80197   0
 197   51080197    0.000000   58.000000   6   5  80197   1
 198   50080198    0.000000   50.000000   6   5  80198   0
 199   50080199    0.000000   42.000000   6   5  80199   0
 200   51080199    0.000000   42.000000   6   5  80199   1
 201   50080200    0.000000   34.000000   6   5  80200   0
 202   50080201    0.000000   25.000000   6   5  80201   0
 203   50080202    0.000000   18.000000   6   5  80202   0
 204   50080203    0.000000   11.000000   6   5  80203   0
 205   50080204    0.000000    2.000000   6   5  80204   0
 206   50080205    0.000000   17.000000   6   5  80205   0
 207   50080206    0.000000   18.000000   6   5  80206   0
 208   50081189    0.000000  160.000000   6   5  81189   0
 209   51081189    0.000000  160.000000   6   5  81189   1
 210   50081190    0.000000  150.000000   6   5  81190   0
 211   50081191    0.000000  140.000000   6   5  81191   0
 212   51081191    0.000000  140.000000   6   5  81191   1
 213   50081192    0.000000  130.000000   6   5  81192   0
 214   51081192    0.000000  130.000000   6   5  81192   1
 215   50081193    0.000000  120.000000   6   5  81193   0
 216   51081193    0.000000  120.000000   6   5  81193   1
 217   50081194    0.000000  110.000000   6   5  81194   0
 218   51081194    0.000000  110.000000   6   5  81194   1
 219   50081195    0.000000  100.000000   6   5  81195   0
 220   51081195    0.000000  100.000000   6   5  81195   1
 221   50081196    0.000000   90.000000   6   5  81196   0
 222   50081197    0.000000   78.000000   6   5  81197   0
 223   51081197    0.000000   80.000000   6   5  81197   1
 224   50081198    0.000000   70.000000   6   5  81198   0
 225   51081198    0.000000   72.000000   6   5  81198   1
 226   50081199    0.000000   62.000000   6   5  81199   0
 227   50081200    0.000000   54.000000   6   5  81200   0
 228   50081201    0.000000   44.000000   6   5  81201   0
 229   50081202    0.000000   38.000000   6   5  81202   0
 230   50081203    0.000000   29.000000   6   5  81203   0
 231   50081204    0.000000   22.000000   6   5  81204   0
 232   50081205    0.000000   14.000000   6   5  81205   0
 233   50081206    0.000000   13.500000   6   5  81206   0
 234   50081207    0.000000    8.500000   6   5  81207   0
 235   51081207    0.000000   10.000000   6   5  81207   1
 236   50082190    0.000000  170.000000   6   5  82190   0
 237   50082191    0.000000  160.000000   6   5  82191   0
 238   51082191    0.000000  160.000000   6   5  82191   1
 239   50082192    0.000000  150.000000   6   5  82192   0
 240   50082193    0.000000  140.000000   6   5  82193   0
 241   51082193    0.000000  140.000000   6   5  82193   1
 242   50082194    0.000000  130.000000   6   5  82194   0
 243   50082195    0.000000  120.000000   6   5  82195   0
 244   51082195    0.000000  120.000000   6   5  82195   1
 245   50082196    0.000000  110.000000   6   5  82196   0
 246   50082197    0.000000   95.000000   6   5  82197   0
 247   51082197    0.000000   95.000000   6   5  82197   1
 248   50082198    0.000000   85.000000   6   5  82198   0
 249   50082199    0.000000   74.000000   6   5  82199   0
 250   51082199    0.000000   74.000000   6   5  82199   1
 251   50082200    0.000000   64.000000   6   5  82200   0
 252   50082201    0.000000   56.000000   6   5  82201   0
 253   51082201    0.000000   56.000000   6   5  82201   1
 254   50082202    0.000000   46.000000   6   5  82202   0
 255   51082202    0.000000   50.000000   6   5  82202   1
 256   50082203    0.000000   40.000000   6   5  82203   0
 257   51082203    0.000000   40.000000   6   5  82203   1
 258   50082204    0.000000   30.000000   6   5  82204   0
 259   51082204    0.000000   32.000000   6   5  82204   1
 260   50082205    0.000000   23.000000   6   5  82205   0
 261   50082206    0.000000   14.500000   6   5  82206   0
 262   50082207    0.000000    7.500000   6   5  82207   0
 263   51082207    0.000000    9.500000   6   5  82207   1
 264   50082208    0.000000    1.000000   6   5  82208   0
 
   p   ZAP IP   NR    Tp [MeV]
   1     1  1    2    7.367868
   2     0  2    1    1.000000
   3  1001  9    1    8.003118
   4  1002 31    1   13.000000
   5  1003 32    1   13.500000
   6  2003 33    1   17.000000
   7  2004 34    1    1.000000
--------------------------------------------------------------------------------
 
