 
--------------------------------------------------------------------------------
 83-Bi-209   T= 0.00 K from IAEA/PD-2019       (ACEMAKER)
 ZAID= 83209.38u  MAT=8325  ZA= 83209
 AWR= 207.185200  STA=  0  ELIS=   0.000 MeV  LIS=  0  LISO=  0
--------------------------------------------------------------------------------
 NTOTR= 149 NTRAN=   1 NPROD= 148 NE=      88 EMAX= 200.000 MeV
   i     MT/MTD     Q [MeV]     T [MeV] LMF  MT    ZAP LFS
   1          5    0.000000    1.000000   3   5
   2   50077183    0.000000  110.000000   6   5  77183   0
   3   50077184    0.000000  110.000000   6   5  77184   0
   4   50078184    0.000000  110.000000   6   5  78184   0
   5   50078185    0.000000  110.000000   6   5  78185   0
   6   52078185    0.000000  110.000000   6   5  78185   2
   7   50078186    0.000000  110.000000   6   5  78186   0
   8   50078187    0.000000  110.000000   6   5  78187   0
   9   50078188    0.000000  110.000000   6   5  78188   0
  10   50079185    0.000000  120.000000   6   5  79185   0
  11   56079185    0.000000  120.000000   6   5  79185   6
  12   50079186    0.000000  110.000000   6   5  79186   0
  13   50079187    0.000000  110.000000   6   5  79187   0
  14   52079187    0.000000  110.000000   6   5  79187   2
  15   50079188    0.000000  100.000000   6   5  79188   0
  16   50079189    0.000000  100.000000   6   5  79189   0
  17   53079189    0.000000  100.000000   6   5  79189   3
  18   50079190    0.000000  100.000000   6   5  79190   0
  19   50079191    0.000000   90.000000   6   5  79191   0
  20   50079192    0.000000   85.000000   6   5  79192   0
  21   50079193    0.000000   85.000000   6   5  79193   0
  22   54079193    0.000000   85.000000   6   5  79193   4
  23   50079194    0.000000   85.000000   6   5  79194   0
  24   50079195    0.000000   85.000000   6   5  79195   0
  25   54079195    0.000000   85.000000   6   5  79195   4
  26   50080186    0.000000  130.000000   6   5  80186   0
  27   50080187    0.000000  130.000000   6   5  80187   0
  28   51080187    0.000000  130.000000   6   5  80187   1
  29   50080188    0.000000  120.000000   6   5  80188   0
  30   50080189    0.000000  110.000000   6   5  80189   0
  31   52080189    0.000000  110.000000   6   5  80189   2
  32   50080190    0.000000  100.000000   6   5  80190   0
  33   50080191    0.000000   95.000000   6   5  80191   0
  34   53080191    0.000000   95.000000   6   5  80191   3
  35   50080192    0.000000   90.000000   6   5  80192   0
  36   50080193    0.000000   85.000000   6   5  80193   0
  37   53080193    0.000000   85.000000   6   5  80193   3
  38   50080194    0.000000   80.000000   6   5  80194   0
  39   50080195    0.000000   80.000000   6   5  80195   0
  40   53080195    0.000000   80.000000   6   5  80195   3
  41   50080196    0.000000   78.000000   6   5  80196   0
  42   50080197    0.000000   76.000000   6   5  80197   0
  43   54080197    0.000000   76.000000   6   5  80197   4
  44   50080198    0.000000   72.000000   6   5  80198   0
  45   50080199    0.000000   66.000000   6   5  80199   0
  46   57080199    0.000000   66.000000   6   5  80199   7
  47   50080200    0.000000   62.000000   6   5  80200   0
  48   50080201    0.000000   58.000000   6   5  80201   0
  49   50080202    0.000000   54.000000   6   5  80202   0
  50   50080203    0.000000   54.000000   6   5  80203   0
  51   50080204    0.000000   54.000000   6   5  80204   0
  52   50081187    0.000000  140.000000   6   5  81187   0
  53   52081187    0.000000  140.000000   6   5  81187   2
  54   50081188    0.000000  130.000000   6   5  81188   0
  55   51081188    0.000000  130.000000   6   5  81188   1
  56   50081189    0.000000  120.000000   6   5  81189   0
  57   51081189    0.000000  120.000000   6   5  81189   1
  58   50081190    0.000000  110.000000   6   5  81190   0
  59   50081191    0.000000  100.000000   6   5  81191   0
  60   52081191    0.000000  100.000000   6   5  81191   2
  61   50081192    0.000000  100.000000   6   5  81192   0
  62   51081192    0.000000  100.000000   6   5  81192   1
  63   50081193    0.000000   90.000000   6   5  81193   0
  64   52081193    0.000000   90.000000   6   5  81193   2
  65   50081194    0.000000   80.000000   6   5  81194   0
  66   55081194    0.000000   80.000000   6   5  81194   5
  67   50081195    0.000000   76.000000   6   5  81195   0
  68   52081195    0.000000   76.000000   6   5  81195   2
  69   50081196    0.000000   70.000000   6   5  81196   0
  70   56081196    0.000000   70.000000   6   5  81196   6
  71   50081197    0.000000   66.000000   6   5  81197   0
  72   50081198    0.000000   60.000000   6   5  81198   0
  73   57081198    0.000000   60.000000   6   5  81198   7
  74   50081199    0.000000   56.000000   6   5  81199   0
  75   50081200    0.000000   48.000000   6   5  81200   0
  76   50081201    0.000000   42.000000   6   5  81201   0
  77   50081202    0.000000   34.000000   6   5  81202   0
  78   50081203    0.000000   28.000000   6   5  81203   0
  79   50081204    0.000000   19.000000   6   5  81204   0
  80   50081205    0.000000    1.000000   6   5  81205   0
  81   50081206    0.000000   44.000000   6   5  81206   0
  82   55081206    0.000000   44.000000   6   5  81206   5
  83   50081207    0.000000   42.000000   6   5  81207   0
  84   52081207    0.000000   42.000000   6   5  81207   2
  85   50082188    0.000000  160.000000   6   5  82188   0
  86   50082189    0.000000  150.000000   6   5  82189   0
  87   51082189    0.000000  150.000000   6   5  82189   1
  88   50082190    0.000000  140.000000   6   5  82190   0
  89   50082191    0.000000  130.000000   6   5  82191   0
  90   51082191    0.000000  130.000000   6   5  82191   1
  91   50082192    0.000000  120.000000   6   5  82192   0
  92   50082193    0.000000  110.000000   6   5  82193   0
  93   51082193    0.000000  110.000000   6   5  82193   1
  94   50082194    0.000000  110.000000   6   5  82194   0
  95   50082195    0.000000  100.000000   6   5  82195   0
  96   52082195    0.000000  100.000000   6   5  82195   2
  97   50082196    0.000000   95.000000   6   5  82196   0
  98   50082197    0.000000   90.000000   6   5  82197   0
  99   52082197    0.000000   90.000000   6   5  82197   2
 100   50082198    0.000000   80.000000   6   5  82198   0
 101   50082199    0.000000   74.000000   6   5  82199   0
 102   51082199    0.000000   74.000000   6   5  82199   1
 103   50082200    0.000000   70.000000   6   5  82200   0
 104   50082201    0.000000   62.000000   6   5  82201   0
 105   54082201    0.000000   62.000000   6   5  82201   4
 106   50082202    0.000000   56.000000   6   5  82202   0
 107   64082202    0.000000   56.000000   6   5  82202  14
 108   50082203    0.000000   48.000000   6   5  82203   0
 109   56082203    0.000000   48.000000   6   5  82203   6
 110   50082204    0.000000   40.000000   6   5  82204   0
 111   71082204    0.000000   40.000000   6   5  82204  21
 112   50082205    0.000000   34.000000   6   5  82205   0
 113   50082206    0.000000   25.000000   6   5  82206   0
 114   50082207    0.000000   17.000000   6   5  82207   0
 115   50082208    0.000000   12.000000   6   5  82208   0
 116   50083189    0.000000  170.000000   6   5  83189   0
 117   50083190    0.000000  160.000000   6   5  83190   0
 118   51083190    0.000000  160.000000   6   5  83190   1
 119   50083191    0.000000  150.000000   6   5  83191   0
 120   50083192    0.000000  140.000000   6   5  83192   0
 121   51083192    0.000000  140.000000   6   5  83192   1
 122   50083193    0.000000  130.000000   6   5  83193   0
 123   51083193    0.000000  130.000000   6   5  83193   1
 124   50083194    0.000000  120.000000   6   5  83194   0
 125   52083194    0.000000  120.000000   6   5  83194   2
 126   53083194    0.000000  120.000000   6   5  83194   3
 127   50083195    0.000000  110.000000   6   5  83195   0
 128   51083195    0.000000  110.000000   6   5  83195   1
 129   50083196    0.000000  100.000000   6   5  83196   0
 130   53083196    0.000000  100.000000   6   5  83196   3
 131   50083197    0.000000   95.000000   6   5  83197   0
 132   51083197    0.000000   95.000000   6   5  83197   1
 133   50083198    0.000000   85.000000   6   5  83198   0
 134   53083198    0.000000   85.000000   6   5  83198   3
 135   54083198    0.000000   85.000000   6   5  83198   4
 136   50083199    0.000000   78.000000   6   5  83199   0
 137   51083199    0.000000   78.000000   6   5  83199   1
 138   50083200    0.000000   70.000000   6   5  83200   0
 139   51083200    0.000000   70.000000   6   5  83200   1
 140   50083201    0.000000   62.000000   6   5  83201   0
 141   51083201    0.000000   62.000000   6   5  83201   1
 142   50083202    0.000000   54.000000   6   5  83202   0
 143   50083203    0.000000   46.000000   6   5  83203   0
 144   50083204    0.000000   38.000000   6   5  83204   0
 145   50083205    0.000000   29.000000   6   5  83205   0
 146   50083206    0.000000   22.000000   6   5  83206   0
 147   50083207    0.000000   14.000000   6   5  83207   0
 148   50083208    0.000000    7.000000   6   5  83208   0
 149   50083209    0.000000    1.000000   6   5  83209   0
 
   p   ZAP IP   NR    Tp [MeV]
   1     1  1    1    7.000000
   2     0  2    1    1.000000
   3  1001  9    1    7.000000
   4  1002 31    1   13.000000
   5  1003 32    1   14.000000
   6  2003 33    1   20.000000
   7  2004 34    1    5.500000
--------------------------------------------------------------------------------
 
