 
--------------------------------------------------------------------------------
 88-Ra-226   T= 0.00 K from IAEA/PD-2019       (ACEMAKER)
 ZAID= 88226.38u  MAT=8834  ZA= 88226
 AWR= 224.083700  STA=  1  ELIS=   0.000 MeV  LIS=  0  LISO=  0
--------------------------------------------------------------------------------
 NTOTR= 224 NTRAN=   2 NPROD= 222 NE=     133 EMAX= 200.000 MeV
   i     MT/MTD     Q [MeV]     T [MeV] LMF  MT    ZAP LFS
   1          5    0.000000    1.000000   3   5
   2         18  181.222000    5.000000   3  18
   3   50074194    0.000000  170.000000   6   5  74194   0
   4   50075195    0.000000  160.000000   6   5  75195   0
   5   50075196    0.000000  160.000000   6   5  75196   0
   6   50075197    0.000000  160.000000   6   5  75197   0
   7   50075198    0.000000  160.000000   6   5  75198   0
   8   50076196    0.000000  130.000000   6   5  76196   0
   9   50076197    0.000000  130.000000   6   5  76197   0
  10   50076198    0.000000  120.000000   6   5  76198   0
  11   50076199    0.000000  120.000000   6   5  76199   0
  12   50076200    0.000000  120.000000   6   5  76200   0
  13   50076201    0.000000  120.000000   6   5  76201   0
  14   50076202    0.000000  120.000000   6   5  76202   0
  15   50077197    0.000000  130.000000   6   5  77197   0
  16   51077197    0.000000  130.000000   6   5  77197   1
  17   50077198    0.000000  120.000000   6   5  77198   0
  18   50077199    0.000000  120.000000   6   5  77199   0
  19   50077200    0.000000  120.000000   6   5  77200   0
  20   50077201    0.000000  110.000000   6   5  77201   0
  21   50077202    0.000000  110.000000   6   5  77202   0
  22   50077203    0.000000  110.000000   6   5  77203   0
  23   50077204    0.000000  110.000000   6   5  77204   0
  24   50078198    0.000000  120.000000   6   5  78198   0
  25   50078199    0.000000  110.000000   6   5  78199   0
  26   51078199    0.000000  110.000000   6   5  78199   1
  27   50078200    0.000000  100.000000   6   5  78200   0
  28   50078201    0.000000   90.000000   6   5  78201   0
  29   50078202    0.000000   85.000000   6   5  78202   0
  30   50078203    0.000000   85.000000   6   5  78203   0
  31   50078204    0.000000   85.000000   6   5  78204   0
  32   50078205    0.000000   85.000000   6   5  78205   0
  33   50078206    0.000000   85.000000   6   5  78206   0
  34   50079199    0.000000  120.000000   6   5  79199   0
  35   50079200    0.000000  110.000000   6   5  79200   0
  36   50079201    0.000000  100.000000   6   5  79201   0
  37   50079202    0.000000   90.000000   6   5  79202   0
  38   50079203    0.000000   85.000000   6   5  79203   0
  39   50079204    0.000000   85.000000   6   5  79204   0
  40   50079205    0.000000   78.000000   6   5  79205   0
  41   50079206    0.000000   76.000000   6   5  79206   0
  42   50079207    0.000000   74.000000   6   5  79207   0
  43   50079208    0.000000   74.000000   6   5  79208   0
  44   50079209    0.000000   74.000000   6   5  79209   0
  45   50079210    0.000000   85.000000   6   5  79210   0
  46   50080200    0.000000  110.000000   6   5  80200   0
  47   50080201    0.000000  100.000000   6   5  80201   0
  48   50080202    0.000000   90.000000   6   5  80202   0
  49   50080203    0.000000   80.000000   6   5  80203   0
  50   50080204    0.000000   72.000000   6   5  80204   0
  51   50080205    0.000000   66.000000   6   5  80205   0
  52   50080206    0.000000   60.000000   6   5  80206   0
  53   50080207    0.000000   54.000000   6   5  80207   0
  54   50080208    0.000000   50.000000   6   5  80208   0
  55   50080209    0.000000   46.000000   6   5  80209   0
  56   50080210    0.000000   46.000000   6   5  80210   0
  57   50080211    0.000000   48.000000   6   5  80211   0
  58   50080212    0.000000   66.000000   6   5  80212   0
  59   50080213    0.000000   85.000000   6   5  80213   0
  60   50080214    0.000000  110.000000   6   5  80214   0
  61   50080215    0.000000  150.000000   6   5  80215   0
  62   50080216    0.000000  160.000000   6   5  80216   0
  63   50081201    0.000000  110.000000   6   5  81201   0
  64   50081202    0.000000  100.000000   6   5  81202   0
  65   50081203    0.000000   90.000000   6   5  81203   0
  66   50081204    0.000000   80.000000   6   5  81204   0
  67   50081205    0.000000   72.000000   6   5  81205   0
  68   50081206    0.000000   64.000000   6   5  81206   0
  69   50081207    0.000000   60.000000   6   5  81207   0
  70   51081207    0.000000   60.000000   6   5  81207   1
  71   50081208    0.000000   50.000000   6   5  81208   0
  72   50081209    0.000000   50.000000   6   5  81209   0
  73   50081210    0.000000   46.000000   6   5  81210   0
  74   50081211    0.000000   46.000000   6   5  81211   0
  75   50081212    0.000000   46.000000   6   5  81212   0
  76   50081213    0.000000   46.000000   6   5  81213   0
  77   50081214    0.000000   52.000000   6   5  81214   0
  78   50081215    0.000000   66.000000   6   5  81215   0
  79   50081216    0.000000   90.000000   6   5  81216   0
  80   50081217    0.000000  110.000000   6   5  81217   0
  81   50081218    0.000000  160.000000   6   5  81218   0
  82   50082202    0.000000  110.000000   6   5  82202   0
  83   51082202    0.000000  110.000000   6   5  82202   1
  84   50082203    0.000000  100.000000   6   5  82203   0
  85   51082203    0.000000  100.000000   6   5  82203   1
  86   50082204    0.000000   90.000000   6   5  82204   0
  87   51082204    0.000000   90.000000   6   5  82204   1
  88   50082205    0.000000   64.000000   6   5  82205   0
  89   50082206    0.000000   62.000000   6   5  82206   0
  90   50082207    0.000000   52.000000   6   5  82207   0
  91   51082207    0.000000   52.000000   6   5  82207   1
  92   50082208    0.000000   50.000000   6   5  82208   0
  93   50082209    0.000000   36.000000   6   5  82209   0
  94   50082210    0.000000   42.000000   6   5  82210   0
  95   50082211    0.000000   36.000000   6   5  82211   0
  96   50082212    0.000000   29.000000   6   5  82212   0
  97   50082213    0.000000   24.000000   6   5  82213   0
  98   50082214    0.000000   15.500000   6   5  82214   0
  99   50082215    0.000000   30.000000   6   5  82215   0
 100   50082216    0.000000   44.000000   6   5  82216   0
 101   50082217    0.000000   54.000000   6   5  82217   0
 102   50082218    0.000000   72.000000   6   5  82218   0
 103   50082219    0.000000   95.000000   6   5  82219   0
 104   50082220    0.000000  180.000000   6   5  82220   0
 105   50083203    0.000000  110.000000   6   5  83203   0
 106   51083203    0.000000  110.000000   6   5  83203   1
 107   50083204    0.000000  100.000000   6   5  83204   0
 108   50083205    0.000000   90.000000   6   5  83205   0
 109   50083206    0.000000   78.000000   6   5  83206   0
 110   50083207    0.000000   70.000000   6   5  83207   0
 111   50083208    0.000000   60.000000   6   5  83208   0
 112   50083209    0.000000   50.000000   6   5  83209   0
 113   50083210    0.000000   46.000000   6   5  83210   0
 114   51083210    0.000000   46.000000   6   5  83210   1
 115   50083211    0.000000   42.000000   6   5  83211   0
 116   50083212    0.000000   36.000000   6   5  83212   0
 117   50083213    0.000000   30.000000   6   5  83213   0
 118   50083214    0.000000   26.000000   6   5  83214   0
 119   50083215    0.000000   21.000000   6   5  83215   0
 120   50083216    0.000000   23.000000   6   5  83216   0
 121   51083216    0.000000   23.000000   6   5  83216   1
 122   50083217    0.000000   18.500000   6   5  83217   0
 123   50083218    0.000000   38.000000   6   5  83218   0
 124   50083219    0.000000   48.000000   6   5  83219   0
 125   50083220    0.000000   60.000000   6   5  83220   0
 126   50083221    0.000000   95.000000   6   5  83221   0
 127   50084204    0.000000  120.000000   6   5  84204   0
 128   50084205    0.000000  110.000000   6   5  84205   0
 129   50084206    0.000000   90.000000   6   5  84206   0
 130   50084207    0.000000   80.000000   6   5  84207   0
 131   51084207    0.000000   80.000000   6   5  84207   1
 132   50084208    0.000000   64.000000   6   5  84208   0
 133   50084209    0.000000   62.000000   6   5  84209   0
 134   50084210    0.000000   52.000000   6   5  84210   0
 135   50084211    0.000000   48.000000   6   5  84211   0
 136   51084211    0.000000   48.000000   6   5  84211   1
 137   50084212    0.000000   36.000000   6   5  84212   0
 138   50084213    0.000000   34.000000   6   5  84213   0
 139   50084214    0.000000   29.000000   6   5  84214   0
 140   50084215    0.000000   22.000000   6   5  84215   0
 141   50084216    0.000000   15.500000   6   5  84216   0
 142   50084217    0.000000    9.500000   6   5  84217   0
 143   50084218    0.000000    5.500000   6   5  84218   0
 144   50084219    0.000000   21.000000   6   5  84219   0
 145   50084220    0.000000   24.000000   6   5  84220   0
 146   50084221    0.000000   40.000000   6   5  84221   0
 147   50084222    0.000000   56.000000   6   5  84222   0
 148   50085205    0.000000  120.000000   6   5  85205   0
 149   50085206    0.000000  110.000000   6   5  85206   0
 150   50085207    0.000000   95.000000   6   5  85207   0
 151   50085208    0.000000   90.000000   6   5  85208   0
 152   50085209    0.000000   78.000000   6   5  85209   0
 153   50085210    0.000000   68.000000   6   5  85210   0
 154   50085211    0.000000   60.000000   6   5  85211   0
 155   50085212    0.000000   54.000000   6   5  85212   0
 156   51085212    0.000000   54.000000   6   5  85212   1
 157   50085213    0.000000   46.000000   6   5  85213   0
 158   50085214    0.000000   42.000000   6   5  85214   0
 159   50085215    0.000000   36.000000   6   5  85215   0
 160   50085216    0.000000   30.000000   6   5  85216   0
 161   50085217    0.000000   24.000000   6   5  85217   0
 162   50085218    0.000000   20.000000   6   5  85218   0
 163   50085219    0.000000   13.500000   6   5  85219   0
 164   50085220    0.000000   14.000000   6   5  85220   0
 165   50085221    0.000000   10.500000   6   5  85221   0
 166   50085222    0.000000   27.000000   6   5  85222   0
 167   50085223    0.000000   30.000000   6   5  85223   0
 168   50086206    0.000000  130.000000   6   5  86206   0
 169   50086207    0.000000  120.000000   6   5  86207   0
 170   50086208    0.000000  110.000000   6   5  86208   0
 171   50086209    0.000000   90.000000   6   5  86209   0
 172   50086210    0.000000   80.000000   6   5  86210   0
 173   50086211    0.000000   70.000000   6   5  86211   0
 174   50086212    0.000000   62.000000   6   5  86212   0
 175   50086213    0.000000   54.000000   6   5  86213   0
 176   50086214    0.000000   48.000000   6   5  86214   0
 177   50086215    0.000000   42.000000   6   5  86215   0
 178   50086216    0.000000   34.000000   6   5  86216   0
 179   50086217    0.000000   29.000000   6   5  86217   0
 180   50086218    0.000000   22.000000   6   5  86218   0
 181   50086219    0.000000   15.500000   6   5  86219   0
 182   50086220    0.000000    9.500000   6   5  86220   0
 183   50086221    0.000000    5.500000   6   5  86221   0
 184   50086222    0.000000    1.000000   6   5  86222   0
 185   50086223    0.000000   15.000000   6   5  86223   0
 186   50086224    0.000000   16.000000   6   5  86224   0
 187   50087207    0.000000  140.000000   6   5  87207   0
 188   50087208    0.000000  130.000000   6   5  87208   0
 189   50087209    0.000000  120.000000   6   5  87209   0
 190   50087210    0.000000  110.000000   6   5  87210   0
 191   50087211    0.000000   95.000000   6   5  87211   0
 192   50087212    0.000000   85.000000   6   5  87212   0
 193   50087213    0.000000   76.000000   6   5  87213   0
 194   50087214    0.000000   68.000000   6   5  87214   0
 195   50087215    0.000000   62.000000   6   5  87215   0
 196   50087216    0.000000   56.000000   6   5  87216   0
 197   50087217    0.000000   48.000000   6   5  87217   0
 198   50087218    0.000000   42.000000   6   5  87218   0
 199   50087219    0.000000   34.000000   6   5  87219   0
 200   50087220    0.000000   29.000000   6   5  87220   0
 201   50087221    0.000000   22.000000   6   5  87221   0
 202   50087222    0.000000   17.000000   6   5  87222   0
 203   50087223    0.000000   11.000000   6   5  87223   0
 204   50087224    0.000000   12.000000   6   5  87224   0
 205   50087225    0.000000    8.000000   6   5  87225   0
 206   50088208    0.000000  140.000000   6   5  88208   0
 207   50088209    0.000000  130.000000   6   5  88209   0
 208   50088210    0.000000  120.000000   6   5  88210   0
 209   50088211    0.000000  110.000000   6   5  88211   0
 210   50088212    0.000000  100.000000   6   5  88212   0
 211   50088213    0.000000   90.000000   6   5  88213   0
 212   50088214    0.000000   80.000000   6   5  88214   0
 213   50088215    0.000000   74.000000   6   5  88215   0
 214   50088216    0.000000   64.000000   6   5  88216   0
 215   50088217    0.000000   58.000000   6   5  88217   0
 216   50088218    0.000000   50.000000   6   5  88218   0
 217   50088219    0.000000   44.000000   6   5  88219   0
 218   50088220    0.000000   38.000000   6   5  88220   0
 219   50088221    0.000000   32.000000   6   5  88221   0
 220   50088222    0.000000   24.000000   6   5  88222   0
 221   50088223    0.000000   18.500000   6   5  88223   0
 222   50088224    0.000000   11.500000   6   5  88224   0
 223   50088225    0.000000    6.500000   6   5  88225   0
 224   50088226    0.000000    1.000000   6   5  88226   0
 
   p   ZAP IP   NR    Tp [MeV]
   1     1  1    2    1.000000
   2     0  2    1    1.000000
   3  1001  9    1    8.000000
   4  1002 31    1   12.000000
   5  1003 32    1   10.500000
   6  2003 33    1   15.000000
   7  2004 34    1    1.000000
--------------------------------------------------------------------------------
 
