 
--------------------------------------------------------------------------------
  9-F - 19   T= 0.00 K from IAEA/PD-2019       (ACEMAKER)
 ZAID=  9019.38u  MAT= 925  ZA=  9019
 AWR=  18.835000  STA=  0  ELIS=   0.000 MeV  LIS=  0  LISO=  0
--------------------------------------------------------------------------------
 NTOTR=  20 NTRAN=   1 NPROD=  19 NE=     280 EMAX= 140.000 MeV
   i     MT/MTD     Q [MeV]     T [MeV] LMF  MT    ZAP LFS
   1          5    0.000000    4.012200   3   5
   2   50006011    0.000000   37.582000   6   5   6011   0
   3   50006012    0.000000   18.860000   6   5   6012   0
   4   50006013    0.000000   20.172000   6   5   6013   0
   5   50006014    0.000000   14.220000   6   5   6014   0
   6   50006015    0.000000   33.580000   6   5   6015   0
   7   50006016    0.000000   37.048000   6   5   6016   0
   8   50007012    0.000000   45.463000   6   5   7012   0
   9   50007013    0.000000   25.399000   6   5   7013   0
  10   50007014    0.000000   14.846000   6   5   7014   0
  11   50007015    0.000000    4.012200   6   5   7015   0
  12   50007016    0.000000   22.100000   6   5   7016   0
  13   50007017    0.000000   23.936000   6   5   7017   0
  14   50008016    0.000000   11.699000   6   5   8016   0
  15   50008017    0.000000   13.814000   6   5   8017   0
  16   50008018    0.000000    7.994100   6   5   8018   0
  17   50009015    0.000000   50.543000   6   5   9015   0
  18   50009016    0.000000   36.381000   6   5   9016   0
  19   50009017    0.000000   19.580000   6   5   9017   0
  20   50009018    0.000000   10.431000   6   5   9018   0
 
   p   ZAP IP   NR    Tp [MeV]
   1     1  1    1   10.431000
   2  1001  9    1    7.994100
   3  1002 31    1   13.814000
   4  1003 32    1   11.699000
   5  2003 33    1   22.100000
   6  2004 34    1    4.012200
--------------------------------------------------------------------------------
 
