 
--------------------------------------------------------------------------------
 90-Th-232   T= 0.00 K from IAEA/PD-2019       (ACEMAKER)
 ZAID= 90232.38u  MAT=9040  ZA= 90232
 AWR= 230.044700  STA=  0  ELIS=   0.000 MeV  LIS=  0  LISO=  0
--------------------------------------------------------------------------------
 NTOTR= 221 NTRAN=   2 NPROD= 219 NE=     133 EMAX= 200.000 MeV
   i     MT/MTD     Q [MeV]     T [MeV] LMF  MT    ZAP LFS
   1          5    0.000000    1.000000   3   5
   2         18  189.514000    3.000000   3  18
   3   50076200    0.000000  180.000000   6   5  76200   0
   4   50076201    0.000000  180.000000   6   5  76201   0
   5   50076202    0.000000  180.000000   6   5  76202   0
   6   50077201    0.000000  160.000000   6   5  77201   0
   7   50077202    0.000000  160.000000   6   5  77202   0
   8   50077203    0.000000  160.000000   6   5  77203   0
   9   50077204    0.000000  160.000000   6   5  77204   0
  10   50078202    0.000000  130.000000   6   5  78202   0
  11   50078203    0.000000  130.000000   6   5  78203   0
  12   50078204    0.000000  130.000000   6   5  78204   0
  13   50078205    0.000000  130.000000   6   5  78205   0
  14   50078206    0.000000  130.000000   6   5  78206   0
  15   50079203    0.000000  130.000000   6   5  79203   0
  16   50079204    0.000000  130.000000   6   5  79204   0
  17   50079205    0.000000  120.000000   6   5  79205   0
  18   50079206    0.000000  120.000000   6   5  79206   0
  19   50079207    0.000000  120.000000   6   5  79207   0
  20   50079208    0.000000  120.000000   6   5  79208   0
  21   50079209    0.000000  120.000000   6   5  79209   0
  22   50079210    0.000000  120.000000   6   5  79210   0
  23   50080204    0.000000  110.000000   6   5  80204   0
  24   50080205    0.000000  110.000000   6   5  80205   0
  25   50080206    0.000000  100.000000   6   5  80206   0
  26   50080207    0.000000   95.000000   6   5  80207   0
  27   50080208    0.000000   90.000000   6   5  80208   0
  28   50080209    0.000000   85.000000   6   5  80209   0
  29   50080210    0.000000   85.000000   6   5  80210   0
  30   50080211    0.000000   85.000000   6   5  80211   0
  31   50080212    0.000000   85.000000   6   5  80212   0
  32   50080213    0.000000   95.000000   6   5  80213   0
  33   50080214    0.000000  110.000000   6   5  80214   0
  34   50080215    0.000000  140.000000   6   5  80215   0
  35   50080216    0.000000  150.000000   6   5  80216   0
  36   50081205    0.000000  110.000000   6   5  81205   0
  37   50081206    0.000000  110.000000   6   5  81206   0
  38   50081207    0.000000  100.000000   6   5  81207   0
  39   51081207    0.000000  100.000000   6   5  81207   1
  40   50081208    0.000000   90.000000   6   5  81208   0
  41   50081209    0.000000   90.000000   6   5  81209   0
  42   50081210    0.000000   85.000000   6   5  81210   0
  43   50081211    0.000000   85.000000   6   5  81211   0
  44   50081212    0.000000   85.000000   6   5  81212   0
  45   50081213    0.000000   80.000000   6   5  81213   0
  46   50081214    0.000000   80.000000   6   5  81214   0
  47   50081215    0.000000   80.000000   6   5  81215   0
  48   50081216    0.000000   90.000000   6   5  81216   0
  49   50081217    0.000000  110.000000   6   5  81217   0
  50   50081218    0.000000  150.000000   6   5  81218   0
  51   50082206    0.000000  100.000000   6   5  82206   0
  52   50082207    0.000000   95.000000   6   5  82207   0
  53   51082207    0.000000   95.000000   6   5  82207   1
  54   50082208    0.000000   85.000000   6   5  82208   0
  55   50082209    0.000000   76.000000   6   5  82209   0
  56   50082210    0.000000   76.000000   6   5  82210   0
  57   50082211    0.000000   70.000000   6   5  82211   0
  58   50082212    0.000000   64.000000   6   5  82212   0
  59   50082213    0.000000   60.000000   6   5  82213   0
  60   50082214    0.000000   56.000000   6   5  82214   0
  61   50082215    0.000000   56.000000   6   5  82215   0
  62   50082216    0.000000   56.000000   6   5  82216   0
  63   50082217    0.000000   56.000000   6   5  82217   0
  64   50082218    0.000000   74.000000   6   5  82218   0
  65   50082219    0.000000   90.000000   6   5  82219   0
  66   50082220    0.000000  110.000000   6   5  82220   0
  67   50083207    0.000000  100.000000   6   5  83207   0
  68   50083208    0.000000   95.000000   6   5  83208   0
  69   50083209    0.000000   85.000000   6   5  83209   0
  70   50083210    0.000000   76.000000   6   5  83210   0
  71   51083210    0.000000   76.000000   6   5  83210   1
  72   50083211    0.000000   76.000000   6   5  83211   0
  73   50083212    0.000000   70.000000   6   5  83212   0
  74   50083213    0.000000   64.000000   6   5  83213   0
  75   50083214    0.000000   60.000000   6   5  83214   0
  76   50083215    0.000000   56.000000   6   5  83215   0
  77   50083216    0.000000   56.000000   6   5  83216   0
  78   51083216    0.000000   56.000000   6   5  83216   1
  79   50083217    0.000000   56.000000   6   5  83217   0
  80   50083218    0.000000   54.000000   6   5  83218   0
  81   50083219    0.000000   54.000000   6   5  83219   0
  82   50083220    0.000000   56.000000   6   5  83220   0
  83   50083221    0.000000   72.000000   6   5  83221   0
  84   50083222    0.000000   95.000000   6   5  83222   0
  85   50083223    0.000000  120.000000   6   5  83223   0
  86   50083224    0.000000  160.000000   6   5  83224   0
  87   50084208    0.000000  110.000000   6   5  84208   0
  88   50084209    0.000000   95.000000   6   5  84209   0
  89   50084210    0.000000   85.000000   6   5  84210   0
  90   50084211    0.000000   80.000000   6   5  84211   0
  91   51084211    0.000000   80.000000   6   5  84211   1
  92   50084212    0.000000   72.000000   6   5  84212   0
  93   50084213    0.000000   64.000000   6   5  84213   0
  94   50084214    0.000000   60.000000   6   5  84214   0
  95   50084215    0.000000   54.000000   6   5  84215   0
  96   50084216    0.000000   48.000000   6   5  84216   0
  97   50084217    0.000000   40.000000   6   5  84217   0
  98   50084218    0.000000   36.000000   6   5  84218   0
  99   50084219    0.000000   32.000000   6   5  84219   0
 100   50084220    0.000000   27.000000   6   5  84220   0
 101   50084221    0.000000   36.000000   6   5  84221   0
 102   50084222    0.000000   52.000000   6   5  84222   0
 103   50084223    0.000000   58.000000   6   5  84223   0
 104   50084224    0.000000   74.000000   6   5  84224   0
 105   50084225    0.000000  100.000000   6   5  84225   0
 106   50084226    0.000000  190.000000   6   5  84226   0
 107   50085209    0.000000  110.000000   6   5  85209   0
 108   50085210    0.000000   95.000000   6   5  85210   0
 109   50085211    0.000000   85.000000   6   5  85211   0
 110   50085212    0.000000   80.000000   6   5  85212   0
 111   51085212    0.000000   80.000000   6   5  85212   1
 112   50085213    0.000000   72.000000   6   5  85213   0
 113   50085214    0.000000   66.000000   6   5  85214   0
 114   50085215    0.000000   60.000000   6   5  85215   0
 115   50085216    0.000000   54.000000   6   5  85216   0
 116   50085217    0.000000   48.000000   6   5  85217   0
 117   50085218    0.000000   42.000000   6   5  85218   0
 118   50085219    0.000000   36.000000   6   5  85219   0
 119   50085220    0.000000   32.000000   6   5  85220   0
 120   50085221    0.000000   27.000000   6   5  85221   0
 121   50085222    0.000000   28.000000   6   5  85222   0
 122   50085223    0.000000   27.000000   6   5  85223   0
 123   50085224    0.000000   40.000000   6   5  85224   0
 124   50085225    0.000000   52.000000   6   5  85225   0
 125   50085226    0.000000   62.000000   6   5  85226   0
 126   50085227    0.000000  100.000000   6   5  85227   0
 127   50086210    0.000000  110.000000   6   5  86210   0
 128   50086211    0.000000  100.000000   6   5  86211   0
 129   50086212    0.000000   90.000000   6   5  86212   0
 130   50086213    0.000000   85.000000   6   5  86213   0
 131   50086214    0.000000   76.000000   6   5  86214   0
 132   50086215    0.000000   66.000000   6   5  86215   0
 133   50086216    0.000000   62.000000   6   5  86216   0
 134   50086217    0.000000   52.000000   6   5  86217   0
 135   50086218    0.000000   46.000000   6   5  86218   0
 136   50086219    0.000000   38.000000   6   5  86219   0
 137   50086220    0.000000   32.000000   6   5  86220   0
 138   50086221    0.000000   24.000000   6   5  86221   0
 139   50086222    0.000000   17.500000   6   5  86222   0
 140   50086223    0.000000   11.500000   6   5  86223   0
 141   50086224    0.000000    6.000000   6   5  86224   0
 142   50086225    0.000000   21.000000   6   5  86225   0
 143   50086226    0.000000   27.000000   6   5  86226   0
 144   50086227    0.000000   40.000000   6   5  86227   0
 145   50086228    0.000000   58.000000   6   5  86228   0
 146   50087211    0.000000  120.000000   6   5  87211   0
 147   50087212    0.000000  110.000000   6   5  87212   0
 148   50087213    0.000000   95.000000   6   5  87213   0
 149   50087214    0.000000   85.000000   6   5  87214   0
 150   50087215    0.000000   80.000000   6   5  87215   0
 151   50087216    0.000000   74.000000   6   5  87216   0
 152   50087217    0.000000   66.000000   6   5  87217   0
 153   50087218    0.000000   60.000000   6   5  87218   0
 154   50087219    0.000000   52.000000   6   5  87219   0
 155   50087220    0.000000   46.000000   6   5  87220   0
 156   50087221    0.000000   38.000000   6   5  87221   0
 157   50087222    0.000000   34.000000   6   5  87222   0
 158   50087223    0.000000   27.000000   6   5  87223   0
 159   50087224    0.000000   21.000000   6   5  87224   0
 160   50087225    0.000000   15.000000   6   5  87225   0
 161   50087226    0.000000   15.500000   6   5  87226   0
 162   50087227    0.000000   11.000000   6   5  87227   0
 163   50087228    0.000000   28.000000   6   5  87228   0
 164   50087229    0.000000   30.000000   6   5  87229   0
 165   50088212    0.000000  120.000000   6   5  88212   0
 166   50088213    0.000000  110.000000   6   5  88213   0
 167   50088214    0.000000  100.000000   6   5  88214   0
 168   50088215    0.000000   90.000000   6   5  88215   0
 169   50088216    0.000000   85.000000   6   5  88216   0
 170   50088217    0.000000   76.000000   6   5  88217   0
 171   50088218    0.000000   66.000000   6   5  88218   0
 172   50088219    0.000000   62.000000   6   5  88219   0
 173   50088220    0.000000   52.000000   6   5  88220   0
 174   50088221    0.000000   46.000000   6   5  88221   0
 175   50088222    0.000000   38.000000   6   5  88222   0
 176   50088223    0.000000   32.000000   6   5  88223   0
 177   50088224    0.000000   24.000000   6   5  88224   0
 178   50088225    0.000000   17.500000   6   5  88225   0
 179   50088226    0.000000   11.500000   6   5  88226   0
 180   50088227    0.000000    6.000000   6   5  88227   0
 181   50088228    0.000000    1.000000   6   5  88228   0
 182   50088229    0.000000   15.500000   6   5  88229   0
 183   50088230    0.000000   16.500000   6   5  88230   0
 184   50089213    0.000000  130.000000   6   5  89213   0
 185   50089214    0.000000  130.000000   6   5  89214   0
 186   50089215    0.000000  120.000000   6   5  89215   0
 187   50089216    0.000000  110.000000   6   5  89216   0
 188   50089217    0.000000   95.000000   6   5  89217   0
 189   50089218    0.000000   90.000000   6   5  89218   0
 190   50089219    0.000000   80.000000   6   5  89219   0
 191   50089220    0.000000   72.000000   6   5  89220   0
 192   50089221    0.000000   64.000000   6   5  89221   0
 193   50089222    0.000000   58.000000   6   5  89222   0
 194   50089223    0.000000   50.000000   6   5  89223   0
 195   50089224    0.000000   44.000000   6   5  89224   0
 196   50089225    0.000000   36.000000   6   5  89225   0
 197   50089226    0.000000   30.000000   6   5  89226   0
 198   50089227    0.000000   23.000000   6   5  89227   0
 199   50089228    0.000000   17.500000   6   5  89228   0
 200   50089229    0.000000   11.500000   6   5  89229   0
 201   50089230    0.000000   12.500000   6   5  89230   0
 202   50089231    0.000000    8.500000   6   5  89231   0
 203   50090214    0.000000  140.000000   6   5  90214   0
 204   50090215    0.000000  130.000000   6   5  90215   0
 205   50090216    0.000000  120.000000   6   5  90216   0
 206   50090217    0.000000  110.000000   6   5  90217   0
 207   50090218    0.000000  100.000000   6   5  90218   0
 208   50090219    0.000000   95.000000   6   5  90219   0
 209   50090220    0.000000   85.000000   6   5  90220   0
 210   50090221    0.000000   76.000000   6   5  90221   0
 211   50090222    0.000000   66.000000   6   5  90222   0
 212   50090223    0.000000   60.000000   6   5  90223   0
 213   50090224    0.000000   52.000000   6   5  90224   0
 214   50090225    0.000000   46.000000   6   5  90225   0
 215   50090226    0.000000   38.000000   6   5  90226   0
 216   50090227    0.000000   32.000000   6   5  90227   0
 217   50090228    0.000000   25.000000   6   5  90228   0
 218   50090229    0.000000   19.000000   6   5  90229   0
 219   50090230    0.000000   12.000000   6   5  90230   0
 220   50090231    0.000000    6.500000   6   5  90231   0
 221   50090232    0.000000    1.000000   6   5  90232   0
 
   p   ZAP IP   NR    Tp [MeV]
   1     1  1    2    1.000000
   2     0  2    1    1.000000
   3  1001  9    1    8.000000
   4  1002 31    1   12.500000
   5  1003 32    1   11.500000
   6  2003 33    1   15.500000
   7  2004 34    1    1.000000
--------------------------------------------------------------------------------
 
