 
--------------------------------------------------------------------------------
 94-Pu-238   T= 0.00 K from IAEA/PD-2019       (ACEMAKER)
 ZAID= 94238.38u  MAT=9434  ZA= 94238
 AWR= 236.004600  STA=  1  ELIS=   0.000 MeV  LIS=  0  LISO=  0
--------------------------------------------------------------------------------
 NTOTR= 246 NTRAN=   2 NPROD= 244 NE=     131 EMAX= 200.000 MeV
   i     MT/MTD     Q [MeV]     T [MeV] LMF  MT    ZAP LFS
   1          5    0.000000    1.000000   3   5
   2         18  197.806000    1.500000   3  18
   3   50079205    0.000000  180.000000   6   5  79205   0
   4   50079206    0.000000  180.000000   6   5  79206   0
   5   50079207    0.000000  180.000000   6   5  79207   0
   6   50079208    0.000000  180.000000   6   5  79208   0
   7   50079209    0.000000  180.000000   6   5  79209   0
   8   50080206    0.000000  150.000000   6   5  80206   0
   9   50080207    0.000000  150.000000   6   5  80207   0
  10   50080208    0.000000  150.000000   6   5  80208   0
  11   50080209    0.000000  150.000000   6   5  80209   0
  12   50080210    0.000000  150.000000   6   5  80210   0
  13   50080211    0.000000  170.000000   6   5  80211   0
  14   50080212    0.000000  170.000000   6   5  80212   0
  15   50081207    0.000000  140.000000   6   5  81207   0
  16   51081207    0.000000  140.000000   6   5  81207   1
  17   50081208    0.000000  140.000000   6   5  81208   0
  18   50081209    0.000000  140.000000   6   5  81209   0
  19   50081210    0.000000  140.000000   6   5  81210   0
  20   50081211    0.000000  140.000000   6   5  81211   0
  21   50081212    0.000000  140.000000   6   5  81212   0
  22   50081213    0.000000  140.000000   6   5  81213   0
  23   50081214    0.000000  170.000000   6   5  81214   0
  24   50081215    0.000000  170.000000   6   5  81215   0
  25   50082208    0.000000  120.000000   6   5  82208   0
  26   50082209    0.000000  110.000000   6   5  82209   0
  27   50082210    0.000000  110.000000   6   5  82210   0
  28   50082211    0.000000  110.000000   6   5  82211   0
  29   50082212    0.000000  110.000000   6   5  82212   0
  30   50082213    0.000000  110.000000   6   5  82213   0
  31   50082214    0.000000  110.000000   6   5  82214   0
  32   50082215    0.000000  130.000000   6   5  82215   0
  33   50082216    0.000000  130.000000   6   5  82216   0
  34   50082217    0.000000  170.000000   6   5  82217   0
  35   50082218    0.000000  170.000000   6   5  82218   0
  36   50083209    0.000000  120.000000   6   5  83209   0
  37   50083210    0.000000  110.000000   6   5  83210   0
  38   51083210    0.000000  110.000000   6   5  83210   1
  39   50083211    0.000000  110.000000   6   5  83211   0
  40   50083212    0.000000  110.000000   6   5  83212   0
  41   50083213    0.000000  110.000000   6   5  83213   0
  42   50083214    0.000000  110.000000   6   5  83214   0
  43   50083215    0.000000  110.000000   6   5  83215   0
  44   50083216    0.000000  110.000000   6   5  83216   0
  45   51083216    0.000000  110.000000   6   5  83216   1
  46   50083217    0.000000  110.000000   6   5  83217   0
  47   50083218    0.000000  130.000000   6   5  83218   0
  48   50083219    0.000000  130.000000   6   5  83219   0
  49   50083220    0.000000  170.000000   6   5  83220   0
  50   50083221    0.000000  180.000000   6   5  83221   0
  51   50084210    0.000000  110.000000   6   5  84210   0
  52   50084211    0.000000  110.000000   6   5  84211   0
  53   51084211    0.000000  110.000000   6   5  84211   1
  54   50084212    0.000000  100.000000   6   5  84212   0
  55   50084213    0.000000   90.000000   6   5  84213   0
  56   50084214    0.000000   90.000000   6   5  84214   0
  57   50084215    0.000000   85.000000   6   5  84215   0
  58   50084216    0.000000   80.000000   6   5  84216   0
  59   50084217    0.000000   80.000000   6   5  84217   0
  60   50084218    0.000000   80.000000   6   5  84218   0
  61   50084219    0.000000   85.000000   6   5  84219   0
  62   50084220    0.000000  100.000000   6   5  84220   0
  63   50084221    0.000000  120.000000   6   5  84221   0
  64   50084222    0.000000  130.000000   6   5  84222   0
  65   50084223    0.000000  180.000000   6   5  84223   0
  66   50084224    0.000000  180.000000   6   5  84224   0
  67   50085211    0.000000  110.000000   6   5  85211   0
  68   50085212    0.000000  110.000000   6   5  85212   0
  69   51085212    0.000000  110.000000   6   5  85212   1
  70   50085213    0.000000  100.000000   6   5  85213   0
  71   50085214    0.000000   90.000000   6   5  85214   0
  72   50085215    0.000000   90.000000   6   5  85215   0
  73   50085216    0.000000   85.000000   6   5  85216   0
  74   50085217    0.000000   80.000000   6   5  85217   0
  75   50085218    0.000000   78.000000   6   5  85218   0
  76   50085219    0.000000   76.000000   6   5  85219   0
  77   50085220    0.000000   76.000000   6   5  85220   0
  78   50085221    0.000000   76.000000   6   5  85221   0
  79   50085222    0.000000   85.000000   6   5  85222   0
  80   50085223    0.000000  100.000000   6   5  85223   0
  81   50085224    0.000000  130.000000   6   5  85224   0
  82   50085225    0.000000  140.000000   6   5  85225   0
  83   50085226    0.000000  180.000000   6   5  85226   0
  84   50086212    0.000000  110.000000   6   5  86212   0
  85   50086213    0.000000  110.000000   6   5  86213   0
  86   50086214    0.000000   95.000000   6   5  86214   0
  87   50086215    0.000000   90.000000   6   5  86215   0
  88   50086216    0.000000   80.000000   6   5  86216   0
  89   50086217    0.000000   72.000000   6   5  86217   0
  90   50086218    0.000000   66.000000   6   5  86218   0
  91   50086219    0.000000   60.000000   6   5  86219   0
  92   50086220    0.000000   56.000000   6   5  86220   0
  93   50086221    0.000000   52.000000   6   5  86221   0
  94   50086222    0.000000   52.000000   6   5  86222   0
  95   50086223    0.000000   52.000000   6   5  86223   0
  96   50086224    0.000000   68.000000   6   5  86224   0
  97   50086225    0.000000   80.000000   6   5  86225   0
  98   50086226    0.000000  100.000000   6   5  86226   0
  99   50086227    0.000000  130.000000   6   5  86227   0
 100   50086228    0.000000  140.000000   6   5  86228   0
 101   50087213    0.000000  110.000000   6   5  87213   0
 102   50087214    0.000000  110.000000   6   5  87214   0
 103   50087215    0.000000   95.000000   6   5  87215   0
 104   50087216    0.000000   90.000000   6   5  87216   0
 105   50087217    0.000000   80.000000   6   5  87217   0
 106   50087218    0.000000   72.000000   6   5  87218   0
 107   50087219    0.000000   66.000000   6   5  87219   0
 108   50087220    0.000000   60.000000   6   5  87220   0
 109   50087221    0.000000   56.000000   6   5  87221   0
 110   50087222    0.000000   40.000000   6   5  87222   0
 111   50087223    0.000000   52.000000   6   5  87223   0
 112   50087224    0.000000   50.000000   6   5  87224   0
 113   50087225    0.000000   50.000000   6   5  87225   0
 114   50087226    0.000000   52.000000   6   5  87226   0
 115   50087227    0.000000   68.000000   6   5  87227   0
 116   50087228    0.000000   85.000000   6   5  87228   0
 117   50087229    0.000000  110.000000   6   5  87229   0
 118   50087230    0.000000  140.000000   6   5  87230   0
 119   50088214    0.000000  120.000000   6   5  88214   0
 120   50088215    0.000000  110.000000   6   5  88215   0
 121   50088216    0.000000  100.000000   6   5  88216   0
 122   50088217    0.000000   90.000000   6   5  88217   0
 123   50088218    0.000000   85.000000   6   5  88218   0
 124   50088219    0.000000   72.000000   6   5  88219   0
 125   50088220    0.000000   62.000000   6   5  88220   0
 126   50088221    0.000000   56.000000   6   5  88221   0
 127   50088222    0.000000   50.000000   6   5  88222   0
 128   50088223    0.000000   42.000000   6   5  88223   0
 129   50088224    0.000000   34.000000   6   5  88224   0
 130   50088225    0.000000   28.000000   6   5  88225   0
 131   50088226    0.000000   23.000000   6   5  88226   0
 132   50088227    0.000000   32.000000   6   5  88227   0
 133   50088228    0.000000   46.000000   6   5  88228   0
 134   50088229    0.000000   52.000000   6   5  88229   0
 135   50088230    0.000000   68.000000   6   5  88230   0
 136   50088231    0.000000   90.000000   6   5  88231   0
 137   50088232    0.000000  150.000000   6   5  88232   0
 138   50089215    0.000000  120.000000   6   5  89215   0
 139   50089216    0.000000  110.000000   6   5  89216   0
 140   50089217    0.000000  100.000000   6   5  89217   0
 141   50089218    0.000000   90.000000   6   5  89218   0
 142   50089219    0.000000   85.000000   6   5  89219   0
 143   50089220    0.000000   74.000000   6   5  89220   0
 144   50089221    0.000000   64.000000   6   5  89221   0
 145   50089222    0.000000   58.000000   6   5  89222   0
 146   50089223    0.000000   50.000000   6   5  89223   0
 147   50089224    0.000000   44.000000   6   5  89224   0
 148   50089225    0.000000   36.000000   6   5  89225   0
 149   50089226    0.000000   30.000000   6   5  89226   0
 150   50089227    0.000000   24.000000   6   5  89227   0
 151   50089228    0.000000   24.000000   6   5  89228   0
 152   50089229    0.000000   22.000000   6   5  89229   0
 153   50089230    0.000000   36.000000   6   5  89230   0
 154   50089231    0.000000   48.000000   6   5  89231   0
 155   50089232    0.000000   54.000000   6   5  89232   0
 156   50089233    0.000000   90.000000   6   5  89233   0
 157   50090216    0.000000  130.000000   6   5  90216   0
 158   50090217    0.000000  120.000000   6   5  90217   0
 159   50090218    0.000000  110.000000   6   5  90218   0
 160   50090219    0.000000  100.000000   6   5  90219   0
 161   50090220    0.000000   90.000000   6   5  90220   0
 162   50090221    0.000000   80.000000   6   5  90221   0
 163   50090222    0.000000   70.000000   6   5  90222   0
 164   50090223    0.000000   60.000000   6   5  90223   0
 165   50090224    0.000000   52.000000   6   5  90224   0
 166   50090225    0.000000   44.000000   6   5  90225   0
 167   50090226    0.000000   36.000000   6   5  90226   0
 168   50090227    0.000000   25.000000   6   5  90227   0
 169   50090228    0.000000   19.500000   6   5  90228   0
 170   50090229    0.000000   11.000000   6   5  90229   0
 171   50090230    0.000000    5.000000   6   5  90230   0
 172   50090231    0.000000   19.500000   6   5  90231   0
 173   50090232    0.000000   22.000000   6   5  90232   0
 174   50090233    0.000000   36.000000   6   5  90233   0
 175   50090234    0.000000   52.000000   6   5  90234   0
 176   50091217    0.000000  130.000000   6   5  91217   0
 177   50091218    0.000000  120.000000   6   5  91218   0
 178   50091219    0.000000  110.000000   6   5  91219   0
 179   50091220    0.000000  100.000000   6   5  91220   0
 180   50091221    0.000000   90.000000   6   5  91221   0
 181   50091222    0.000000   85.000000   6   5  91222   0
 182   50091223    0.000000   74.000000   6   5  91223   0
 183   50091224    0.000000   66.000000   6   5  91224   0
 184   50091225    0.000000   58.000000   6   5  91225   0
 185   50091226    0.000000   50.000000   6   5  91226   0
 186   50091227    0.000000   42.000000   6   5  91227   0
 187   50091228    0.000000   36.000000   6   5  91228   0
 188   50091229    0.000000   28.000000   6   5  91229   0
 189   50091230    0.000000   22.000000   6   5  91230   0
 190   50091231    0.000000   15.000000   6   5  91231   0
 191   50091232    0.000000   13.500000   6   5  91232   0
 192   50091233    0.000000    8.500000   6   5  91233   0
 193   50091234    0.000000   24.000000   6   5  91234   0
 194   50091235    0.000000   26.000000   6   5  91235   0
 195   50092218    0.000000  140.000000   6   5  92218   0
 196   50092219    0.000000  130.000000   6   5  92219   0
 197   50092220    0.000000  120.000000   6   5  92220   0
 198   50092221    0.000000  110.000000   6   5  92221   0
 199   50092222    0.000000  100.000000   6   5  92222   0
 200   50092223    0.000000   90.000000   6   5  92223   0
 201   50092224    0.000000   80.000000   6   5  92224   0
 202   50092225    0.000000   70.000000   6   5  92225   0
 203   50092226    0.000000   60.000000   6   5  92226   0
 204   50092227    0.000000   52.000000   6   5  92227   0
 205   50092228    0.000000   44.000000   6   5  92228   0
 206   50092229    0.000000   36.000000   6   5  92229   0
 207   50092230    0.000000   25.000000   6   5  92230   0
 208   50092231    0.000000   19.500000   6   5  92231   0
 209   50092232    0.000000   11.000000   6   5  92232   0
 210   50092233    0.000000    5.000000   6   5  92233   0
 211   50092234    0.000000    1.000000   6   5  92234   0
 212   50092235    0.000000   13.000000   6   5  92235   0
 213   51092235    0.000000   13.000000   6   5  92235   1
 214   50092236    0.000000   13.500000   6   5  92236   0
 215   50093219    0.000000  150.000000   6   5  93219   0
 216   50093220    0.000000  140.000000   6   5  93220   0
 217   50093221    0.000000  130.000000   6   5  93221   0
 218   50093222    0.000000  120.000000   6   5  93222   0
 219   50093223    0.000000  110.000000   6   5  93223   0
 220   50093224    0.000000  100.000000   6   5  93224   0
 221   50093225    0.000000   90.000000   6   5  93225   0
 222   50093226    0.000000   85.000000   6   5  93226   0
 223   50093227    0.000000   72.000000   6   5  93227   0
 224   50093228    0.000000   64.000000   6   5  93228   0
 225   50093229    0.000000   56.000000   6   5  93229   0
 226   50093230    0.000000   48.000000   6   5  93230   0
 227   50093231    0.000000   40.000000   6   5  93231   0
 228   50093232    0.000000   34.000000   6   5  93232   0
 229   50093233    0.000000   25.000000   6   5  93233   0
 230   50093234    0.000000   18.000000   6   5  93234   0
 231   50093235    0.000000   11.000000   6   5  93235   0
 232   50093236    0.000000   11.500000   6   5  93236   0
 233   51093236    0.000000   11.500000   6   5  93236   1
 234   50093237    0.000000    6.500000   6   5  93237   0
 235   50094228    0.000000   76.000000   6   5  94228   0
 236   50094229    0.000000   68.000000   6   5  94229   0
 237   50094230    0.000000   60.000000   6   5  94230   0
 238   50094231    0.000000   52.000000   6   5  94231   0
 239   50094232    0.000000   42.000000   6   5  94232   0
 240   50094233    0.000000   36.000000   6   5  94233   0
 241   50094234    0.000000   28.000000   6   5  94234   0
 242   50094235    0.000000   21.000000   6   5  94235   0
 243   50094236    0.000000   13.000000   6   5  94236   0
 244   50094237    0.000000    7.000000   6   5  94237   0
 245   51094237    0.000000    7.500000   6   5  94237   1
 246   50094238    0.000000    1.000000   6   5  94238   0
 
   p   ZAP IP   NR    Tp [MeV]
   1     1  1    2    1.000000
   2     0  2    1    1.000000
   3  1001  9    1    6.500000
   4  1002 31    1   11.000000
   5  1003 32    1   11.000000
   6  2003 33    1   13.000000
   7  2004 34    1    1.000000
--------------------------------------------------------------------------------
 
